1 0 0 67563.1 8.38174e+20 5.55709e-05 -0.251111 -10.1754 32191.3 3.99359e+20 5.55508e-05 0.158142 -9.28603 272.666 3.15536 274.366 1.51278 99754.4 1.23753e+21 0.000111122 -0.0465215 -9.73079 273.216 4.66817 
2 2e-05 0 67921.7 8.42623e+20 5.58659e-05 -0.631788 -11.9396 32080.5 3.97984e+20 5.53596e-05 -0.320898 -10.5838 273.709 3.18423 272.79 1.49891 100002 1.24061e+21 0.000111225 -0.47705 -11.2648 273.415 4.68317 
3 4e-05 0 67675.1 8.39563e+20 5.5663e-05 -0.915981 -11.9456 32225.3 3.9978e+20 5.56094e-05 0.102587 -10.5666 273.352 3.16854 272.999 1.50683 99900.3 1.23934e+21 0.000111272 -0.406942 -11.2564 273.24 4.6754 
4 6e-05 0 67388.1 8.36003e+20 5.5427e-05 -0.921107 -11.4636 32326.9 4.01041e+20 5.57848e-05 0.458228 -10.168 273.668 3.15875 273.616 1.515 99715 1.23704e+21 0.000111212 -0.22922 -10.8137 273.654 4.67379 
5 8e-05 0 67611 8.38767e+20 5.56103e-05 -0.248347 -12.2675 32156.4 3.98926e+20 5.54906e-05 -0.0070196 -11.6354 273.419 3.16632 272.86 1.50285 99767.4 1.23769e+21 0.000111101 -0.127813 -11.9518 273.24 4.66917 
6 0.0001 0 67718.5 8.40102e+20 5.56988e-05 0.25649 -11.8388 32286.3 4.00537e+20 5.57147e-05 0.662338 -12.579 273.199 3.16879 273.907 1.51471 100005 1.24064e+21 0.000111413 0.459443 -12.209 273.428 4.68351 
7 0.00012 0 67701.2 8.39887e+20 5.56845e-05 0.57161 -12.8682 32374 4.01625e+20 5.58661e-05 0.944317 -11.6545 273.341 3.16964 275.133 1.52562 100075 1.24151e+21 0.000111551 0.758267 -12.2604 273.922 4.69527 
8 0.00014 0 67771.9 8.40765e+20 5.57427e-05 0.862376 -13.3901 32340.4 4.01208e+20 5.58081e-05 -0.0727642 -11.1231 274.04 3.18105 273.702 1.51611 100112 1.24197e+21 0.000111551 0.394532 -12.256 273.934 4.69723 
9 0.00016 0 67745.2 8.40432e+20 5.57207e-05 0.714547 -14.8343 32302.9 4.00744e+20 5.57434e-05 0.0722355 -10.5695 274.21 3.18177 274.055 1.51631 100048 1.24118e+21 0.000111464 0.393326 -12.7015 274.171 4.69827 
10 0.00018 0 67795.8 8.41061e+20 5.57624e-05 0.0476598 -15.189 32580.5 4.04187e+20 5.62224e-05 0.472806 -13.0106 274.393 3.18628 273.885 1.52839 100376 1.24525e+21 0.000111985 0.261106 -14.0953 274.232 4.71473 
11 0.0002 0 67746.7 8.40452e+20 5.5722e-05 -0.0776927 -14.2017 32344.7 4.01262e+20 5.58155e-05 0.900048 -13.4945 273.754 3.17655 274.694 1.52181 100091 1.24171e+21 0.000111537 0.411588 -13.8478 274.058 4.69838 
12 0.00022 0 67709 8.39984e+20 5.5691e-05 -0.170242 -14.1362 32478.4 4.0292e+20 5.60462e-05 0.140302 -13.0063 274.255 3.1806 275.258 1.53123 100187 1.2429e+21 0.000111737 -0.0144762 -13.5695 274.581 4.71185 
13 0.00024 0 67621.4 8.38896e+20 5.56188e-05 -0.399512 -14.8111 32148.8 3.98831e+20 5.54774e-05 0.0607909 -13.7113 273.528 3.16806 274.313 1.51049 99770.1 1.23773e+21 0.000111096 -0.169653 -14.2619 273.782 4.67857 
14 0.00026 0 67460.9 8.36906e+20 5.54869e-05 -0.141074 -16.0552 32160.1 3.98972e+20 5.5497e-05 0.0422453 -14.3186 273.297 3.15787 272.589 1.50153 99621 1.23588e+21 0.000110984 -0.0494059 -15.1868 273.071 4.65944 
15 0.00028 0 67589.8 8.38505e+20 5.55929e-05 0.0696183 -15.8867 32119.4 3.98467e+20 5.54268e-05 -0.383173 -14.7591 274.309 3.17563 274.02 1.5075 99709.2 1.23697e+21 0.00011102 -0.156439 -15.3237 274.217 4.68315 
16 0.0003 0 67967.6 8.43192e+20 5.59037e-05 0.193187 -18.0624 32234.8 3.99898e+20 5.56259e-05 -0.779272 -14.7594 272.558 3.17299 274.296 1.51444 100202 1.24309e+21 0.00011153 -0.291831 -16.415 273.124 4.68754 
17 0.00032 0 67886.8 8.4219e+20 5.58372e-05 0.454401 -17.1727 32037.7 3.97453e+20 5.52857e-05 -0.296859 -16.7958 273.487 3.18003 272.861 1.4973 99924.5 1.23964e+21 0.000111123 0.0806355 -16.9852 273.287 4.67734 
18 0.00034 0 67555.1 8.38075e+20 5.55643e-05 0.460265 -17.8743 32447.1 4.02533e+20 5.59923e-05 -0.351609 -15.2869 274.4 3.17505 273.393 1.5194 100002 1.24061e+21 0.000111557 0.0527711 -16.5756 274.078 4.69452 
19 0.00036 0 67969.7 8.43218e+20 5.59053e-05 0.328363 -17.8172 32286.5 4.00539e+20 5.5715e-05 -0.727519 -16.0053 273.202 3.18059 274.526 1.51814 100256 1.24376e+21 0.00011162 -0.198678 -16.9128 273.631 4.69877 
20 0.00038 0 67559.9 8.38134e+20 5.55683e-05 0.0924434 -19.3531 32476.1 4.02891e+20 5.60422e-05 -0.246764 -16.846 274.106 3.17187 274.742 1.52826 100036 1.24103e+21 0.00011161 -0.0778805 -18.0942 274.316 4.70019 
21 0.0004 0 67677.6 8.39594e+20 5.56651e-05 -0.235737 -18.5312 32276.4 4.00414e+20 5.56976e-05 -0.112168 -15.8672 273.515 3.17054 274.844 1.51943 99954 1.24001e+21 0.000111363 -0.173934 -17.1988 273.948 4.69003 
22 0.00042 0 67751.2 8.40508e+20 5.57257e-05 -0.257812 -19.0465 32519.8 4.03434e+20 5.61176e-05 0.148807 -17.0256 273.229 3.17068 274.338 1.52806 100271 1.24394e+21 0.000111843 -0.0537897 -18.0325 273.591 4.69878 
23 0.00044 0 67857.3 8.41824e+20 5.58129e-05 -0.472196 -18.8724 32413 4.02109e+20 5.59333e-05 0.735099 -17.7452 274.005 3.18466 275.481 1.52939 100270 1.24393e+21 0.000111746 0.132102 -18.3082 274.483 4.71407 
24 0.00046 0 67877.7 8.42077e+20 5.58297e-05 -1.40689 -19.5915 32283.9 4.00508e+20 5.57106e-05 -0.0339186 -19.3873 274.388 3.19007 274.569 1.51826 100162 1.24258e+21 0.00011154 -0.721139 -19.4895 274.448 4.70835 
25 0.00048 0 67991.5 8.43488e+20 5.59233e-05 -0.595686 -19.8321 32362.6 4.01484e+20 5.58464e-05 0.0381015 -17.9588 273.941 3.19021 274.438 1.52123 100354 1.24497e+21 0.00011177 -0.27901 -18.8961 274.104 4.71149 
26 0.0005 0 67655.9 8.39325e+20 5.56472e-05 -0.463142 -19.3071 32116.8 3.98434e+20 5.54222e-05 -0.513543 -20.3507 274.381 3.17956 275.179 1.51375 99772.6 1.23776e+21 0.000111069 -0.488292 -19.8278 274.639 4.69333 
27 0.00052 0 67797.9 8.41086e+20 5.5764e-05 -0.429642 -19.324 32352.1 4.01354e+20 5.58283e-05 -0.318938 -20.0026 275.267 3.19653 273.177 1.51375 100150 1.24244e+21 0.000111592 -0.374258 -19.6635 274.592 4.71028 
28 0.00054 0 67726.2 8.40197e+20 5.57051e-05 0.0514862 -20.5182 32245.7 4.00034e+20 5.56447e-05 0.222132 -20.7005 273.981 3.17823 273.03 1.50796 99971.9 1.24023e+21 0.00011135 0.136763 -20.6093 273.675 4.6862 
29 0.00056 0 67754.5 8.40548e+20 5.57283e-05 0.198767 -21.0118 32372 4.016e+20 5.58626e-05 0.0988524 -20.7032 273.329 3.17199 273.348 1.51563 100126 1.24215e+21 0.000111591 0.14875 -20.8573 273.336 4.68763 
30 0.00058 0 67379.7 8.35898e+20 5.542e-05 -0.248753 -21.2855 32173.5 3.99137e+20 5.552e-05 0.408578 -20.2598 274.262 3.16521 275.238 1.51675 99553.1 1.23504e+21 0.00011094 0.0802085 -20.7722 274.578 4.68197 
31 0.0006 0 67548.5 8.37992e+20 5.55589e-05 0.186722 -21.9434 32157.2 3.98936e+20 5.54919e-05 1.0542 -21.2536 273.861 3.1685 274.884 1.51404 99705.7 1.23693e+21 0.000111051 0.620199 -21.5987 274.192 4.68255 
32 0.00062 0 67480.4 8.37148e+20 5.55029e-05 0.525898 -20.9626 32509.3 4.03303e+20 5.60995e-05 1.57121 -20.5584 273.974 3.16661 272.135 1.5153 99989.7 1.24045e+21 0.000111602 1.05135 -20.7594 273.377 4.68193 
33 0.00064 0 67595.2 8.38573e+20 5.55974e-05 0.460884 -23.8804 32374 4.01625e+20 5.5866e-05 0.684184 -19.8443 273.753 3.16944 272.306 1.50994 99969.2 1.2402e+21 0.000111463 0.572803 -21.8575 273.293 4.67954 
34 0.00066 0 67498.1 8.37368e+20 5.55175e-05 -0.370008 -24.1735 32221.1 3.99729e+20 5.56023e-05 -0.339466 -22.294 274.076 3.16862 274.625 1.51561 99719.2 1.2371e+21 0.00011112 -0.354725 -23.233 274.255 4.68427 
35 0.00068 0 67487.5 8.37237e+20 5.55088e-05 -0.230286 -24.9956 32336.9 4.01165e+20 5.58021e-05 -0.133145 -22.6135 274.737 3.17577 273.737 1.51614 99824.5 1.2384e+21 0.000111311 -0.181588 -23.8014 274.417 4.69198 
36 0.0007 0 67848.3 8.41711e+20 5.58055e-05 -0.219307 -23.4758 32464.1 4.02743e+20 5.60216e-05 -0.152408 -23.0413 273.933 3.1834 273.249 1.51939 100312 1.24445e+21 0.000111827 -0.185793 -23.2582 273.712 4.7028 
37 0.00072 0 67810.6 8.41244e+20 5.57745e-05 -0.414626 -24.6732 32369.4 4.01569e+20 5.58582e-05 -0.00819686 -23.9134 274.379 3.18681 273.67 1.5173 100180 1.24281e+21 0.000111633 -0.211259 -24.293 274.15 4.70411 
38 0.00074 0 67583.4 8.38425e+20 5.55876e-05 0.436434 -24.9933 32111.5 3.98369e+20 5.54131e-05 -1.01935 -24.1338 273.992 3.17165 275.259 1.51394 99694.9 1.23679e+21 0.000111001 -0.290314 -24.5643 274.403 4.68565 
39 0.00076 0 67693.5 8.39792e+20 5.56782e-05 0.74366 -25.3642 32451.5 4.02587e+20 5.59998e-05 -0.617756 -23.8869 274.155 3.17871 273.544 1.52044 100145 1.24238e+21 0.000111678 0.0609917 -24.6235 273.96 4.69921 
40 0.00078 0 67747 8.40455e+20 5.57222e-05 0.820516 -25.67 32060.7 3.97738e+20 5.53254e-05 0.56502 -26.833 273.926 3.17856 274.788 1.50896 99807.7 1.23819e+21 0.000111048 0.693225 -26.2494 274.204 4.68754 
41 0.0008 0 67629.5 8.38997e+20 5.56255e-05 1.00902 -25.8235 32333.7 4.01125e+20 5.57965e-05 0.20306 -25.4556 273.854 3.17221 273.399 1.51412 99963.2 1.24012e+21 0.000111422 0.60542 -25.6392 273.707 4.68634 
42 0.00082 0 67766.3 8.40695e+20 5.57381e-05 0.530535 -28.0573 32346 4.01278e+20 5.58178e-05 0.218396 -25.4941 274.227 3.18296 274.589 1.52129 100112 1.24197e+21 0.000111556 0.374354 -26.7748 274.348 4.70432 
43 0.00084 0 67569.8 8.38257e+20 5.55764e-05 0.731896 -26.9282 32318.3 4.00934e+20 5.577e-05 0.104242 -26.9314 275.181 3.18478 274.859 1.52148 99888.1 1.23919e+21 0.000111346 0.417523 -26.9298 275.077 4.70627 
44 0.00086 0 67832.3 8.41513e+20 5.57923e-05 0.0198289 -28.2172 32328 4.01055e+20 5.57867e-05 0.239112 -28.2333 274.717 3.19175 275.837 1.52735 100160 1.24257e+21 0.000111579 0.129465 -28.2253 275.08 4.71913 
45 0.00088 0 67804 8.41163e+20 5.57691e-05 -0.469124 -28.5782 32166 3.99045e+20 5.55072e-05 -0.328722 -29.4901 274.532 3.18828 275.085 1.51556 99970.1 1.24021e+21 0.000111276 -0.399088 -29.0331 274.712 4.70388 
46 0.0009 0 67632.8 8.39039e+20 5.56283e-05 -0.511834 -28.4495 32224.4 3.9977e+20 5.5608e-05 -0.693578 -30.3409 274.939 3.18494 275.033 1.51802 99857.2 1.23881e+21 0.000111236 -0.602689 -29.395 274.972 4.703 
47 0.00092 0 67758.2 8.40594e+20 5.57314e-05 -0.0204962 -28.5045 32317.3 4.00921e+20 5.57682e-05 0.178933 -29.7681 273.425 3.17328 273.825 1.51571 100075 1.24152e+21 0.0001115 0.0792512 -29.1365 273.555 4.689 
48 0.00094 0 67596.1 8.38583e+20 5.55981e-05 0.0628446 -30.0151 32334.8 4.01139e+20 5.57984e-05 0.0893162 -28.9461 274.389 3.17685 275.707 1.52695 99930.9 1.23972e+21 0.000111396 0.0761042 -29.4797 274.817 4.70382 
49 0.00096 0 67909.1 8.42466e+20 5.58555e-05 0.563581 -31.2612 32420.2 4.02198e+20 5.59457e-05 0.338413 -30.723 273.56 3.18192 274.272 1.52302 100329 1.24466e+21 0.000111801 0.450906 -30.9919 273.792 4.70496 
50 0.00098 0 67836.3 8.41563e+20 5.57956e-05 0.225368 -31.0098 32386.5 4.0178e+20 5.58876e-05 0.275404 -32.2526 274.325 3.18739 273.509 1.5172 100223 1.24334e+21 0.000111683 0.250407 -31.6317 274.062 4.70461 
