1 0 0 67952 8.42998e+20 5.58908e-05 0.437134 1.09023 32254.1 4.00138e+20 5.56592e-05 -0.067323 3.20046 272.991 3.17729 271.797 1.50154 100206 1.24314e+21 0.00011155 0.185429 2.14315 272.609 4.67889 
2 2e-05 0 68044 8.4414e+20 5.59665e-05 0.918085 2.51773 32276.9 4.0042e+20 5.56984e-05 0.0030327 4.50837 271.651 3.16598 273.023 1.50938 100321 1.24456e+21 0.000111665 0.461657 3.51066 272.096 4.67543 
3 4e-05 0 67446.9 8.36732e+20 5.54754e-05 1.02801 2.1392 32278.2 4.00436e+20 5.57007e-05 0.943324 4.74025 273.209 3.1562 274.89 1.51976 99725.1 1.23717e+21 0.000111176 0.985583 3.44236 273.757 4.67603 
4 6e-05 0 67470.6 8.37026e+20 5.54949e-05 1.10001 1.75176 32386.7 4.01782e+20 5.58879e-05 1.42177 5.28211 272.954 3.15436 272.396 1.51104 99857.3 1.23881e+21 0.000111383 1.26146 3.52317 272.78 4.66552 
5 8e-05 0 67510.4 8.3752e+20 5.55276e-05 0.898913 1.7903 32364.2 4.01504e+20 5.58492e-05 1.55763 3.72025 272.724 3.15357 273.343 1.51524 99874.7 1.23902e+21 0.000111377 1.22922 2.75806 272.927 4.66885 
6 0.0001 0 67428.5 8.36503e+20 5.54602e-05 0.439712 2.15389 32333.9 4.01128e+20 5.57968e-05 1.12286 3.0052 273.417 3.15774 274.187 1.51849 99762.3 1.23763e+21 0.000111257 0.78232 2.58083 273.667 4.67625 
7 0.00012 0 67396.1 8.36101e+20 5.54335e-05 0.461944 1.9428 32292.5 4.00614e+20 5.57254e-05 0.520527 3.69013 274.221 3.1655 273.959 1.51529 99688.5 1.23672e+21 0.000111159 0.491312 2.81876 274.138 4.68083 
8 0.00014 0 67364.1 8.35705e+20 5.54073e-05 0.730066 2.2731 32231.7 3.9986e+20 5.56205e-05 0.0216019 4.46432 274.102 3.16263 275.276 1.5197 99595.8 1.23556e+21 0.000111028 0.375154 3.37081 274.485 4.68239 
9 0.00016 0 67405.5 8.36219e+20 5.54413e-05 0.459034 1.90986 32184.1 3.99269e+20 5.55384e-05 -0.921403 4.43561 273.072 3.15269 274.681 1.51418 99589.6 1.23549e+21 0.00011098 -0.231788 3.17384 273.597 4.66695 
10 0.00018 0 67424.9 8.36459e+20 5.54572e-05 0.485433 1.3725 32147.5 3.98815e+20 5.54751e-05 -0.475336 5.56999 274.123 3.16573 274.538 1.51167 99572.3 1.23527e+21 0.000110932 0.00497095 3.47159 274.267 4.67757 
11 0.0002 0 67474.2 8.37071e+20 5.54978e-05 0.0662394 2.0055 32273.1 4.00374e+20 5.5692e-05 -0.822589 5.32017 273.374 3.15939 273.538 1.51205 99747.4 1.23745e+21 0.00011119 -0.378951 3.66573 273.434 4.67155 
12 0.00022 0 67624.7 8.38937e+20 5.56216e-05 -0.430152 2.3583 32167.9 3.99069e+20 5.55105e-05 -0.15216 3.94497 272.217 3.15303 273.232 1.50544 99792.6 1.23801e+21 0.000111132 -0.291295 3.15084 272.546 4.65849 
13 0.00024 0 67584.7 8.38442e+20 5.55887e-05 -0.972743 1.87844 31882.4 3.95527e+20 5.50177e-05 -0.0229691 4.52556 271.578 3.14377 274.598 1.49954 99467.1 1.23397e+21 0.000110606 -0.500308 3.19517 272.552 4.6434 
14 0.00026 0 67670.9 8.39511e+20 5.56596e-05 -0.365941 1.7705 31932.4 3.96147e+20 5.5104e-05 -0.415891 3.88653 273.083 3.16523 273.14 1.49391 99603.3 1.23566e+21 0.000110764 -0.390791 2.82321 273.104 4.65918 
15 0.00028 0 67557.4 8.38103e+20 5.55662e-05 0.454766 1.40226 32175.8 3.99166e+20 5.5524e-05 -0.820597 3.57801 273.231 3.16163 273.132 1.50525 99733.2 1.23727e+21 0.00011109 -0.182673 2.48972 273.203 4.66695 
16 0.0003 0 67804.7 8.41171e+20 5.57697e-05 0.605522 1.31178 32280 4.00459e+20 5.57039e-05 -0.192089 3.17463 273.965 3.18173 274.918 1.52001 100085 1.24163e+21 0.000111474 0.206952 2.24266 274.275 4.70177 
17 0.00032 0 67672.9 8.39536e+20 5.56612e-05 0.29033 1.07322 32267.7 4.00306e+20 5.56826e-05 -0.0425024 3.36887 273.975 3.17566 274.52 1.51722 99940.6 1.23984e+21 0.000111344 0.123882 2.22127 274.156 4.69296 
18 0.00034 0 67594.2 8.3856e+20 5.55965e-05 0.336592 0.83225 32237 3.99926e+20 5.56297e-05 -0.0420036 3.99284 273.855 3.17057 274.334 1.51475 99831.2 1.23849e+21 0.000111226 0.147238 2.41302 274.016 4.68543 
19 0.00036 0 67523.3 8.3768e+20 5.55382e-05 0.187952 2.01462 32415.6 4.02141e+20 5.59378e-05 0.158904 4.0899 274.201 3.17125 275.205 1.52798 99938.9 1.23982e+21 0.000111476 0.173376 3.05598 274.53 4.69929 
20 0.00038 0 67659.1 8.39365e+20 5.56499e-05 -0.130948 -0.0755169 32360.2 4.01453e+20 5.58422e-05 0.449528 4.69722 273.578 3.17041 273.887 1.51806 100019 1.24082e+21 0.000111492 0.15979 2.31497 273.691 4.68869 
21 0.0004 0 67785.4 8.40932e+20 5.57538e-05 -0.157683 -0.457791 32392 4.01849e+20 5.58972e-05 0.286463 1.40074 273.328 3.17343 272.806 1.51356 100177 1.24278e+21 0.000111651 0.0646751 0.472667 273.162 4.68703 
22 0.00042 0 67822.1 8.41386e+20 5.57839e-05 -0.508615 0.635992 32164.1 3.99021e+20 5.55039e-05 0.0723529 1.69487 273.446 3.17651 275.033 1.51518 99986.2 1.24041e+21 0.000111288 -0.218862 1.1641 273.957 4.6917 
23 0.00044 0 67612.4 8.38786e+20 5.56115e-05 -0.0996127 1.17449 32267.4 4.00302e+20 5.56821e-05 -0.393728 2.62705 273.004 3.16158 274.716 1.51829 99879.8 1.23909e+21 0.000111294 -0.246763 1.90123 273.559 4.67989 
24 0.00046 0 67425 8.3646e+20 5.54573e-05 0.185407 0.154548 32415.6 4.02141e+20 5.59379e-05 0.397687 3.03895 274.066 3.16507 272.044 1.51043 99840.6 1.2386e+21 0.000111395 0.292005 1.60297 273.414 4.67558 
25 0.00048 0 67743.4 8.4041e+20 5.57192e-05 0.143821 0.675743 32262 4.00236e+20 5.56728e-05 0.678803 1.71227 272.371 3.16035 272.02 1.50314 100005 1.24065e+21 0.000111392 0.411201 1.19379 272.259 4.66351 
26 0.0005 0 67853.9 8.41781e+20 5.58101e-05 -0.204835 -0.00138026 32222.8 3.9975e+20 5.56052e-05 -0.0600656 1.2545 272.604 3.16822 274.826 1.5168 100077 1.24153e+21 0.000111415 -0.132583 0.625405 273.321 4.68505 
27 0.00052 0 67838.9 8.41595e+20 5.57978e-05 -0.0409358 -1.27811 32576.5 4.04138e+20 5.62156e-05 -0.451657 1.49682 273.266 3.1752 274.359 1.53085 100415 1.24573e+21 0.000112013 -0.247062 0.11453 273.625 4.70614 
28 0.00054 0 67747.6 8.40462e+20 5.57226e-05 0.360326 -1.74161 32518.4 4.03417e+20 5.61153e-05 -1.00631 2.15973 274.16 3.18131 273.645 1.52414 100266 1.24388e+21 0.000111838 -0.325391 0.215907 274.002 4.7056 
29 0.00056 0 67888.9 8.42215e+20 5.58389e-05 0.420861 -1.60271 32328 4.01055e+20 5.57868e-05 -0.485783 2.08393 273.64 3.1819 272.367 1.50814 100217 1.24327e+21 0.000111626 -0.0322495 0.239749 273.237 4.69017 
30 0.00058 0 67567.9 8.38234e+20 5.55749e-05 0.456693 -1.36952 32229.7 3.99835e+20 5.56171e-05 0.210246 2.14466 273.086 3.16044 272.262 1.50297 99797.7 1.23807e+21 0.000111192 0.333423 0.388235 272.827 4.66353 
31 0.0006 0 67655.2 8.39317e+20 5.56467e-05 0.601236 -2.10526 32489.7 4.0306e+20 5.60657e-05 0.412132 1.36358 272.238 3.1547 272.829 1.51825 100145 1.24238e+21 0.000111712 0.506329 -0.364334 272.437 4.67307 
32 0.00062 0 67722.1 8.40147e+20 5.57017e-05 -0.207874 -1.74394 32313.2 4.00871e+20 5.57612e-05 0.673283 0.271708 272.535 3.16126 273.662 1.51462 100035 1.24102e+21 0.000111463 0.232939 -0.735578 272.902 4.67592 
33 0.00064 0 67715.8 8.40069e+20 5.56966e-05 -0.0821891 -1.48346 32174.4 3.99149e+20 5.55217e-05 -0.360286 0.984401 273.506 3.17223 275.147 1.51629 99890.3 1.23922e+21 0.000111218 -0.221019 -0.251469 274.038 4.68859 
34 0.00066 0 67833.9 8.41533e+20 5.57936e-05 0.100109 -2.87623 32504.1 4.0324e+20 5.60906e-05 0.355653 -1.38423 273.259 3.17489 274.156 1.52632 100338 1.24477e+21 0.000111884 0.22822 -2.12825 273.551 4.70123 
35 0.00068 0 67631 8.39016e+20 5.56268e-05 0.131983 -2.61051 32377.7 4.01671e+20 5.58725e-05 0.910924 -1.13752 272.466 3.15622 274.153 1.52036 100009 1.24069e+21 0.000111499 0.522312 -1.87239 273.015 4.67661 
36 0.0007 0 67624.4 8.38934e+20 5.56213e-05 0.452275 -3.23776 32268.3 4.00314e+20 5.56837e-05 1.62914 -0.815619 273.862 3.17207 273.992 1.51433 99892.7 1.23925e+21 0.000111305 1.04104 -2.02601 273.908 4.68648 
37 0.00072 0 67904.1 8.42404e+20 5.58514e-05 0.0136058 -4.26962 32373.4 4.01618e+20 5.58651e-05 1.00538 -1.16271 273.63 3.18249 274.852 1.52404 100278 1.24402e+21 0.000111716 0.509556 -2.71597 274.031 4.70664 
38 0.00074 0 67857 8.4182e+20 5.58127e-05 -0.564136 -4.06792 32478.3 4.02919e+20 5.6046e-05 -0.0857477 -2.48919 273.21 3.17541 274.638 1.52778 100335 1.24474e+21 0.000111859 -0.324443 -3.27691 273.674 4.70322 
39 0.00076 0 67638.1 8.39104e+20 5.56326e-05 -0.415686 -5.28749 32361 4.01463e+20 5.58436e-05 -0.673908 -2.20115 273.762 3.17155 273.43 1.51557 99999.1 1.24057e+21 0.000111476 -0.545041 -3.7414 273.66 4.68722 
40 0.00078 0 67727.8 8.40217e+20 5.57064e-05 0.435705 -4.79302 32227.2 3.99804e+20 5.56127e-05 -0.878997 -2.75464 274 3.17853 274.196 1.51353 99955 1.24002e+21 0.000111319 -0.221093 -3.77469 274.068 4.69214 
41 0.0008 0 67925.8 8.42674e+20 5.58693e-05 0.510293 -6.17119 32319.1 4.00944e+20 5.57713e-05 -1.07647 -5.36028 273.589 3.18304 273.71 1.51516 100245 1.24362e+21 0.000111641 -0.282391 -5.76609 273.632 4.69826 
42 0.00082 0 68042.4 8.4412e+20 5.59652e-05 0.162414 -6.23775 32339.8 4.01201e+20 5.58071e-05 0.487314 -3.76118 272.781 3.17908 273.882 1.51708 100382 1.24532e+21 0.000111772 0.324634 -5.00121 273.139 4.69622 
43 0.00084 0 67992.4 8.43499e+20 5.5924e-05 -0.0395835 -7.20414 32470.3 4.0282e+20 5.60322e-05 -0.060609 -4.6925 274.285 3.19426 273.541 1.5213 100463 1.24632e+21 0.000111956 -0.0501064 -5.94711 274.049 4.71564 
44 0.00086 0 67787.8 8.40962e+20 5.57558e-05 0.458596 -8.62353 32165.3 3.99036e+20 5.5506e-05 -0.0173574 -5.26716 274.519 3.18737 274.855 1.51425 99953.2 1.24e+21 0.000111262 0.221153 -6.94911 274.634 4.70174 
45 0.00088 0 67966.6 8.4318e+20 5.59028e-05 0.303358 -8.4678 32569 4.04044e+20 5.62025e-05 0.297684 -6.2165 274.083 3.1907 273.238 1.52424 100536 1.24722e+21 0.000112105 0.300514 -7.33914 273.814 4.71502 
46 0.0009 0 67776.7 8.40824e+20 5.57466e-05 0.0709106 -8.72551 32301.8 4.0073e+20 5.57415e-05 0.173607 -8.34797 274.026 3.18112 274.01 1.51601 100079 1.24155e+21 0.000111488 0.122257 -8.53675 274.021 4.69713 
47 0.00092 0 68095.3 8.44776e+20 5.60087e-05 -0.601653 -9.20162 32223.9 3.99763e+20 5.56071e-05 -0.167499 -7.88143 273.172 3.18612 274.209 1.51345 100319 1.24454e+21 0.000111616 -0.385357 -8.5439 273.507 4.69959 
48 0.00094 0 67817.2 8.41326e+20 5.57799e-05 -0.733636 -10.021 32206.9 3.99552e+20 5.55777e-05 -0.0165356 -8.94021 273.751 3.17982 273.958 1.51126 100024 1.24088e+21 0.000111358 -0.375737 -9.48159 273.819 4.6911 
49 0.00096 0 67730.8 8.40254e+20 5.57088e-05 -0.673289 -11.3659 32182.7 3.99252e+20 5.55359e-05 -0.112315 -10.3775 273.817 3.17654 273.036 1.50505 99913.5 1.23951e+21 0.000111245 -0.393238 -10.8725 273.566 4.6816 
50 0.00098 0 67716 8.4007e+20 5.56966e-05 -0.0829475 -12.6023 32480.1 4.02942e+20 5.60492e-05 -0.441643 -11.9707 273.853 3.17626 273.381 1.52087 100196 1.24301e+21 0.000111746 -0.262861 -12.2855 273.7 4.69714 
