1 0 0 67398.4 8.36131e+20 5.54355e-05 0.266214 7.08811 32323.3 4.00996e+20 5.57785e-05 -0.181696 4.34573 272.139 3.14158 273.033 1.51161 99721.7 1.23713e+21 0.000111214 0.0415684 5.71269 272.433 4.65327 
2 2e-05 0 67471.1 8.37033e+20 5.54953e-05 0.349925 7.05479 32102.2 3.98253e+20 5.5397e-05 -0.330679 5.33188 273.287 3.15824 273.067 1.50146 99573.3 1.23529e+21 0.000110892 0.00992458 6.1941 273.218 4.65973 
3 4e-05 0 67628.3 8.38982e+20 5.56245e-05 0.524455 6.40576 31960.2 3.96491e+20 5.51519e-05 -0.452833 5.06291 273.788 3.17139 273.568 1.49755 99588.4 1.23547e+21 0.000110776 0.0378959 5.7372 273.719 4.66897 
4 6e-05 0 67711.1 8.40009e+20 5.56926e-05 -0.135063 7.43941 32277.1 4.00423e+20 5.56989e-05 -1.16187 5.97721 273.861 3.17612 273.251 1.51065 99988.2 1.24043e+21 0.000111391 -0.648495 6.70827 273.666 4.68681 
5 8e-05 0 67631.2 8.39018e+20 5.56269e-05 0.0593067 7.78247 32329.5 4.01073e+20 5.57893e-05 -0.984866 6.53305 274.734 3.18249 274.387 1.5194 99960.7 1.24009e+21 0.000111416 -0.463541 7.15685 274.623 4.70191 
6 0.0001 0 67824.7 8.41419e+20 5.57861e-05 0.00784599 8.59519 32067.4 3.97822e+20 5.5337e-05 0.0622281 6.20401 273.638 3.17886 272.492 1.49667 99892.1 1.23924e+21 0.000111123 0.0349272 7.40444 273.275 4.67562 
7 0.00012 0 67612.2 8.38783e+20 5.56113e-05 0.428363 8.93406 32522.8 4.03471e+20 5.61228e-05 -0.250204 6.21824 273.068 3.16231 272.787 1.51956 100135 1.24225e+21 0.000111734 0.0875261 7.56993 272.986 4.68202 
8 0.00014 0 67663.9 8.39424e+20 5.56538e-05 0.00539987 9.39802 32466.6 4.02774e+20 5.60258e-05 -0.403131 7.39503 273.841 3.17368 272.747 1.51672 100130 1.2422e+21 0.00011168 -0.199546 8.39319 273.488 4.69043 
9 0.00016 0 67731.6 8.40264e+20 5.57095e-05 -0.445989 10.023 32619.6 4.04672e+20 5.62899e-05 0.0797026 8.0802 274.01 3.17882 271.453 1.51663 100351 1.24494e+21 0.000111999 -0.181781 9.04657 273.182 4.6955 
10 0.00018 0 67980.9 8.43357e+20 5.59146e-05 -0.253654 9.5812 32497 4.03151e+20 5.60783e-05 0.127839 8.48984 273.154 3.18056 271.973 1.51383 100478 1.24651e+21 0.000111993 -0.0626287 9.03472 272.774 4.6944 
11 0.0002 0 67878.5 8.42087e+20 5.58304e-05 -0.754813 9.17486 32483.9 4.02988e+20 5.60556e-05 -0.0852398 7.55968 273.626 3.18125 274.699 1.52839 100362 1.24508e+21 0.000111886 -0.419353 8.36565 273.975 4.70967 
12 0.00022 0 67869 8.41968e+20 5.58225e-05 -0.866407 10.2381 32465.5 4.0276e+20 5.6024e-05 0.279452 8.79042 273.874 3.18368 275.997 1.53474 100334 1.24473e+21 0.000111846 -0.292446 9.51296 274.563 4.71845 
13 0.00024 0 67611.1 8.38769e+20 5.56104e-05 -0.385418 10.1625 32444.1 4.02494e+20 5.5987e-05 0.403831 8.4398 274.293 3.17643 274.939 1.52784 100055 1.24126e+21 0.000111597 0.0105381 9.29825 274.504 4.70431 
14 0.00026 0 67814.6 8.41294e+20 5.57778e-05 0.230545 10.4415 32545 4.03747e+20 5.61612e-05 0.121033 8.71989 274.004 3.18264 275.425 1.53531 100360 1.24504e+21 0.000111939 0.175601 9.57777 274.466 4.71798 
15 0.00028 0 67747.7 8.40464e+20 5.57227e-05 0.209927 10.1321 32440.8 4.02453e+20 5.59813e-05 0.453557 8.43541 273.682 3.17577 274.628 1.52596 100188 1.24292e+21 0.000111704 0.332024 9.28177 273.991 4.70178 
16 0.0003 0 68023.6 8.43887e+20 5.59497e-05 -0.732276 9.60766 32109.4 3.98343e+20 5.54095e-05 0.433341 9.34867 273.76 3.18961 274.517 1.50976 100133 1.24223e+21 0.000111359 -0.152295 9.4788 274.004 4.69939 
17 0.00032 0 67588.9 8.38494e+20 5.55922e-05 -0.798301 10.9911 32411.9 4.02095e+20 5.59315e-05 0.523408 10.1082 272.929 3.15961 272.831 1.51463 100001 1.24059e+21 0.000111524 -0.135436 10.5483 272.899 4.67427 
18 0.00034 0 67611.3 8.38771e+20 5.56105e-05 -0.462206 12.014 32097.9 3.982e+20 5.53896e-05 0.451101 10.1898 273.016 3.16165 274.101 1.50693 99709.1 1.23697e+21 0.000111 -0.0064617 11.1037 273.367 4.66863 
19 0.00036 0 67428.1 8.36499e+20 5.54599e-05 -0.450829 12.2399 32177.5 3.99187e+20 5.55269e-05 0.185295 10.638 273.141 3.15454 273.364 1.50661 99605.6 1.23569e+21 0.000110987 -0.132575 11.4385 273.215 4.66118 
20 0.00038 0 67612.3 8.38784e+20 5.56114e-05 -0.843655 12.7642 32249.3 4.00078e+20 5.56508e-05 -0.648152 10.9729 273.853 3.1714 272.633 1.50594 99861.5 1.23886e+21 0.000111262 -0.745869 11.8682 273.461 4.67737 
21 0.0004 0 67482.1 8.37169e+20 5.55043e-05 -0.374062 13.0901 32326.3 4.01033e+20 5.57837e-05 -0.241918 10.7974 273.363 3.15963 274.571 1.52026 99808.3 1.2382e+21 0.000111288 -0.307824 11.9409 273.758 4.67996 
22 0.00042 0 67371.3 8.35794e+20 5.54132e-05 -0.357347 13.6495 32362.8 4.01486e+20 5.58466e-05 0.320508 10.0422 273.287 3.15356 274.366 1.52084 99734 1.23728e+21 0.00011126 -0.0170993 11.8388 273.645 4.67454 
23 0.00044 0 67650.7 8.3926e+20 5.56429e-05 -0.233314 13.8521 32279.7 4.00455e+20 5.57033e-05 -0.1737 11.2629 272.967 3.16293 274.647 1.51849 99930.3 1.23972e+21 0.000111346 -0.203491 12.5568 273.513 4.68149 
24 0.00046 0 67824.2 8.41413e+20 5.57857e-05 -0.443065 13.8182 32113.7 3.98396e+20 5.54168e-05 -0.882954 11.2163 272.535 3.16602 275.109 1.51322 99937.8 1.23981e+21 0.000111202 -0.66228 12.5215 273.366 4.67931 
25 0.00048 0 67645.8 8.392e+20 5.56389e-05 -0.497551 14.048 32392.6 4.01856e+20 5.58982e-05 -0.511415 12.7339 274.229 3.17732 273.463 1.51723 100038 1.24106e+21 0.000111537 -0.5045 13.3894 273.982 4.69458 
26 0.0005 0 67504.4 8.37446e+20 5.55227e-05 -0.380908 15.272 32269 4.00323e+20 5.56849e-05 -0.140768 11.6844 273.487 3.1621 272.665 1.50703 99773.5 1.23777e+21 0.000111208 -0.260663 13.4756 273.228 4.66926 
27 0.00052 0 67785 8.40926e+20 5.57534e-05 -0.392172 14.6573 32316 4.00905e+20 5.57659e-05 0.251522 13.6384 273.133 3.17114 274.353 1.51857 100101 1.24183e+21 0.000111519 -0.0702891 14.1478 273.528 4.68972 
28 0.00054 0 67843.1 8.41648e+20 5.58013e-05 -0.249271 13.8981 32185.7 3.99289e+20 5.55411e-05 0.264367 15.7959 273.332 3.17618 274.685 1.51428 100029 1.24094e+21 0.000111342 0.00694815 14.8448 273.77 4.69049 
29 0.00056 0 67923.3 8.42643e+20 5.58672e-05 -0.0192558 15.7069 32254.1 4.00137e+20 5.56591e-05 0.767233 13.7827 273.347 3.1801 274.026 1.51385 100177 1.24278e+21 0.000111526 0.373255 14.7466 273.568 4.694 
30 0.00058 0 68254 8.46744e+20 5.61392e-05 0.308705 15.3539 32340.3 4.01207e+20 5.58079e-05 0.73932 14.0948 272.384 3.18432 273.452 1.51472 100594 1.24795e+21 0.000111947 0.523376 14.7262 272.73 4.69909 
31 0.0006 0 68133.1 8.45245e+20 5.60397e-05 0.177761 15.2116 32277 4.00422e+20 5.56987e-05 0.0877219 15.1834 272.992 3.18578 275.314 1.52205 100410 1.24567e+21 0.000111738 0.132879 15.1975 273.738 4.70783 
32 0.00062 0 67886.2 8.42183e+20 5.58367e-05 0.319518 15.5616 32275.1 4.00398e+20 5.56953e-05 0.197596 15.815 273.227 3.17697 273.906 1.51418 100161 1.24258e+21 0.000111532 0.258634 15.6881 273.45 4.69122 
33 0.00064 0 67900.3 8.42357e+20 5.58483e-05 0.282662 16.3097 32305.5 4.00775e+20 5.57478e-05 -0.384232 15.554 273.529 3.18114 274.019 1.51623 100206 1.24313e+21 0.000111596 -0.0504847 15.9322 273.688 4.69739 
34 0.00066 0 67991.8 8.43492e+20 5.59235e-05 0.195916 17.8341 32163 3.99007e+20 5.55019e-05 -0.229225 17.0938 273.509 3.1852 273.479 1.50657 100155 1.2425e+21 0.000111425 -0.01585 17.4654 273.5 4.69178 
35 0.00068 0 67954.6 8.43031e+20 5.58929e-05 0.507663 17.0053 32291.3 4.00599e+20 5.57234e-05 -0.233147 15.4195 273.647 3.18506 273.21 1.51109 100246 1.24363e+21 0.000111616 0.137821 16.2136 273.508 4.69618 
36 0.0007 0 67710 8.39996e+20 5.56917e-05 0.723515 18.6836 32400.1 4.01949e+20 5.59112e-05 0.143671 17.4304 274.444 3.18284 273.789 1.5194 100110 1.24194e+21 0.000111603 0.433023 18.0558 274.234 4.70227 
37 0.00072 0 67503.8 8.37439e+20 5.55222e-05 0.647928 18.9048 32333.2 4.01119e+20 5.57956e-05 -0.400147 17.7808 273.896 3.16681 274.303 1.5191 99837 1.23856e+21 0.000111318 0.122603 18.3414 274.032 4.68599 
38 0.00074 0 67646.5 8.39209e+20 5.56396e-05 0.455255 19.1189 32391.8 4.01847e+20 5.58968e-05 -0.934236 18.6195 273.176 3.16516 273.853 1.51936 100038 1.24106e+21 0.000111536 -0.241093 18.8686 273.397 4.68456 
39 0.00076 0 67408.8 8.36259e+20 5.5444e-05 0.55368 19.7858 32452.7 4.02602e+20 5.60019e-05 -0.0443246 19.4372 274.9 3.17394 273.619 1.52091 99861.5 1.23886e+21 0.000111446 0.253181 19.6106 274.484 4.69486 
40 0.00078 0 67482.3 8.37172e+20 5.55045e-05 -0.274005 20.6457 32101.4 3.98244e+20 5.53957e-05 0.189507 20.4248 273.722 3.16379 273.683 1.5048 99583.8 1.23542e+21 0.0001109 -0.0424763 20.5353 273.71 4.6686 
41 0.0008 0 67692.1 8.39774e+20 5.5677e-05 -0.404351 20.0902 32287.3 4.0055e+20 5.57165e-05 0.969239 20.5529 273.665 3.17297 272.07 1.5046 99979.4 1.24032e+21 0.000111394 0.282688 20.3217 273.153 4.67761 
42 0.00082 0 67478.1 8.37119e+20 5.5501e-05 -0.580761 21.1655 32291.7 4.00604e+20 5.5724e-05 0.735999 20.5384 274.104 3.168 274.089 1.51597 99769.8 1.23772e+21 0.000111225 0.0789389 20.8513 274.1 4.68399 
43 0.00084 0 67610 8.38755e+20 5.56095e-05 -0.689257 22.3001 32325.8 4.01027e+20 5.57828e-05 -0.857018 21.0392 274.713 3.18125 273.607 1.5149 99935.7 1.23978e+21 0.000111392 -0.773268 21.6687 274.356 4.69616 
44 0.00086 0 67830.1 8.41486e+20 5.57905e-05 -0.0737482 23.0576 32245.9 4.00036e+20 5.56451e-05 -0.629066 22.6051 272.935 3.17095 275.261 1.52029 100076 1.24152e+21 0.000111436 -0.351045 22.8316 273.685 4.69126 
45 0.00088 0 67913.8 8.42524e+20 5.58594e-05 -0.616047 23.981 32184.9 3.9928e+20 5.55398e-05 0.418461 23.6595 272.291 3.16737 274.145 1.51127 100099 1.2418e+21 0.000111399 -0.100277 23.8207 272.888 4.67865 
46 0.0009 0 67746.3 8.40446e+20 5.57216e-05 -0.595139 24.3758 32117.4 3.98442e+20 5.54233e-05 0.87258 24.1009 272.619 3.16337 274.816 1.51178 99863.7 1.23889e+21 0.000111145 0.136751 24.2387 273.327 4.67517 
47 0.00092 0 67422.1 8.36424e+20 5.54549e-05 -0.626231 25.3083 32444.5 4.025e+20 5.59877e-05 0.592715 25.1969 272.749 3.14973 272.756 1.51573 99866.6 1.23892e+21 0.000111443 -0.0138446 25.2523 272.753 4.66549 
48 0.00094 0 67619.9 8.38878e+20 5.56176e-05 -0.415993 26.3448 32242.8 3.99997e+20 5.56396e-05 0.804668 25.8863 272.932 3.16109 275.008 1.51875 99862.7 1.23888e+21 0.000111257 0.194458 26.1155 273.604 4.67986 
49 0.00096 0 67643.5 8.39171e+20 5.56371e-05 -0.331079 28.458 32271.2 4.00349e+20 5.56886e-05 0.255073 27.3878 272.301 3.15488 275.396 1.52223 99914.7 1.23952e+21 0.000111326 -0.0378677 27.9226 273.301 4.67712 
50 0.00098 0 67359.7 8.3565e+20 5.54036e-05 -0.100149 29.8058 32111.5 3.98368e+20 5.5413e-05 0.333447 28.2052 273.286 3.15301 274.087 1.50749 99471.1 1.23402e+21 0.000110817 0.116668 29.0054 273.546 4.66053 
