1 0 0 67793.8 8.41036e+20 5.57607e-05 -0.50203 12.6441 32390.3 4.01828e+20 5.58942e-05 -0.434255 12.1331 272.993 3.16992 274.89 1.52504 100184 1.24286e+21 0.000111655 -0.468102 12.3883 273.607 4.69498 
2 2e-05 0 67922.9 8.42637e+20 5.58668e-05 -0.707622 13.0191 32259.1 4.002e+20 5.56678e-05 -0.786048 12.6582 273.515 3.18204 274.216 1.51514 100182 1.24284e+21 0.000111535 -0.746765 12.839 273.741 4.69719 
3 4e-05 0 67924.6 8.42658e+20 5.58682e-05 -0.0489131 13.8201 32406.3 4.02026e+20 5.59217e-05 -0.469026 12.1214 273.983 3.18756 273.716 1.51928 100331 1.24468e+21 0.00011179 -0.25907 12.9703 273.9 4.70689 
4 6e-05 0 67982.3 8.43374e+20 5.59157e-05 0.691357 14.2214 32447.3 4.02534e+20 5.59925e-05 0.0409633 12.1726 273.793 3.18805 272.492 1.5144 100430 1.24591e+21 0.000111908 0.365937 13.1963 273.375 4.70249 
5 8e-05 0 67945 8.42912e+20 5.58851e-05 0.483581 13.7593 32270.5 4.00341e+20 5.56874e-05 0.258994 13.5362 273.643 3.18456 272.828 1.508 100215 1.24325e+21 0.000111572 0.371486 13.648 273.381 4.69258 
6 0.0001 0 67697.4 8.3984e+20 5.56814e-05 0.445086 15.0897 32130.7 3.98607e+20 5.54463e-05 0.224584 13.7053 273.368 3.16977 274.063 1.50827 99828.1 1.23845e+21 0.000111128 0.335068 14.399 273.593 4.67806 
7 0.00012 0 67683.2 8.39664e+20 5.56697e-05 -0.00656786 14.4926 32323.3 4.00997e+20 5.57786e-05 0.231628 14.044 273.847 3.17465 273.376 1.51351 100007 1.24066e+21 0.000111448 0.112646 14.2681 273.696 4.68819 
8 0.00014 0 67664.7 8.39434e+20 5.56545e-05 0.280039 15.0515 32339.9 4.01202e+20 5.58072e-05 -0.145338 14.9436 272.876 3.16254 272.137 1.50742 100005 1.24064e+21 0.000111462 0.0670588 14.9975 272.638 4.66996 
9 0.00016 0 67552.9 8.38047e+20 5.55625e-05 0.889689 15.3902 32222.5 3.99746e+20 5.56047e-05 -0.432354 14.5932 274.097 3.17144 272.821 1.50572 99775.5 1.23779e+21 0.000111167 0.228417 14.9915 273.686 4.67719 
10 0.00018 0 67491.4 8.37284e+20 5.55119e-05 1.62024 15.9542 32204.3 3.9952e+20 5.55732e-05 -0.472062 15.6604 273.622 3.16306 274.306 1.51306 99695.7 1.2368e+21 0.000111085 0.57351 15.8072 273.846 4.67618 
11 0.0002 0 67379.1 8.35891e+20 5.54195e-05 1.73784 16.1619 32399 4.01935e+20 5.59092e-05 -0.400035 16.7976 273.633 3.15792 274.975 1.52592 99778 1.23783e+21 0.000111329 0.664202 16.4812 274.072 4.6839 
12 0.00022 0 67712.4 8.40025e+20 5.56937e-05 1.52635 16.8129 32066.7 3.97812e+20 5.53357e-05 -0.165985 16.9564 272.942 3.16553 275.717 1.51435 99779 1.23784e+21 0.000111029 0.682909 16.8844 273.835 4.6799 
13 0.00024 0 67629.3 8.38995e+20 5.56254e-05 1.36616 16.4848 32458.6 4.02674e+20 5.6012e-05 -0.0514207 17.9678 273.193 3.16455 274.148 1.52413 100088 1.24167e+21 0.000111637 0.654913 17.2289 273.505 4.68872 
14 0.00026 0 67454 8.3682e+20 5.54812e-05 1.25743 16.8415 32433.3 4.02361e+20 5.59685e-05 -1.07654 17.2376 273.383 3.15855 273.37 1.51862 99887.4 1.23918e+21 0.00011145 0.0853475 17.0404 273.382 4.67723 
15 0.00028 0 67289 8.34773e+20 5.53455e-05 0.602584 17.4628 32002 3.9701e+20 5.52241e-05 -0.673288 17.1168 273.375 3.15073 273.899 1.50133 99291 1.23178e+21 0.00011057 -0.0346521 17.29 273.545 4.65207 
16 0.0003 0 67482 8.37167e+20 5.55042e-05 0.782051 18.0492 32270.7 4.00343e+20 5.56877e-05 0.246221 17.0086 272.861 3.15382 273.923 1.51406 99752.6 1.23751e+21 0.000111192 0.513694 17.528 273.206 4.66791 
17 0.00032 0 67469.5 8.37013e+20 5.54939e-05 0.741305 17.0044 32222.7 3.99748e+20 5.56049e-05 0.848909 18.2761 273.215 3.15732 274.502 1.51501 99692.2 1.23676e+21 0.000111099 0.795161 17.6409 273.632 4.67235 
18 0.00034 0 67826 8.41435e+20 5.57872e-05 0.353678 17.3362 32223 3.99752e+20 5.56055e-05 0.457192 18.5649 273.153 3.17329 274.833 1.51685 100049 1.24119e+21 0.000111393 0.405351 17.9496 273.696 4.69017 
19 0.00036 0 67731.2 8.40259e+20 5.57092e-05 0.100192 16.4165 32622.1 4.04702e+20 5.62941e-05 0.0824341 18.3993 272.636 3.16286 274.538 1.53399 100353 1.24496e+21 0.000112003 0.0912669 17.4131 273.257 4.69688 
20 0.00038 0 67666 8.3945e+20 5.56555e-05 0.221657 18.3668 32486.9 4.03025e+20 5.60608e-05 0.00965236 19.6106 273.317 3.16771 274.932 1.52982 100153 1.24248e+21 0.000111716 0.11527 18.991 273.843 4.69755 
21 0.0004 0 67873.2 8.4202e+20 5.58259e-05 -0.195278 19.2297 32532 4.03586e+20 5.61388e-05 0.0181811 20.0677 272.85 3.17197 273.96 1.52654 100405 1.24561e+21 0.000111965 -0.0882504 19.6498 273.21 4.69852 
22 0.00042 0 67671.3 8.39516e+20 5.56599e-05 -0.883309 20.8131 32203 3.99504e+20 5.55711e-05 0.49849 19.9639 272.873 3.16281 274.012 1.51138 99874.3 1.23902e+21 0.000111231 -0.192961 20.3889 273.242 4.67421 
23 0.00044 0 67806.2 8.4119e+20 5.57709e-05 -0.185099 19.3171 32052.6 3.97638e+20 5.53114e-05 0.616956 19.7095 273.555 3.17703 274.83 1.50881 99858.8 1.23883e+21 0.000111082 0.21427 19.5125 273.966 4.68587 
24 0.00046 0 67973.3 8.43263e+20 5.59083e-05 -0.148825 19.9339 32242.5 3.99994e+20 5.56392e-05 0.214048 19.6693 273.742 3.18704 275.144 1.51949 100216 1.24326e+21 0.000111548 0.0321734 19.8019 274.193 4.70653 
25 0.00048 0 67710 8.39996e+20 5.56917e-05 -0.102224 20.1918 32226.5 3.99795e+20 5.56115e-05 -0.237008 20.3877 273.519 3.17211 274.448 1.51489 99936.5 1.23979e+21 0.000111303 -0.169567 20.2897 273.819 4.687 
26 0.0005 0 67623.6 8.38925e+20 5.56207e-05 0.532738 19.6536 32397.1 4.01912e+20 5.5906e-05 0.0854 20.8468 273.84 3.17178 273.487 1.51758 100021 1.24084e+21 0.000111527 0.308497 20.2517 273.726 4.68937 
27 0.00052 0 67551.2 8.38027e+20 5.55612e-05 0.443856 20.0098 32337.5 4.01172e+20 5.5803e-05 0.90745 22.957 274.026 3.17054 275.321 1.52494 99888.7 1.2392e+21 0.000111364 0.676157 21.4866 274.45 4.69556 
28 0.00054 0 67576 8.38334e+20 5.55816e-05 0.265675 21.2665 32158.9 3.98956e+20 5.54948e-05 0.819031 22.3899 273.357 3.16396 274.804 1.51367 99734.9 1.23729e+21 0.000111076 0.542137 21.8278 273.825 4.67766 
29 0.00056 0 67607.9 8.38729e+20 5.56077e-05 0.415884 20.6634 32206.9 3.99552e+20 5.55776e-05 0.358171 19.9874 273.63 3.16861 274.975 1.51687 99814.7 1.23828e+21 0.000111185 0.387035 20.3255 274.065 4.68549 
30 0.00058 0 67679.5 8.39618e+20 5.56667e-05 0.448961 20.8129 32274.2 4.00387e+20 5.56938e-05 0.871207 21.3924 273.255 3.16762 274.949 1.5199 99953.7 1.24e+21 0.00011136 0.660136 21.1027 273.802 4.68753 
31 0.0006 0 67753.1 8.40531e+20 5.57272e-05 0.179211 21.9879 32189.2 3.99333e+20 5.55472e-05 1.05057 21.8499 273.254 3.17105 274.935 1.51582 99942.3 1.23986e+21 0.000111274 0.614185 21.919 273.796 4.68688 
32 0.00062 0 67824.1 8.41412e+20 5.57856e-05 -0.112241 21.6306 32269.9 4.00333e+20 5.56864e-05 0.879154 21.6932 272.837 3.16953 274.158 1.51533 100094 1.24175e+21 0.000111472 0.383015 21.6618 273.266 4.68491 
33 0.00064 0 68187.6 8.45922e+20 5.60846e-05 -0.227939 21.8327 32231.7 3.9986e+20 5.56205e-05 0.560531 22.3432 272.395 3.18136 274.704 1.51654 100419 1.24578e+21 0.000111705 0.164658 22.0869 273.137 4.69792 
34 0.00066 0 67702.6 8.39904e+20 5.56856e-05 -0.174988 23.8498 32445.8 4.02516e+20 5.599e-05 1.08472 22.695 273.586 3.17254 273.98 1.5226 100148 1.24242e+21 0.000111676 0.456583 23.2708 273.716 4.69517 
35 0.00068 0 67945.2 8.42915e+20 5.58852e-05 -0.126849 22.3142 32328.8 4.01065e+20 5.57881e-05 0.304427 22.588 274.131 3.19025 273.792 1.51607 100274 1.24398e+21 0.000111673 0.0886015 22.451 274.022 4.70633 
36 0.0007 0 67925.5 8.4267e+20 5.5869e-05 -0.689498 22.0433 32422.8 4.02231e+20 5.59503e-05 -0.240568 24.5634 273.578 3.18289 274.455 1.52416 100348 1.2449e+21 0.000111819 -0.46487 23.3042 273.865 4.70711 
37 0.00072 0 68245.4 8.46638e+20 5.61321e-05 0.0135335 21.944 32622.1 4.04703e+20 5.62942e-05 -0.643837 23.7714 273.521 3.19721 274.648 1.5346 100867 1.25134e+21 0.000112426 -0.315626 22.8591 273.887 4.73185 
38 0.00074 0 67911 8.4249e+20 5.58571e-05 -0.174895 21.9826 32260.8 4.0022e+20 5.56707e-05 -0.562083 24.6608 273.365 3.17973 274.018 1.51413 100172 1.24271e+21 0.000111528 -0.368165 23.3194 273.581 4.69396 
39 0.00076 0 67714.6 8.40054e+20 5.56956e-05 -0.865045 22.5699 32184.9 3.9928e+20 5.55398e-05 -0.709784 22.699 274.161 3.17977 273.454 1.50745 99899.6 1.23933e+21 0.000111235 -0.787523 22.6344 273.933 4.68723 
40 0.00078 0 67455.1 8.36834e+20 5.54821e-05 -0.965577 22.6745 32250.8 4.00097e+20 5.56535e-05 -0.50071 23.8731 273.636 3.16152 273.367 1.51006 99706 1.23693e+21 0.000111136 -0.732785 23.2747 273.55 4.6716 
41 0.0008 0 67406.6 8.36232e+20 5.54422e-05 -0.409574 21.62 32113.4 3.98392e+20 5.54164e-05 -0.259333 23.9943 273.352 3.15597 273.411 1.50387 99520 1.23462e+21 0.000110859 -0.334471 22.8069 273.376 4.65991 
42 0.00082 0 67535.8 8.37836e+20 5.55485e-05 -0.0647001 23.3857 32281 4.00471e+20 5.57055e-05 -0.158457 24.0529 273.153 3.15971 273.283 1.51101 99816.8 1.23831e+21 0.000111254 -0.111645 23.7198 273.195 4.67073 
43 0.00084 0 67439.4 8.36639e+20 5.54691e-05 -0.501619 22.5008 32439.2 4.02434e+20 5.59786e-05 0.262848 25.2688 273.458 3.15872 273.256 1.51827 99878.6 1.23907e+21 0.000111448 -0.117638 23.8911 273.398 4.67708 
44 0.00086 0 67358.9 8.35641e+20 5.5403e-05 -0.131882 23.345 32133.1 3.98637e+20 5.54504e-05 0.333225 23.7495 273 3.14967 274.416 1.51032 99492 1.23428e+21 0.000110853 0.100771 23.5473 273.458 4.66002 
45 0.00088 0 67554.7 8.3807e+20 5.5564e-05 0.185296 25.0647 32213.7 3.99636e+20 5.55894e-05 -0.00853076 23.4423 272.625 3.15449 273.005 1.50632 99768.4 1.23771e+21 0.000111153 0.0883607 24.2533 272.749 4.66084 
46 0.0009 0 67597.2 8.38597e+20 5.5599e-05 0.24418 23.176 32296.8 4.00668e+20 5.57329e-05 -0.678507 23.9845 273.31 3.1644 273.834 1.5148 99894 1.23926e+21 0.000111332 -0.217718 23.5807 273.48 4.67921 
47 0.00092 0 67748.4 8.40473e+20 5.57234e-05 0.171625 23.615 32316 4.00906e+20 5.5766e-05 0.0321036 25.5288 273.592 3.17476 272.834 1.51016 100064 1.24138e+21 0.000111489 0.101838 24.5723 273.349 4.68496 
48 0.00094 0 67780.3 8.40868e+20 5.57496e-05 -0.0128757 22.875 32283.3 4.005e+20 5.57096e-05 -0.257359 24.1742 273.814 3.17883 273.311 1.51127 100064 1.24137e+21 0.000111459 -0.135074 23.5244 273.653 4.69012 
49 0.00096 0 67853.1 8.41771e+20 5.58094e-05 0.633136 23.7459 32486.3 4.03018e+20 5.60599e-05 -0.529049 24.8892 274.149 3.18613 274.856 1.52937 100339 1.24479e+21 0.000111869 0.0507426 24.3188 274.38 4.71553 
50 0.00098 0 67747.6 8.40463e+20 5.57227e-05 0.312871 23.8608 32364.9 4.01512e+20 5.58504e-05 -0.423607 24.9169 273.068 3.16863 274.777 1.52322 100113 1.24197e+21 0.000111573 -0.0557897 24.3895 273.622 4.69187 
