1 0 0 67492.1 8.37293e+20 5.55125e-05 -0.0390766 -8.45996 32349.8 4.01325e+20 5.58243e-05 -0.402698 -8.40115 273.339 3.15982 274.678 1.52196 99841.9 1.23862e+21 0.000111337 -0.221396 -8.43047 273.773 4.68178 
2 2e-05 0 67687.2 8.39713e+20 5.5673e-05 -0.253377 -8.96085 32279.9 4.00458e+20 5.57037e-05 -0.481267 -9.77475 272.23 3.15609 274.438 1.51735 99967.1 1.24017e+21 0.000111377 -0.367354 -9.36791 272.944 4.67345 
3 4e-05 0 67844.8 8.41668e+20 5.58026e-05 -0.168145 -10.5984 32279.5 4.00452e+20 5.57029e-05 -0.271064 -10.1716 272.796 3.17002 274.31 1.51662 100124 1.24212e+21 0.000111506 -0.219558 -10.3852 273.284 4.68664 
4 6e-05 0 68026.1 8.43918e+20 5.59518e-05 0.0820739 -10.1189 32187 3.99305e+20 5.55434e-05 -1.08446 -10.464 273.363 3.1851 274.94 1.51575 100213 1.24322e+21 0.000111495 -0.499057 -10.2908 273.871 4.70087 
5 8e-05 0 67777.9 8.40838e+20 5.57476e-05 0.230232 -9.19353 32225.1 3.99778e+20 5.56091e-05 0.0315002 -11.6171 274.382 3.18531 274.209 1.5135 100003 1.24062e+21 0.000111357 0.130989 -10.4038 274.33 4.69888 
6 0.0001 0 67541.4 8.37905e+20 5.55531e-05 0.851229 -10.667 32213.1 3.9963e+20 5.55885e-05 0.752275 -11.334 273.693 3.16622 273.569 1.50941 99754.6 1.23753e+21 0.000111142 0.801736 -11.0006 273.653 4.67564 
7 0.00012 0 68043.6 8.44135e+20 5.59661e-05 0.201727 -10.9963 32574.1 4.04108e+20 5.62114e-05 0.494472 -11.176 272.783 3.17916 273.828 1.52777 100618 1.24824e+21 0.000112178 0.34842 -11.0863 273.121 4.70693 
8 0.00014 0 67727.8 8.40217e+20 5.57064e-05 -0.296991 -10.6173 32193.8 3.9939e+20 5.55551e-05 0.284124 -10.9261 272.921 3.16601 273.163 1.50627 99921.6 1.23961e+21 0.000111261 -0.00682854 -10.7715 272.999 4.67228 
9 0.00016 0 67505.8 8.37463e+20 5.55238e-05 -0.429367 -11.4107 32361.5 4.0147e+20 5.58445e-05 0.748801 -12.4467 273.841 3.16627 273.375 1.51529 99867.3 1.23893e+21 0.000111368 0.161413 -11.9302 273.692 4.68158 
10 0.00018 0 67731.4 8.40261e+20 5.57093e-05 -0.542098 -10.1275 32158.4 3.9895e+20 5.5494e-05 0.921423 -11.6303 273.612 3.17419 273.645 1.50727 99889.7 1.23921e+21 0.000111203 0.188245 -10.8774 273.625 4.6815 
11 0.0002 0 67695.3 8.39814e+20 5.56796e-05 0.0373019 -10.1005 32175.3 3.9916e+20 5.55232e-05 0.57262 -11.865 274.018 3.17721 273.377 1.50658 99870.6 1.23897e+21 0.000111203 0.304585 -10.9815 273.814 4.68383 
12 0.00022 0 67696.1 8.39823e+20 5.56803e-05 -0.0911219 -10.6635 32369.2 4.01565e+20 5.58577e-05 0.535061 -13.499 274.151 3.17878 273.438 1.51599 100065 1.24139e+21 0.000111538 0.222468 -12.0835 273.926 4.69487 
13 0.00024 0 67570.4 8.38264e+20 5.55769e-05 -0.378723 -11.5155 32468.2 4.02794e+20 5.60286e-05 0.393634 -12.9078 273.447 3.16473 274.219 1.52498 100039 1.24106e+21 0.000111605 0.00901854 -12.2145 273.699 4.68974 
14 0.00026 0 67824.1 8.41412e+20 5.57856e-05 -0.865692 -11.5383 32665.1 4.05237e+20 5.63685e-05 -0.0303097 -12.3703 272.572 3.16646 275.354 1.54058 100489 1.24665e+21 0.000112154 -0.44583 -11.9565 273.478 4.70706 
15 0.00028 0 67983.9 8.43394e+20 5.5917e-05 -0.709773 -11.5677 32400.3 4.01951e+20 5.59114e-05 0.478234 -11.9544 272.379 3.17167 275.275 1.52765 100384 1.24534e+21 0.000111828 -0.115799 -11.761 273.316 4.69936 
16 0.0003 0 68148.9 8.45441e+20 5.60528e-05 -0.144256 -10.4005 32337 4.01166e+20 5.58022e-05 -0.430856 -12.7406 272.478 3.18052 274.19 1.51865 100486 1.24661e+21 0.000111855 -0.287235 -11.5679 273.032 4.69923 
17 0.00032 0 67725 8.40182e+20 5.57041e-05 -0.486626 -11.0254 32312.2 4.00859e+20 5.57595e-05 -0.901466 -12.9964 272.804 3.16451 273.606 1.51426 100037 1.24104e+21 0.000111464 -0.694149 -12.0114 273.066 4.67883 
18 0.00034 0 67788.7 8.40972e+20 5.57565e-05 -0.312893 -11.2679 32290.5 4.00589e+20 5.57219e-05 -0.561926 -14.2739 272.54 3.16443 274.004 1.51544 100079 1.24156e+21 0.000111478 -0.437371 -12.7704 273.018 4.67996 
19 0.00036 0 67736.7 8.40328e+20 5.57137e-05 -0.251665 -12.3837 32545.5 4.03752e+20 5.61619e-05 -0.698117 -13.9125 273.068 3.16813 273.515 1.52468 100282 1.24408e+21 0.000111876 -0.475785 -13.1512 273.216 4.69285 
20 0.00038 0 67423.8 8.36446e+20 5.54564e-05 -0.538851 -12.8155 32423.8 4.02243e+20 5.59521e-05 -0.531558 -13.999 274.091 3.16531 274.089 1.52217 99847.7 1.23869e+21 0.000111408 -0.535188 -13.4098 274.091 4.6875 
21 0.0004 0 67675.6 8.3957e+20 5.56635e-05 -0.858355 -11.9561 32332.9 4.01116e+20 5.57952e-05 0.714114 -14.0577 273.906 3.17499 272.769 1.51059 100009 1.24069e+21 0.000111459 -0.0711916 -13.0081 273.542 4.68564 
22 0.00042 0 67401 8.36163e+20 5.54376e-05 -0.964911 -12.4115 32348.4 4.01307e+20 5.58218e-05 1.13271 -12.9371 273.55 3.15799 271.925 1.50664 99749.4 1.23747e+21 0.000111259 0.0875195 -12.6752 273.026 4.66468 
23 0.00044 0 67509.7 8.37511e+20 5.5527e-05 -1.24711 -12.0363 32033.6 3.97402e+20 5.52787e-05 0.785906 -12.8401 273.544 3.16301 273.108 1.49847 99543.3 1.23491e+21 0.000110806 -0.23288 -12.4373 273.407 4.66153 
24 0.00046 0 67600 8.38632e+20 5.56013e-05 -0.956382 -12.0386 32251.4 4.00104e+20 5.56545e-05 1.15586 -14.0143 273.621 3.16814 273.339 1.50993 99851.4 1.23874e+21 0.000111256 0.100244 -13.0269 273.535 4.67815 
25 0.00048 0 67623.3 8.3892e+20 5.56204e-05 -0.655762 -11.5044 32176.4 3.99174e+20 5.55251e-05 0.808465 -14.4919 272.685 3.15838 274.174 1.51103 99799.7 1.23809e+21 0.000111146 0.0757242 -12.9969 273.171 4.66951 
26 0.0005 0 67716.5 8.40077e+20 5.56971e-05 -0.456023 -11.1595 32144.4 3.98777e+20 5.54698e-05 0.129845 -13.8 272.528 3.16092 272.788 1.50189 99860.9 1.23885e+21 0.000111167 -0.163688 -12.477 272.616 4.66289 
27 0.00052 0 67665.5 8.39445e+20 5.56552e-05 -0.732003 -10.746 32319.4 4.00948e+20 5.57718e-05 0.139701 -13.8919 272.905 3.1629 271.8 1.5046 99984.9 1.24039e+21 0.000111427 -0.295695 -12.3206 272.553 4.6676 
28 0.00054 0 67844 8.41658e+20 5.5802e-05 -0.765833 -12.357 32392.8 4.01858e+20 5.58985e-05 0.00920175 -14.4977 273.194 3.17461 272.402 1.51135 100237 1.24352e+21 0.0001117 -0.377981 -13.4283 272.942 4.68603 
29 0.00056 0 67702.1 8.39898e+20 5.56852e-05 0.0186635 -11.8705 32304.1 4.00758e+20 5.57454e-05 -0.451585 -14.549 273.501 3.17152 273.793 1.51491 100006 1.24066e+21 0.000111431 -0.216588 -13.2105 273.602 4.68656 
30 0.00058 0 67950.2 8.42975e+20 5.58893e-05 -0.519821 -12.3244 32324.2 4.01007e+20 5.57801e-05 -0.468993 -14.486 274.065 3.18972 273.6 1.51479 100274 1.24398e+21 0.000111669 -0.494432 -13.4041 273.918 4.70455 
31 0.0006 0 68091.4 8.44727e+20 5.60054e-05 -0.129718 -12.6598 32227.5 3.99808e+20 5.56133e-05 -1.0808 -13.3402 273.748 3.19265 274.136 1.51321 100319 1.24454e+21 0.000111619 -0.603588 -12.9988 273.874 4.70588 
32 0.00062 0 67656.9 8.39337e+20 5.5648e-05 0.645141 -10.9558 32133.2 3.98638e+20 5.54506e-05 -0.675741 -14.0383 272.914 3.16261 272.719 1.50099 99790.1 1.23798e+21 0.000111099 -0.0141259 -12.4944 272.858 4.66372 
33 0.00064 0 67547 8.37974e+20 5.55577e-05 0.340686 -11.2797 32316 4.00906e+20 5.5766e-05 0.0545807 -13.4943 273.51 3.16437 271.832 1.50462 99863 1.23888e+21 0.000111324 0.197366 -12.389 272.97 4.66903 
34 0.00066 0 67706.8 8.39956e+20 5.56891e-05 -0.135013 -11.1678 32325.5 4.01023e+20 5.57823e-05 0.888577 -15.1757 272.32 3.15805 272.595 1.50928 100032 1.24098e+21 0.000111471 0.37721 -13.1734 272.418 4.66749 
35 0.00068 0 67499.9 8.3739e+20 5.5519e-05 -0.100446 -12.5686 32200.7 3.99475e+20 5.5567e-05 -0.0235477 -14.2111 272.578 3.15139 274.247 1.51257 99700.7 1.23687e+21 0.000111086 -0.0619802 -13.3902 273.121 4.66402 
36 0.0007 0 67376.8 8.35863e+20 5.54177e-05 -0.108207 -11.8208 32252.9 4.00123e+20 5.56571e-05 -0.105223 -13.4175 273.751 3.15918 274.461 1.5162 99629.7 1.23599e+21 0.000111075 -0.106712 -12.6208 273.983 4.67541 
37 0.00072 0 67292.4 8.34816e+20 5.53483e-05 -0.0159636 -11.6195 32250.7 4.00095e+20 5.56532e-05 1.26486 -14.2301 274.113 3.15939 273.105 1.50861 99543.1 1.23491e+21 0.000111002 0.62621 -12.9284 273.792 4.66809 
38 0.00074 0 67350.3 8.35533e+20 5.53959e-05 0.387946 -11.6571 32440.8 4.02454e+20 5.59813e-05 0.853533 -14.1133 274.131 3.16232 274.363 1.52449 99791.1 1.23799e+21 0.000111377 0.621963 -12.8917 274.21 4.68687 
39 0.00076 0 67815.2 8.41302e+20 5.57783e-05 -0.235155 -10.7622 32414.4 4.02127e+20 5.59358e-05 0.200965 -14.5859 273.404 3.1757 272.859 1.5149 100230 1.24343e+21 0.000111714 -0.0167877 -12.6767 273.236 4.69074 
40 0.00078 0 67977.8 8.43318e+20 5.5912e-05 -0.155147 -9.29941 32208.9 3.99576e+20 5.55811e-05 0.190587 -13.9981 271.35 3.15939 274.043 1.51182 100187 1.24289e+21 0.000111493 0.0172069 -11.6418 272.227 4.67142 
41 0.0008 0 67888.5 8.42211e+20 5.58386e-05 -0.407162 -10.0938 32071.5 3.97873e+20 5.53441e-05 0.61648 -11.8038 272.528 3.16895 274.114 1.50577 99960 1.24008e+21 0.000111183 0.102383 -10.945 273.04 4.67477 
42 0.00082 0 67693.8 8.39795e+20 5.56784e-05 -1.0893 -11.4509 32207.3 3.99557e+20 5.55783e-05 1.02481 -11.2083 273.038 3.16577 274.059 1.51184 99901 1.23935e+21 0.000111257 -0.0331955 -11.3297 273.37 4.67766 
43 0.00084 0 67640.8 8.39138e+20 5.56349e-05 -1.09766 -11.137 32176.1 3.9917e+20 5.55246e-05 0.229322 -11.3155 273.614 3.16997 273.281 1.50609 99817 1.23831e+21 0.000111159 -0.434828 -11.2262 273.508 4.67608 
44 0.00086 0 67890.1 8.4223e+20 5.58399e-05 -0.328103 -8.61052 32328 4.01055e+20 5.57867e-05 -0.182523 -10.7586 272.904 3.1734 272.354 1.50807 100218 1.24328e+21 0.000111627 -0.255348 -9.68406 272.73 4.68152 
45 0.00088 0 67699 8.39859e+20 5.56827e-05 0.0740256 -8.88139 32439.1 4.02432e+20 5.59784e-05 -0.812576 -10.6958 273.423 3.17048 272.29 1.51289 100138 1.24229e+21 0.000111661 -0.370449 -9.79101 273.059 4.68342 
46 0.0009 0 67619.7 8.38876e+20 5.56175e-05 -0.793391 -8.37702 32268.5 4.00317e+20 5.56841e-05 0.240133 -9.77678 274.428 3.1784 273.906 1.51387 99888.3 1.23919e+21 0.000111302 -0.27632 -9.07732 274.261 4.6923 
47 0.00092 0 67721.4 8.40138e+20 5.57012e-05 -0.190177 -8.88071 32221.1 3.99728e+20 5.56022e-05 1.29906 -8.64486 272.918 3.16568 271.848 1.50029 99942.6 1.23987e+21 0.000111303 0.553779 -8.76289 272.575 4.66599 
48 0.00094 0 67409.6 8.3627e+20 5.54447e-05 -0.602611 -7.86252 32388.8 4.01809e+20 5.58916e-05 0.84965 -9.68224 273.212 3.15449 273.447 1.51697 99798.4 1.23808e+21 0.000111336 0.126434 -8.77603 273.291 4.67151 
49 0.00096 0 67805 8.41175e+20 5.57699e-05 0.0217384 -7.0877 32341.3 4.01219e+20 5.58096e-05 0.62713 -8.33334 272.945 3.1699 274.348 1.51973 100146 1.24239e+21 0.000111579 0.324542 -7.71074 273.4 4.68966 
50 0.00098 0 67713.9 8.40045e+20 5.5695e-05 0.00178938 -6.23647 32295.6 4.00653e+20 5.57308e-05 0.347791 -6.55407 272.692 3.1627 272.434 1.507 100010 1.2407e+21 0.000111426 0.174846 -6.39533 272.609 4.66971 
