1.0000e+00 1.0000e+00 0.0000e+00 1.3789e-03 3.7149e+00 -5.2339e+00 5.3761e-01 2.7521e+02 3.5979e+02 -1.7103e+01 -1.1591e+02 8.1392e+01 -3.9828e+00 -3.6564e-01 7.7106e+01 7.0239e-01 7.8391e+01 7.8963e+01 1.0000e+00 1.0000e+00 0.0000e+00 0.0000e+00
9.9497e-01 9.9497e-01 5.0251e-03 1.3532e-03 4.1742e+00 -5.1422e+00 4.3024e-01 2.7517e+02 3.3290e+02 -1.1153e+01 -1.0477e+02 7.9727e+01 -3.8030e+00 -4.0427e-01 7.5743e+01 6.3894e-01 7.6960e+01 7.7477e+01 9.9497e-01 9.9497e-01 5.0251e-03 8.7038e-06
9.8995e-01 9.8995e-01 1.0050e-02 1.3294e-03 4.5181e+00 -5.1176e+00 3.3936e-01 2.7513e+02 3.0880e+02 -4.5556e+00 -9.5093e+01 7.8192e+01 -3.6147e+00 -4.2665e-01 7.4483e+01 5.8484e-01 7.5637e+01 7.6104e+01 9.8995e-01 9.8995e-01 1.0050e-02 1.7408e-05
9.8492e-01 9.8492e-01 1.5075e-02 1.3080e-03 4.7182e+00 -5.1766e+00 2.6904e-01 2.7509e+02 2.8818e+02 2.8493e+00 -8.7256e+01 7.6817e+01 -3.4161e+00 -4.2878e-01 7.3350e+01 5.4236e-01 7.4451e+01 7.4873e+01 9.8492e-01 9.8492e-01 1.5075e-02 2.6111e-05
9.7990e-01 9.7990e-01 2.0101e-02 1.2920e-03 4.7466e+00 -5.2930e+00 2.2659e-01 2.7506e+02 2.7427e+02 9.1892e+00 -8.1785e+01 7.5786e+01 -3.2324e+00 -4.1834e-01 7.2491e+01 5.1316e-01 7.3560e+01 7.3946e+01 9.7990e-01 9.7990e-01 2.0101e-02 3.4815e-05
9.7487e-01 9.7487e-01 2.5126e-02 1.2776e-03 4.6633e+00 -5.4576e+00 1.9361e-01 2.7503e+02 2.6374e+02 1.5573e+01 -7.7238e+01 7.4864e+01 -3.0444e+00 -4.0421e-01 7.1710e+01 4.8814e-01 7.2759e+01 7.3111e+01 9.7487e-01 9.7487e-01 2.5126e-02 4.3519e-05
9.6985e-01 9.6985e-01 3.0151e-02 1.2650e-03 4.4007e+00 -5.7033e+00 1.7258e-01 2.7500e+02 2.5825e+02 2.2302e+01 -7.3942e+01 7.4075e+01 -2.8445e+00 -3.8584e-01 7.1015e+01 4.6817e-01 7.2065e+01 7.2385e+01 9.6985e-01 9.6985e-01 3.0151e-02 5.2223e-05
9.6482e-01 9.6482e-01 3.5176e-02 1.2552e-03 4.0950e+00 -5.9366e+00 1.5788e-01 2.7497e+02 2.5572e+02 2.7435e+01 -7.1317e+01 7.3461e+01 -2.6675e+00 -3.7120e-01 7.0463e+01 4.5090e-01 7.1521e+01 7.1815e+01 9.6482e-01 9.6482e-01 3.5176e-02 6.0926e-05
9.5980e-01 9.5980e-01 4.0201e-02 1.2465e-03 3.7273e+00 -6.1865e+00 1.4657e-01 2.7495e+02 2.5543e+02 3.2142e+01 -6.9100e+01 7.2926e+01 -2.4940e+00 -3.5856e-01 6.9967e+01 4.3481e-01 7.1043e+01 7.1312e+01 9.5980e-01 9.5980e-01 4.0201e-02 6.9630e-05
9.5477e-01 9.5477e-01 4.5226e-02 1.2391e-03 3.1894e+00 -6.5048e+00 1.4076e-01 2.7494e+02 2.5997e+02 3.6919e+01 -6.7635e+01 7.2491e+01 -2.3103e+00 -3.4917e-01 6.9528e+01 4.2015e-01 7.0641e+01 7.0887e+01 9.5477e-01 9.5477e-01 4.5226e-02 7.8334e-05
9.4975e-01 9.4975e-01 5.0251e-02 1.2330e-03 2.7276e+00 -6.7648e+00 1.3273e-01 2.7492e+02 2.6341e+02 4.0217e+01 -6.6041e+01 7.2124e+01 -2.1548e+00 -3.4265e-01 6.9160e+01 4.0562e-01 7.0303e+01 7.0529e+01 9.4975e-01 9.4975e-01 5.0251e-02 8.7038e-05
9.4472e-01 9.4472e-01 5.5276e-02 1.2275e-03 2.2848e+00 -7.0033e+00 1.2392e-01 2.7491e+02 2.6678e+02 4.2799e+01 -6.4441e+01 7.1799e+01 -2.0120e+00 -3.3811e-01 6.8832e+01 3.9117e-01 7.0003e+01 7.0211e+01 9.4472e-01 9.4472e-01 5.5276e-02 9.5742e-05
9.3970e-01 9.3970e-01 6.0302e-02 1.2229e-03 1.7058e+00 -7.2950e+00 1.1740e-01 2.7490e+02 2.7376e+02 4.5428e+01 -6.3263e+01 7.1544e+01 -1.8614e+00 -3.3795e-01 6.8539e+01 3.7691e-01 6.9753e+01 6.9945e+01 9.3970e-01 9.3970e-01 6.0302e-02 1.0445e-04
9.3467e-01 9.3467e-01 6.5327e-02 1.2186e-03 1.2710e+00 -7.5104e+00 1.0757e-01 2.7489e+02 2.7713e+02 4.7012e+01 -6.1723e+01 7.1297e+01 -1.7379e+00 -3.3599e-01 6.8282e+01 3.6295e-01 6.9519e+01 6.9699e+01 9.3467e-01 9.3467e-01 6.5327e-02 1.1315e-04
9.2965e-01 9.2965e-01 7.0352e-02 1.2146e-03 9.4758e-01 -7.6668e+00 9.5179e-02 2.7488e+02 2.7772e+02 4.7785e+01 -5.9904e+01 7.1056e+01 -1.6354e+00 -3.3266e-01 6.8052e+01 3.4921e-01 6.9298e+01 6.9469e+01 9.2965e-01 9.2965e-01 7.0352e-02 1.2185e-04
9.2462e-01 9.2462e-01 7.5377e-02 1.2111e-03 5.2112e-01 -7.8669e+00 8.5065e-02 2.7488e+02 2.8067e+02 4.8828e+01 -5.8378e+01 7.0861e+01 -1.5249e+00 -3.3206e-01 6.7843e+01 3.3565e-01 6.9109e+01 6.9271e+01 9.2462e-01 9.2462e-01 7.5377e-02 1.3056e-04
9.1960e-01 9.1960e-01 8.0402e-02 1.2077e-03 2.4765e-01 -7.9966e+00 7.3540e-02 2.7488e+02 2.7956e+02 4.9313e+01 -5.6548e+01 7.0648e+01 -1.4348e+00 -3.2720e-01 6.7652e+01 3.2276e-01 6.8915e+01 6.9072e+01 9.1960e-01 9.1960e-01 8.0402e-02 1.3926e-04
9.1457e-01 9.1457e-01 8.5427e-02 1.2042e-03 1.5883e-01 -8.0414e+00 6.0313e-02 2.7488e+02 2.7354e+02 4.9125e+01 -5.4352e+01 7.0414e+01 -1.3695e+00 -3.1721e-01 6.7480e+01 3.1069e-01 6.8717e+01 6.8870e+01 9.1457e-01 9.1457e-01 8.5427e-02 1.4796e-04
9.0955e-01 9.0955e-01 9.0452e-02 1.2010e-03 -7.3832e-03 -8.1245e+00 5.0438e-02 2.7487e+02 2.6923e+02 4.9470e+01 -5.2426e+01 7.0206e+01 -1.2933e+00 -3.0868e-01 6.7317e+01 2.9886e-01 6.8536e+01 6.8687e+01 9.0955e-01 9.0955e-01 9.0452e-02 1.5667e-04
9.0452e-01 9.0452e-01 9.5477e-02 1.1977e-03 -6.5298e-02 -8.1623e+00 4.1299e-02 2.7487e+02 2.6213e+02 4.9682e+01 -5.0369e+01 6.9983e+01 -1.2272e+00 -2.9676e-01 6.7163e+01 2.8762e-01 6.8349e+01 6.8499e+01 9.0452e-01 9.0452e-01 9.5477e-02 1.6537e-04
8.9950e-01 8.9950e-01 1.0050e-01 1.1943e-03 1.0024e-01 -8.1052e+00 3.2842e-02 2.7485e+02 2.4937e+02 4.9526e+01 -4.8005e+01 6.9723e+01 -1.1832e+00 -2.7804e-01 6.7023e+01 2.7748e-01 6.8149e+01 6.8299e+01 8.9950e-01 8.9950e-01 1.0050e-01 1.7408e-04
8.9447e-01 8.9447e-01 1.0553e-01 1.1911e-03 1.8253e-01 -8.0915e+00 2.7610e-02 2.7484e+02 2.3880e+02 5.0034e+01 -4.5921e+01 6.9487e+01 -1.1234e+00 -2.6158e-01 6.6887e+01 2.6736e-01 6.7964e+01 6.8113e+01 8.9447e-01 8.9447e-01 1.0553e-01 1.8278e-04
8.8945e-01 8.8945e-01 1.1055e-01 1.1879e-03 3.0552e-01 -8.0640e+00 2.3730e-02 2.7482e+02 2.2752e+02 5.0691e+01 -4.3852e+01 6.9248e+01 -1.0632e+00 -2.4424e-01 6.6756e+01 2.5753e-01 6.7780e+01 6.7928e+01 8.8945e-01 8.8945e-01 1.1055e-01 1.9148e-04
8.8442e-01 8.8442e-01 1.1558e-01 1.1847e-03 6.3419e-01 -7.9538e+00 2.1444e-02 2.7479e+02 2.1198e+02 5.1252e+01 -4.1589e+01 6.8980e+01 -1.0150e+00 -2.2204e-01 6.6638e+01 2.4859e-01 6.7589e+01 6.7735e+01 8.8442e-01 8.8442e-01 1.1558e-01 2.0019e-04
8.7940e-01 8.7940e-01 1.2060e-01 1.1818e-03 8.5898e-01 -7.8950e+00 1.9297e-02 2.7475e+02 1.9963e+02 5.2377e+01 -3.9533e+01 6.8744e+01 -9.4783e-01 -2.0315e-01 6.6524e+01 2.3970e-01 6.7417e+01 6.7562e+01 8.7940e-01 8.7940e-01 1.2060e-01 2.0889e-04
8.7437e-01 8.7437e-01 1.2563e-01 1.1796e-03 5.2558e-01 -7.8512e+00 3.5264e-02 2.7466e+02 1.9511e+02 4.4401e+01 -3.9847e+01 6.8536e+01 -9.4656e-01 -1.9259e-01 6.6391e+01 2.4081e-01 6.7306e+01 6.7411e+01 8.7437e-01 8.7437e-01 1.2563e-01 2.1759e-04
8.6935e-01 8.6935e-01 1.3065e-01 1.1772e-03 5.1728e-01 -7.8190e+00 3.8224e-02 2.7464e+02 1.9030e+02 4.3783e+01 -3.8586e+01 6.8347e+01 -9.4055e-01 -1.8470e-01 6.6290e+01 2.3460e-01 6.7167e+01 6.7268e+01 8.6935e-01 8.6935e-01 1.3065e-01 2.2630e-04
8.6432e-01 8.6432e-01 1.3568e-01 1.1749e-03 4.8344e-01 -7.7963e+00 4.0821e-02 2.7461e+02 1.8588e+02 4.3234e+01 -3.7395e+01 6.8166e+01 -9.3024e-01 -1.7677e-01 6.6191e+01 2.2851e-01 6.7034e+01 6.7130e+01 8.6432e-01 8.6432e-01 1.3568e-01 2.3500e-04
8.5930e-01 8.5930e-01 1.4070e-01 1.1727e-03 4.3021e-01 -7.7807e+00 4.3135e-02 2.7458e+02 1.8175e+02 4.2735e+01 -3.6258e+01 6.7990e+01 -9.1662e-01 -1.6883e-01 6.6094e+01 2.2250e-01 6.6905e+01 6.6996e+01 8.5930e-01 8.5930e-01 1.4070e-01 2.4371e-04
8.5427e-01 8.5427e-01 1.4573e-01 1.1706e-03 3.6849e-01 -7.7601e+00 4.4835e-02 2.7456e+02 1.7800e+02 4.2220e+01 -3.5184e+01 6.7829e+01 -8.9982e-01 -1.6142e-01 6.6007e+01 2.1657e-01 6.6787e+01 6.6874e+01 8.5427e-01 8.5427e-01 1.4573e-01 2.5241e-04
8.4925e-01 8.4925e-01 1.5075e-01 1.1686e-03 2.8883e-01 -7.7455e+00 4.6414e-02 2.7453e+02 1.7453e+02 4.1736e+01 -3.4156e+01 6.7672e+01 -8.8027e-01 -1.5410e-01 6.5922e+01 2.1068e-01 6.6672e+01 6.6755e+01 8.4925e-01 8.4925e-01 1.5075e-01 2.6111e-04
8.4422e-01 8.4422e-01 1.5578e-01 1.1667e-03 1.8818e-01 -7.7380e+00 4.7850e-02 2.7451e+02 1.7136e+02 4.1291e+01 -3.3181e+01 6.7521e+01 -8.5748e-01 -1.4687e-01 6.5838e+01 2.0482e-01 6.6560e+01 6.6640e+01 8.4422e-01 8.4422e-01 1.5578e-01 2.6982e-04
8.3920e-01 8.3920e-01 1.6080e-01 1.1650e-03 9.1474e-02 -7.7196e+00 4.8984e-02 2.7449e+02 1.6835e+02 4.0771e+01 -3.2234e+01 6.7379e+01 -8.3452e-01 -1.4016e-01 6.5762e+01 1.9900e-01 6.6457e+01 6.6533e+01 8.3920e-01 8.3920e-01 1.6080e-01 2.7852e-04
8.3417e-01 8.3417e-01 1.6583e-01 1.1632e-03 -1.6655e-02 -7.7036e+00 5.0045e-02 2.7446e+02 1.6552e+02 4.0257e+01 -3.1317e+01 6.7242e+01 -8.0990e-01 -1.3361e-01 6.5688e+01 1.9320e-01 6.6357e+01 6.6429e+01 8.3417e-01 8.3417e-01 1.6583e-01 2.8722e-04
8.2915e-01 8.2915e-01 1.7085e-01 1.1616e-03 -1.4660e-01 -7.6941e+00 5.1031e-02 2.7444e+02 1.6300e+02 3.9766e+01 -3.0451e+01 6.7110e+01 -7.8224e-01 -1.2725e-01 6.5616e+01 1.8742e-01 6.6260e+01 6.6329e+01 8.2915e-01 8.2915e-01 1.7085e-01 2.9593e-04
8.2412e-01 8.2412e-01 1.7588e-01 1.1600e-03 -2.6417e-01 -7.6707e+00 5.1796e-02 2.7442e+02 1.6046e+02 3.9182e+01 -2.9587e+01 6.6984e+01 -7.5636e-01 -1.2125e-01 6.5550e+01 1.8171e-01 6.6169e+01 6.6234e+01 8.2412e-01 8.2412e-01 1.7588e-01 3.0463e-04
8.1910e-01 8.1910e-01 1.8090e-01 1.1585e-03 -3.8565e-01 -7.6455e+00 5.2485e-02 2.7440e+02 1.5801e+02 3.8577e+01 -2.8739e+01 6.6862e+01 -7.3004e-01 -1.1541e-01 6.5485e+01 1.7603e-01 6.6080e+01 6.6142e+01 8.1910e-01 8.1910e-01 1.8090e-01 3.1334e-04
8.1407e-01 8.1407e-01 1.8593e-01 1.1570e-03 -5.2924e-01 -7.6261e+00 5.3114e-02 2.7438e+02 1.5587e+02 3.7988e+01 -2.7939e+01 6.6745e+01 -7.0095e-01 -1.0983e-01 6.5423e+01 1.7038e-01 6.5995e+01 6.6054e+01 8.1407e-01 8.1407e-01 1.8593e-01 3.2204e-04
8.0905e-01 8.0905e-01 1.9095e-01 1.1556e-03 -6.5589e-01 -7.5918e+00 5.3529e-02 2.7436e+02 1.5361e+02 3.7311e+01 -2.7128e+01 6.6631e+01 -6.7458e-01 -1.0443e-01 6.5364e+01 1.6483e-01 6.5913e+01 6.5969e+01 8.0905e-01 8.0905e-01 1.9095e-01 3.3074e-04
8.0402e-01 8.0402e-01 1.9598e-01 1.1542e-03 -7.7826e-01 -7.5516e+00 5.3838e-02 2.7434e+02 1.5134e+02 3.6597e+01 -2.6319e+01 6.6519e+01 -6.4905e-01 -9.9160e-02 6.5307e+01 1.5934e-01 6.5832e+01 6.5886e+01 8.0402e-01 8.0402e-01 1.9598e-01 3.3945e-04
7.9899e-01 7.9899e-01 2.0101e-01 1.1529e-03 -9.2288e-01 -7.5165e+00 5.4082e-02 2.7432e+02 1.4937e+02 3.5897e+01 -2.5556e+01 6.6412e+01 -6.2093e-01 -9.4163e-02 6.5252e+01 1.5391e-01 6.5756e+01 6.5807e+01 7.9899e-01 7.9899e-01 2.0101e-01 3.4815e-04
7.9397e-01 7.9397e-01 2.0603e-01 1.1516e-03 -1.0493e+00 -7.4676e+00 5.4125e-02 2.7430e+02 1.4723e+02 3.5135e+01 -2.4779e+01 6.6307e+01 -5.9569e-01 -8.9221e-02 6.5200e+01 1.4860e-01 6.5681e+01 6.5729e+01 7.9397e-01 7.9397e-01 2.0603e-01 3.5685e-04
7.8894e-01 7.8894e-01 2.1106e-01 1.1504e-03 -1.1631e+00 -7.4087e+00 5.4021e-02 2.7428e+02 1.4499e+02 3.4327e+01 -2.3991e+01 6.6203e+01 -5.7248e-01 -8.4325e-02 6.5150e+01 1.4338e-01 6.5607e+01 6.5653e+01 7.8894e-01 7.8894e-01 2.1106e-01 3.6556e-04
7.8392e-01 7.8392e-01 2.1608e-01 1.1492e-03 -1.2995e+00 -7.3547e+00 5.3855e-02 2.7426e+02 1.4305e+02 3.3547e+01 -2.3251e+01 6.6104e+01 -5.4667e-01 -7.9718e-02 6.5102e+01 1.3823e-01 6.5537e+01 6.5581e+01 7.8392e-01 7.8392e-01 2.1608e-01 3.7426e-04
7.7889e-01 7.7889e-01 2.2111e-01 1.1480e-03 -1.4192e+00 -7.2891e+00 5.3521e-02 2.7424e+02 1.4096e+02 3.2734e+01 -2.2497e+01 6.6006e+01 -5.2332e-01 -7.5083e-02 6.5055e+01 1.3319e-01 6.5467e+01 6.5510e+01 7.7889e-01 7.7889e-01 2.2111e-01 3.8297e-04
7.7387e-01 7.7387e-01 2.2613e-01 1.1469e-03 -1.5199e+00 -7.2104e+00 5.2996e-02 2.7422e+02 1.3869e+02 3.1886e+01 -2.1727e+01 6.5908e+01 -5.0278e-01 -7.0414e-02 6.5011e+01 1.2828e-01 6.5399e+01 6.5439e+01 7.7387e-01 7.7387e-01 2.2613e-01 3.9167e-04
7.6884e-01 7.6884e-01 2.3116e-01 1.1458e-03 -1.6407e+00 -7.1362e+00 5.2427e-02 2.7420e+02 1.3671e+02 3.1083e+01 -2.1001e+01 6.5815e+01 -4.7974e-01 -6.6003e-02 6.4968e+01 1.2344e-01 6.5333e+01 6.5372e+01 7.6884e-01 7.6884e-01 2.3116e-01 4.0037e-04
7.6382e-01 7.6382e-01 2.3618e-01 1.1447e-03 -1.7498e+00 -7.0539e+00 5.1718e-02 2.7418e+02 1.3463e+02 3.0282e+01 -2.0268e+01 6.5722e+01 -4.5820e-01 -6.1552e-02 6.4926e+01 1.1869e-01 6.5268e+01 6.5305e+01 7.6382e-01 7.6382e-01 2.3618e-01 4.0908e-04
7.5879e-01 7.5879e-01 2.4121e-01 1.1437e-03 -1.8348e+00 -6.9562e+00 5.0767e-02 2.7416e+02 1.3234e+02 2.9476e+01 -1.9517e+01 6.5629e+01 -4.3976e-01 -5.6984e-02 6.4887e+01 1.1410e-01 6.5205e+01 6.5240e+01 7.5879e-01 7.5879e-01 2.4121e-01 4.1778e-04
7.5377e-01 7.5377e-01 2.4623e-01 1.1426e-03 -1.9376e+00 -6.8631e+00 4.9761e-02 2.7414e+02 1.3031e+02 2.8735e+01 -1.8803e+01 6.5539e+01 -4.1880e-01 -5.2637e-02 6.4848e+01 1.0956e-01 6.5143e+01 6.5177e+01 7.5377e-01 7.5377e-01 2.4623e-01 4.2648e-04
7.4874e-01 7.4874e-01 2.5126e-01 1.1417e-03 -2.1418e+00 -6.8047e+00 4.8043e-02 2.7411e+02 1.2890e+02 2.7800e+01 -1.8147e+01 6.5456e+01 -3.9221e-01 -4.8500e-02 6.4807e+01 1.0542e-01 6.5086e+01 6.5116e+01 7.4874e-01 7.4874e-01 2.5126e-01 4.3519e-04
7.4372e-01 7.4372e-01 2.5628e-01 1.1407e-03 -2.2363e+00 -6.6974e+00 4.8178e-02 2.7410e+02 1.2667e+02 2.6751e+01 -1.7489e+01 6.5368e+01 -3.7787e-01 -4.4674e-02 6.4768e+01 1.0130e-01 6.5025e+01 6.5053e+01 7.4372e-01 7.4372e-01 2.5628e-01 4.4389e-04
7.3869e-01 7.3869e-01 2.6131e-01 1.1397e-03 -2.3427e+00 -6.5920e+00 4.8146e-02 2.7408e+02 1.2458e+02 2.5715e+01 -1.6850e+01 6.5282e+01 -3.6202e-01 -4.0960e-02 6.4729e+01 9.7243e-02 6.4965e+01 6.4992e+01 7.3869e-01 7.3869e-01 2.6131e-01 4.5260e-04
7.3367e-01 7.3367e-01 2.6633e-01 1.1387e-03 -2.4540e+00 -6.4864e+00 4.7982e-02 2.7406e+02 1.2258e+02 2.4684e+01 -1.6222e+01 6.5198e+01 -3.4550e-01 -3.7337e-02 6.4692e+01 9.3221e-02 6.4907e+01 6.4932e+01 7.3367e-01 7.3367e-01 2.6633e-01 4.6130e-04
7.2864e-01 7.2864e-01 2.7136e-01 1.1378e-03 -2.5642e+00 -6.3746e+00 4.7463e-02 2.7404e+02 1.2071e+02 2.3645e+01 -1.5614e+01 6.5119e+01 -3.2897e-01 -3.3983e-02 6.4656e+01 8.9268e-02 6.4851e+01 6.4875e+01 7.2864e-01 7.2864e-01 2.7136e-01 4.7000e-04
7.2362e-01 7.2362e-01 2.7638e-01 1.1369e-03 -2.6831e+00 -6.2641e+00 4.6856e-02 2.7402e+02 1.1894e+02 2.2616e+01 -1.5021e+01 6.5042e+01 -3.1133e-01 -3.0734e-02 6.4620e+01 8.5372e-02 6.4797e+01 6.4820e+01 7.2362e-01 7.2362e-01 2.7638e-01 4.7871e-04
7.1859e-01 7.1859e-01 2.8141e-01 1.1360e-03 -2.8081e+00 -6.1542e+00 4.6180e-02 2.7400e+02 1.1724e+02 2.1593e+01 -1.4438e+01 6.4966e+01 -2.9291e-01 -2.7568e-02 6.4585e+01 8.1518e-02 6.4744e+01 6.4765e+01 7.1859e-01 7.1859e-01 2.8141e-01 4.8741e-04
7.1357e-01 7.1357e-01 2.8643e-01 1.1352e-03 -2.9276e+00 -6.0363e+00 4.5218e-02 2.7398e+02 1.1563e+02 2.0561e+01 -1.3877e+01 6.4895e+01 -2.7500e-01 -2.4680e-02 6.4552e+01 7.7762e-02 6.4693e+01 6.4713e+01 7.1357e-01 7.1357e-01 2.8643e-01 4.9612e-04
7.0854e-01 7.0854e-01 2.9146e-01 1.1344e-03 -3.0533e+00 -5.9193e+00 4.4217e-02 2.7396e+02 1.1410e+02 1.9538e+01 -1.3326e+01 6.4825e+01 -2.5631e-01 -2.1881e-02 6.4518e+01 7.4057e-02 6.4643e+01 6.4662e+01 7.0854e-01 7.0854e-01 2.9146e-01 5.0482e-04
7.0352e-01 7.0352e-01 2.9648e-01 1.1336e-03 -3.1859e+00 -5.8031e+00 4.3173e-02 2.7395e+02 1.1263e+02 1.8522e+01 -1.2788e+01 6.4756e+01 -2.3674e-01 -1.9180e-02 6.4485e+01 7.0407e-02 6.4595e+01 6.4612e+01 7.0352e-01 7.0352e-01 2.9648e-01 5.1352e-04
6.9849e-01 6.9849e-01 3.0151e-01 1.1328e-03 -3.3096e+00 -5.6787e+00 4.1937e-02 2.7393e+02 1.1121e+02 1.7500e+01 -1.2268e+01 6.4692e+01 -2.1808e-01 -1.6710e-02 6.4454e+01 6.6869e-02 6.4548e+01 6.4564e+01 6.9849e-01 6.9849e-01 3.0151e-01 5.2223e-04
6.9347e-01 6.9347e-01 3.0653e-01 1.1320e-03 -3.4368e+00 -5.5541e+00 4.0670e-02 2.7391e+02 1.0983e+02 1.6483e+01 -1.1756e+01 6.4629e+01 -1.9896e-01 -1.4329e-02 6.4422e+01 6.3382e-02 6.4502e+01 6.4518e+01 6.9347e-01 6.9347e-01 3.0653e-01 5.3093e-04
6.8844e-01 6.8844e-01 3.1156e-01 1.1313e-03 -3.5712e+00 -5.4304e+00 3.9379e-02 2.7389e+02 1.0853e+02 1.5477e+01 -1.1259e+01 6.4567e+01 -1.7892e-01 -1.2066e-02 6.4391e+01 5.9969e-02 6.4457e+01 6.4472e+01 6.8844e-01 6.8844e-01 3.1156e-01 5.3963e-04
6.8342e-01 6.8342e-01 3.1658e-01 1.1306e-03 -3.6950e+00 -5.2992e+00 3.7968e-02 2.7387e+02 1.0722e+02 1.4468e+01 -1.0775e+01 6.4508e+01 -1.5998e-01 -9.9735e-03 6.4361e+01 5.6667e-02 6.4414e+01 6.4428e+01 6.8342e-01 6.8342e-01 3.1658e-01 5.4834e-04
6.7839e-01 6.7839e-01 3.2161e-01 1.1299e-03 -3.8188e+00 -5.1665e+00 3.6526e-02 2.7386e+02 1.0593e+02 1.3462e+01 -1.0299e+01 6.4451e+01 -1.4097e-01 -7.9672e-03 6.4331e+01 5.3423e-02 6.4372e+01 6.4384e+01 6.7839e-01 6.7839e-01 3.2161e-01 5.5704e-04
6.7337e-01 6.7337e-01 3.2663e-01 1.1293e-03 -3.9500e+00 -5.0348e+00 3.5081e-02 2.7384e+02 1.0471e+02 1.2471e+01 -9.8388e+00 6.4395e+01 -1.2100e-01 -6.0965e-03 6.4301e+01 5.0272e-02 6.4330e+01 6.4342e+01 6.7337e-01 6.7337e-01 3.2663e-01 5.6575e-04
6.6834e-01 6.6834e-01 3.3166e-01 1.1286e-03 -4.0698e+00 -4.8965e+00 3.3560e-02 2.7382e+02 1.0346e+02 1.1480e+01 -9.3882e+00 6.4342e+01 -1.0220e-01 -4.3439e-03 6.4272e+01 4.7227e-02 6.4290e+01 6.4301e+01 6.6834e-01 6.6834e-01 3.3166e-01 5.7445e-04
6.6332e-01 6.6332e-01 3.3668e-01 1.1280e-03 -4.1862e+00 -4.7557e+00 3.2009e-02 2.7381e+02 1.0221e+02 1.0493e+01 -8.9445e+00 6.4289e+01 -8.3713e-02 -2.6674e-03 6.4243e+01 4.4246e-02 6.4250e+01 6.4261e+01 6.6332e-01 6.6332e-01 3.3668e-01 5.8315e-04
6.5829e-01 6.5829e-01 3.4171e-01 1.1274e-03 -4.3098e+00 -4.6160e+00 3.0472e-02 2.7379e+02 1.0102e+02 9.5230e+00 -8.5173e+00 6.4239e+01 -6.4227e-02 -1.1409e-03 6.4215e+01 4.1376e-02 6.4212e+01 6.4222e+01 6.5829e-01 6.5829e-01 3.4171e-01 5.9186e-04
6.5327e-01 6.5327e-01 3.4673e-01 1.1268e-03 -4.4222e+00 -4.4710e+00 2.8888e-02 2.7377e+02 9.9785e+01 8.5577e+00 -8.0973e+00 6.4190e+01 -4.5859e-02 3.0823e-04 6.4187e+01 3.8602e-02 6.4174e+01 6.4184e+01 6.5327e-01 6.5327e-01 3.4673e-01 6.0056e-04
6.4824e-01 6.4824e-01 3.5176e-01 1.1262e-03 -4.5274e+00 -4.3224e+00 2.7273e-02 2.7376e+02 9.8517e+01 7.5966e+00 -7.6830e+00 6.4143e+01 -2.8213e-02 1.6978e-03 6.4159e+01 3.5898e-02 6.4137e+01 6.4146e+01 6.4824e-01 6.4824e-01 3.5176e-01 6.0926e-04
6.4322e-01 6.4322e-01 3.5678e-01 1.1256e-03 -4.6398e+00 -4.1752e+00 2.5687e-02 2.7374e+02 9.7310e+01 6.6576e+00 -7.2862e+00 6.4097e+01 -9.5134e-03 2.9242e-03 6.4131e+01 3.3323e-02 6.4101e+01 6.4110e+01 6.4322e-01 6.4322e-01 3.5678e-01 6.1797e-04
6.3819e-01 6.3819e-01 3.6181e-01 1.1250e-03 -4.7420e+00 -4.0240e+00 2.4072e-02 2.7372e+02 9.6051e+01 5.7258e+00 -6.8948e+00 6.4053e+01 8.2101e-03 4.1028e-03 6.4104e+01 3.0828e-02 6.4066e+01 6.4074e+01 6.3819e-01 6.3819e-01 3.6181e-01 6.2667e-04
6.3317e-01 6.3317e-01 3.6683e-01 1.1245e-03 -4.8335e+00 -3.8685e+00 2.2427e-02 2.7371e+02 9.4737e+01 4.8014e+00 -6.5090e+00 6.4010e+01 2.4895e-02 5.2303e-03 6.4076e+01 2.8419e-02 6.4032e+01 6.4039e+01 6.3317e-01 6.3317e-01 3.6683e-01 6.3538e-04
6.2814e-01 6.2814e-01 3.7186e-01 1.1240e-03 -4.9312e+00 -3.7148e+00 2.0816e-02 2.7369e+02 9.3472e+01 3.9015e+00 -6.1395e+00 6.3969e+01 4.2561e-02 6.2045e-03 6.4049e+01 2.6136e-02 6.3998e+01 6.4006e+01 6.2814e-01 6.2814e-01 3.7186e-01 6.4408e-04
6.2312e-01 6.2312e-01 3.7688e-01 1.1234e-03 -5.0662e+00 -3.5731e+00 1.9334e-02 2.7367e+02 9.2470e+01 3.0279e+00 -5.7914e+00 6.3929e+01 6.3405e-02 6.9889e-03 6.4021e+01 2.3947e-02 6.3965e+01 6.3972e+01 6.2312e-01 6.2312e-01 3.7688e-01 6.5278e-04
6.1809e-01 6.1809e-01 3.8191e-01 1.1229e-03 -5.1493e+00 -3.4135e+00 1.7778e-02 2.7365e+02 9.1261e+01 2.0701e+00 -5.4330e+00 6.3890e+01 7.7789e-02 7.8319e-03 6.3992e+01 2.1868e-02 6.3932e+01 6.3938e+01 6.1809e-01 6.1809e-01 3.8191e-01 6.6149e-04
6.1307e-01 6.1307e-01 3.8693e-01 1.1224e-03 -5.2367e+00 -3.2553e+00 1.6238e-02 2.7364e+02 9.0091e+01 1.1359e+00 -5.0894e+00 6.3852e+01 9.2826e-02 8.5534e-03 6.3964e+01 1.9899e-02 6.3900e+01 6.3905e+01 6.1307e-01 6.1307e-01 3.8693e-01 6.7019e-04
6.0804e-01 6.0804e-01 3.9196e-01 1.1219e-03 -5.3228e+00 -3.0972e+00 1.4708e-02 2.7362e+02 8.8936e+01 2.1085e-01 -4.7532e+00 6.3816e+01 1.0784e-01 9.1970e-03 6.3936e+01 1.7990e-02 6.3868e+01 6.3873e+01 6.0804e-01 6.0804e-01 3.9196e-01 6.7889e-04
6.0302e-01 6.0302e-01 3.9698e-01 1.1214e-03 -5.4027e+00 -2.9379e+00 1.3189e-02 2.7361e+02 8.7796e+01 -7.0341e-01 -4.4290e+00 6.3781e+01 1.2241e-01 9.6991e-03 6.3908e+01 1.6180e-02 6.3838e+01 6.3842e+01 6.0302e-01 6.0302e-01 3.9698e-01 6.8760e-04
5.9799e-01 5.9799e-01 4.0201e-01 1.1210e-03 -5.4855e+00 -2.7800e+00 1.1698e-02 2.7359e+02 8.6684e+01 -1.5966e+00 -4.1170e+00 6.3749e+01 1.3744e-01 1.0096e-02 6.3880e+01 1.4468e-02 6.3808e+01 6.3812e+01 5.9799e-01 5.9799e-01 4.0201e-01 6.9630e-04
5.9296e-01 5.9296e-01 4.0704e-01 1.1205e-03 -5.5679e+00 -2.6226e+00 1.0225e-02 2.7357e+02 8.5584e+01 -2.4785e+00 -3.8124e+00 6.3717e+01 1.5253e-01 1.0423e-02 6.3852e+01 1.2817e-02 6.3779e+01 6.3783e+01 5.9296e-01 5.9296e-01 4.0704e-01 7.0501e-04
5.8794e-01 5.8794e-01 4.1206e-01 1.1201e-03 -5.6416e+00 -2.4643e+00 8.7885e-03 2.7356e+02 8.4490e+01 -3.3464e+00 -3.5210e+00 6.3688e+01 1.6687e-01 1.0600e-02 6.3825e+01 1.1283e-02 6.3751e+01 6.3754e+01 5.8794e-01 5.8794e-01 4.1206e-01 7.1371e-04
5.8291e-01 5.8291e-01 4.1709e-01 1.1197e-03 -5.7172e+00 -2.3073e+00 7.3832e-03 2.7354e+02 8.3415e+01 -4.1959e+00 -3.2396e+00 6.3659e+01 1.8152e-01 1.0691e-02 6.3797e+01 9.8337e-03 6.3723e+01 6.3727e+01 5.8291e-01 5.8291e-01 4.1709e-01 7.2241e-04
5.7789e-01 5.7789e-01 4.2211e-01 1.1193e-03 -5.7936e+00 -2.1512e+00 6.0014e-03 2.7353e+02 8.2353e+01 -5.0322e+00 -2.9656e+00 6.3632e+01 1.9633e-01 1.0717e-02 6.3769e+01 8.4464e-03 6.3696e+01 6.3699e+01 5.7789e-01 5.7789e-01 4.2211e-01 7.3112e-04
5.7286e-01 5.7286e-01 4.2714e-01 1.1189e-03 -5.8584e+00 -1.9946e+00 4.6818e-03 2.7351e+02 8.1285e+01 -5.8508e+00 -2.7059e+00 6.3607e+01 2.1006e-01 1.0592e-02 6.3742e+01 7.1951e-03 6.3670e+01 6.3673e+01 5.7286e-01 5.7286e-01 4.2714e-01 7.3982e-04
5.6784e-01 5.6784e-01 4.3216e-01 1.1185e-03 -5.9244e+00 -1.8393e+00 3.3919e-03 2.7349e+02 8.0230e+01 -6.6537e+00 -2.4541e+00 6.3583e+01 2.2398e-01 1.0400e-02 6.3714e+01 6.0127e-03 6.3645e+01 6.3648e+01 5.6784e-01 5.6784e-01 4.3216e-01 7.4852e-04
5.6281e-01 5.6281e-01 4.3719e-01 1.1181e-03 -5.9917e+00 -1.6852e+00 2.1326e-03 2.7348e+02 7.9189e+01 -7.4406e+00 -2.2105e+00 6.3560e+01 2.3812e-01 1.0138e-02 6.3687e+01 4.9012e-03 6.3620e+01 6.3623e+01 5.6281e-01 5.6281e-01 4.3719e-01 7.5723e-04
5.5779e-01 5.5779e-01 4.4221e-01 1.1177e-03 -6.0461e+00 -1.5313e+00 9.5032e-04 2.7346e+02 7.8132e+01 -8.2080e+00 -1.9806e+00 6.3539e+01 2.5097e-01 9.7484e-03 6.3660e+01 3.9249e-03 6.3596e+01 6.3599e+01 5.5779e-01 5.5779e-01 4.4221e-01 7.6593e-04
5.5276e-01 5.5276e-01 4.4724e-01 1.1174e-03 -6.1004e+00 -1.3785e+00 -2.0116e-04 2.7345e+02 7.7082e+01 -8.9616e+00 -1.7575e+00 6.3519e+01 2.6386e-01 9.3012e-03 6.3633e+01 3.0106e-03 6.3573e+01 6.3575e+01 5.5276e-01 5.5276e-01 4.4724e-01 7.7464e-04
5.4774e-01 5.4774e-01 4.5226e-01 1.1170e-03 -6.1558e+00 -1.2274e+00 -1.3113e-03 2.7344e+02 7.6047e+01 -9.6950e+00 -1.5440e+00 6.3500e+01 2.7693e-01 8.7749e-03 6.3605e+01 2.1819e-03 6.3550e+01 6.3552e+01 5.4774e-01 5.4774e-01 4.5226e-01 7.8334e-04
5.4271e-01 5.4271e-01 4.5729e-01 1.1167e-03 -6.1987e+00 -1.0770e+00 -2.3419e-03 2.7342e+02 7.4991e+01 -1.0410e+01 -1.3423e+00 6.3483e+01 2.8871e-01 8.1556e-03 6.3578e+01 1.4718e-03 6.3528e+01 6.3530e+01 5.4271e-01 5.4271e-01 4.5729e-01 7.9204e-04
5.3769e-01 5.3769e-01 4.6231e-01 1.1164e-03 -6.2394e+00 -9.2764e-01 -3.3362e-03 2.7341e+02 7.3936e+01 -1.1111e+01 -1.1472e+00 6.3466e+01 3.0027e-01 7.4847e-03 6.3551e+01 8.2340e-04 6.3506e+01 6.3508e+01 5.3769e-01 5.3769e-01 4.6231e-01 8.0075e-04
5.3266e-01 5.3266e-01 4.6734e-01 1.1161e-03 -6.2809e+00 -7.8066e-01 -4.2781e-03 2.7339e+02 7.2895e+01 -1.1788e+01 -9.6292e-01 6.3451e+01 3.1199e-01 6.7284e-03 6.3524e+01 2.7355e-04 6.3485e+01 6.3487e+01 5.3266e-01 5.3266e-01 4.6734e-01 8.0945e-04
5.2764e-01 5.2764e-01 4.7236e-01 1.1158e-03 -6.3109e+00 -6.3482e-01 -5.1422e-03 2.7338e+02 7.1833e+01 -1.2448e+01 -7.8867e-01 6.3437e+01 3.2246e-01 5.9094e-03 6.3498e+01 -1.7573e-04 6.3465e+01 6.3467e+01 5.2764e-01 5.2764e-01 4.7236e-01 8.1815e-04
5.2261e-01 5.2261e-01 4.7739e-01 1.1155e-03 -6.3364e+00 -4.9003e-01 -5.9633e-03 2.7337e+02 7.0766e+01 -1.3094e+01 -6.2071e-01 6.3423e+01 3.3245e-01 5.0483e-03 6.3471e+01 -5.6421e-04 6.3445e+01 6.3446e+01 5.2261e-01 5.2261e-01 4.7739e-01 8.2686e-04
5.1759e-01 5.1759e-01 4.8241e-01 1.1152e-03 -6.3626e+00 -3.4833e-01 -6.7205e-03 2.7335e+02 6.9713e+01 -1.3712e+01 -4.6476e-01 6.3411e+01 3.4256e-01 4.0987e-03 6.3444e+01 -8.4329e-04 6.3426e+01 6.3427e+01 5.1759e-01 5.1759e-01 4.8241e-01 8.3556e-04
5.1256e-01 5.1256e-01 4.8744e-01 1.1149e-03 -6.3784e+00 -2.0812e-01 -7.4046e-03 2.7334e+02 6.8640e+01 -1.4314e+01 -3.1716e-01 6.3400e+01 3.5151e-01 3.1116e-03 6.3418e+01 -1.0408e-03 6.3407e+01 6.3408e+01 5.1256e-01 5.1256e-01 4.8744e-01 8.4427e-04
5.0754e-01 5.0754e-01 4.9246e-01 1.1146e-03 -6.3877e+00 -6.9105e-02 -8.0374e-03 2.7333e+02 6.7556e+01 -1.4904e+01 -1.7566e-01 6.3389e+01 3.5973e-01 2.0951e-03 6.3391e+01 -1.1793e-03 6.3389e+01 6.3390e+01 5.0754e-01 5.0754e-01 4.9246e-01 8.5297e-04
5.0251e-01 5.0251e-01 4.9749e-01 1.1144e-03 -6.3973e+00 6.5992e-02 -8.5941e-03 2.7332e+02 6.6487e+01 -1.5460e+01 -4.7205e-02 6.3380e+01 3.6801e-01 9.9030e-04 6.3365e+01 -1.2003e-03 6.3371e+01 6.3372e+01 5.0251e-01 5.0251e-01 4.9749e-01 8.6167e-04
4.9749e-01 4.9749e-01 5.0251e-01 1.1141e-03 -6.4180e+00 1.9515e-01 -9.1141e-03 2.7330e+02 6.5468e+01 -1.6007e+01 7.2601e-02 6.3373e+01 3.7718e-01 -3.1862e-04 6.3339e+01 -1.1833e-03 6.3354e+01 6.3355e+01 4.9749e-01 4.9749e-01 5.0251e-01 8.7038e-04
4.9246e-01 4.9246e-01 5.0754e-01 1.1139e-03 -6.4130e+00 3.2617e-01 -9.5391e-03 2.7329e+02 6.4426e+01 -1.6558e+01 1.8861e-01 6.3365e+01 3.8259e-01 -1.5146e-03 6.3313e+01 -1.0919e-03 6.3338e+01 6.3338e+01 4.9246e-01 4.9246e-01 5.0754e-01 8.7908e-04
4.8744e-01 4.8744e-01 5.1256e-01 1.1136e-03 -6.4081e+00 4.5300e-01 -9.8832e-03 2.7328e+02 6.3392e+01 -1.7074e+01 2.9256e-01 6.3358e+01 3.8798e-01 -2.7842e-03 6.3287e+01 -8.9081e-04 6.3322e+01 6.3322e+01 4.8744e-01 4.8744e-01 5.1256e-01 8.8778e-04
4.8241e-01 4.8241e-01 5.1759e-01 1.1134e-03 -6.3991e+00 5.7720e-01 -1.0169e-02 2.7327e+02 6.2356e+01 -1.7570e+01 3.9090e-01 6.3352e+01 3.9289e-01 -4.1020e-03 6.3262e+01 -6.4054e-04 6.3306e+01 6.3307e+01 4.8241e-01 4.8241e-01 5.1759e-01 8.9649e-04
4.7739e-01 4.7739e-01 5.2261e-01 1.1132e-03 -6.3837e+00 6.9770e-01 -1.0371e-02 2.7326e+02 6.1315e+01 -1.8039e+01 4.8159e-01 6.3347e+01 3.9706e-01 -5.4885e-03 6.3237e+01 -3.2346e-04 6.3291e+01 6.3292e+01 4.7739e-01 4.7739e-01 5.2261e-01 9.0519e-04
4.7236e-01 4.7236e-01 5.2764e-01 1.1130e-03 -6.3682e+00 8.1430e-01 -1.0503e-02 2.7325e+02 6.0283e+01 -1.8478e+01 5.6233e-01 6.3343e+01 4.0118e-01 -6.9288e-03 6.3212e+01 8.3770e-05 6.3276e+01 6.3277e+01 4.7236e-01 4.7236e-01 5.2764e-01 9.1390e-04
4.6734e-01 4.6734e-01 5.3266e-01 1.1128e-03 -6.3496e+00 9.2831e-01 -1.0583e-02 2.7324e+02 5.9249e+01 -1.8898e+01 6.3782e-01 6.3340e+01 4.0492e-01 -8.4039e-03 6.3188e+01 5.3693e-04 6.3262e+01 6.3263e+01 4.6734e-01 4.6734e-01 5.3266e-01 9.2260e-04
4.6231e-01 4.6231e-01 5.3769e-01 1.1126e-03 -6.3233e+00 1.0377e+00 -1.0566e-02 2.7323e+02 5.8210e+01 -1.9288e+01 7.0490e-01 6.3337e+01 4.0774e-01 -9.9407e-03 6.3164e+01 1.0623e-03 6.3249e+01 6.3250e+01 4.6231e-01 4.6231e-01 5.3769e-01 9.3130e-04
4.5729e-01 4.5729e-01 5.4271e-01 1.1124e-03 -6.2967e+00 1.1435e+00 -1.0488e-02 2.7322e+02 5.7177e+01 -1.9652e+01 7.6401e-01 6.3335e+01 4.1048e-01 -1.1513e-02 6.3140e+01 1.6586e-03 6.3236e+01 6.3237e+01 4.5729e-01 4.5729e-01 5.4271e-01 9.4001e-04
4.5226e-01 4.5226e-01 5.4774e-01 1.1122e-03 -6.2682e+00 1.2468e+00 -1.0365e-02 2.7321e+02 5.6145e+01 -1.9998e+01 8.1828e-01 6.3333e+01 4.1296e-01 -1.3109e-02 6.3116e+01 2.2969e-03 6.3223e+01 6.3224e+01 4.5226e-01 4.5226e-01 5.4774e-01 9.4871e-04
4.4724e-01 4.4724e-01 5.5276e-01 1.1120e-03 -6.2307e+00 1.3445e+00 -1.0134e-02 2.7320e+02 5.5107e+01 -2.0311e+01 8.6367e-01 6.3332e+01 4.1433e-01 -1.4752e-02 6.3093e+01 3.0085e-03 6.3211e+01 6.3212e+01 4.4724e-01 4.4724e-01 5.5276e-01 9.5742e-04
4.4221e-01 4.4221e-01 5.5779e-01 1.1119e-03 -6.1930e+00 1.4391e+00 -9.8532e-03 2.7319e+02 5.4075e+01 -2.0601e+01 9.0292e-01 6.3332e+01 4.1563e-01 -1.6415e-02 6.3071e+01 3.7732e-03 6.3200e+01 6.3201e+01 4.4221e-01 4.4221e-01 5.5779e-01 9.6612e-04
4.3719e-01 4.3719e-01 5.6281e-01 1.1117e-03 -6.1544e+00 1.5313e+00 -9.5337e-03 2.7318e+02 5.3045e+01 -2.0875e+01 9.3776e-01 6.3332e+01 4.1680e-01 -1.8093e-02 6.3048e+01 4.5754e-03 6.3189e+01 6.3190e+01 4.3719e-01 4.3719e-01 5.6281e-01 9.7482e-04
4.3216e-01 4.3216e-01 5.6784e-01 1.1116e-03 -6.1056e+00 1.6169e+00 -9.0967e-03 2.7317e+02 5.2009e+01 -2.1112e+01 9.6357e-01 6.3333e+01 4.1668e-01 -1.9794e-02 6.3026e+01 5.4472e-03 6.3178e+01 6.3179e+01 4.3216e-01 4.3216e-01 5.6784e-01 9.8353e-04
4.2714e-01 4.2714e-01 5.7286e-01 1.1114e-03 -6.0566e+00 1.6999e+00 -8.6207e-03 2.7316e+02 5.0977e+01 -2.1331e+01 9.8489e-01 6.3334e+01 4.1649e-01 -2.1504e-02 6.3005e+01 6.3557e-03 6.3168e+01 6.3169e+01 4.2714e-01 4.2714e-01 5.7286e-01 9.9223e-04
4.2211e-01 4.2211e-01 5.7789e-01 1.1113e-03 -6.0075e+00 1.7804e+00 -8.1067e-03 2.7315e+02 4.9950e+01 -2.1532e+01 1.0018e+00 6.3335e+01 4.1624e-01 -2.3221e-02 6.2984e+01 7.2999e-03 6.3158e+01 6.3159e+01 4.2211e-01 4.2211e-01 5.7789e-01 1.0009e-03
4.1709e-01 4.1709e-01 5.8291e-01 1.1111e-03 -5.9481e+00 1.8539e+00 -7.4802e-03 2.7314e+02 4.8917e+01 -2.1698e+01 1.0108e+00 6.3337e+01 4.1468e-01 -2.4931e-02 6.2964e+01 8.2992e-03 6.3149e+01 6.3150e+01 4.1709e-01 4.1709e-01 5.8291e-01 1.0096e-03
4.1206e-01 4.1206e-01 5.8794e-01 1.1110e-03 -5.8881e+00 1.9251e+00 -6.8193e-03 2.7314e+02 4.7887e+01 -2.1848e+01 1.0162e+00 6.3339e+01 4.1301e-01 -2.6641e-02 6.2944e+01 9.3240e-03 6.3140e+01 6.3141e+01 4.1206e-01 4.1206e-01 5.8794e-01 1.0183e-03
4.0704e-01 4.0704e-01 5.9296e-01 1.1109e-03 -5.8280e+00 1.9931e+00 -6.1151e-03 2.7313e+02 4.6863e+01 -2.1978e+01 1.0170e+00 6.3341e+01 4.1126e-01 -2.8350e-02 6.2924e+01 1.0383e-02 6.3131e+01 6.3132e+01 4.0704e-01 4.0704e-01 5.9296e-01 1.0270e-03
4.0201e-01 4.0201e-01 5.9799e-01 1.1108e-03 -5.7590e+00 2.0549e+00 -5.3188e-03 2.7312e+02 4.5835e+01 -2.2076e+01 1.0118e+00 6.3344e+01 4.0836e-01 -3.0024e-02 6.2905e+01 1.1476e-02 6.3123e+01 6.3124e+01 4.0201e-01 4.0201e-01 5.9799e-01 1.0357e-03
3.9698e-01 3.9698e-01 6.0302e-01 1.1107e-03 -5.6884e+00 2.1140e+00 -4.4864e-03 2.7311e+02 4.4808e+01 -2.2160e+01 1.0036e+00 6.3347e+01 4.0523e-01 -3.1687e-02 6.2886e+01 1.2586e-02 6.3115e+01 6.3116e+01 3.9698e-01 3.9698e-01 6.0302e-01 1.0445e-03
3.9196e-01 3.9196e-01 6.0804e-01 1.1106e-03 -5.6177e+00 2.1694e+00 -3.6069e-03 2.7311e+02 4.3790e+01 -2.2220e+01 9.9081e-01 6.3350e+01 4.0202e-01 -3.3336e-02 6.2868e+01 1.3725e-02 6.3107e+01 6.3108e+01 3.9196e-01 3.9196e-01 6.0804e-01 1.0532e-03
3.8693e-01 3.8693e-01 6.1307e-01 1.1105e-03 -5.5396e+00 2.2194e+00 -2.6555e-03 2.7310e+02 4.2768e+01 -2.2254e+01 9.7373e-01 6.3352e+01 3.9784e-01 -3.4931e-02 6.2851e+01 1.4878e-02 6.3100e+01 6.3101e+01 3.8693e-01 3.8693e-01 6.1307e-01 1.0619e-03
3.8191e-01 3.8191e-01 6.1809e-01 1.1104e-03 -5.4590e+00 2.2664e+00 -1.6674e-03 2.7310e+02 4.1748e+01 -2.2273e+01 9.5415e-01 6.3355e+01 3.9330e-01 -3.6500e-02 6.2834e+01 1.6041e-02 6.3093e+01 6.3094e+01 3.8191e-01 3.8191e-01 6.1809e-01 1.0706e-03
3.7688e-01 3.7688e-01 6.2312e-01 1.1103e-03 -5.3784e+00 2.3092e+00 -6.3124e-04 2.7309e+02 4.0737e+01 -2.2266e+01 9.3026e-01 6.3359e+01 3.8870e-01 -3.8039e-02 6.2818e+01 1.7222e-02 6.3086e+01 6.3087e+01 3.7688e-01 3.7688e-01 6.2312e-01 1.0793e-03
3.7186e-01 3.7186e-01 6.2814e-01 1.1102e-03 -5.2988e+00 2.3420e+00 4.0629e-04 2.7308e+02 3.9723e+01 -2.2239e+01 9.0406e-01 6.3363e+01 3.8337e-01 -3.9850e-02 6.2804e+01 1.8439e-02 6.3081e+01 6.3083e+01 3.7186e-01 3.7186e-01 6.2814e-01 1.0880e-03
3.6683e-01 3.6683e-01 6.3317e-01 1.1101e-03 -5.2096e+00 2.3764e+00 1.5100e-03 2.7308e+02 3.8708e+01 -2.2217e+01 8.7536e-01 6.3366e+01 3.7696e-01 -4.1423e-02 6.2789e+01 1.9660e-02 6.3075e+01 6.3077e+01 3.6683e-01 3.6683e-01 6.3317e-01 1.0967e-03
3.6181e-01 3.6181e-01 6.3819e-01 1.1100e-03 -5.1209e+00 2.4063e+00 2.6605e-03 2.7307e+02 3.7702e+01 -2.2164e+01 8.4273e-01 6.3370e+01 3.7055e-01 -4.2940e-02 6.2774e+01 2.0888e-02 6.3070e+01 6.3071e+01 3.6181e-01 3.6181e-01 6.3819e-01 1.1054e-03
3.5678e-01 3.5678e-01 6.4322e-01 1.1100e-03 -5.0290e+00 2.4314e+00 3.8245e-03 2.7307e+02 3.6693e+01 -2.2082e+01 8.0836e-01 6.3373e+01 3.6374e-01 -4.4452e-02 6.2761e+01 2.2117e-02 6.3064e+01 6.3066e+01 3.5678e-01 3.5678e-01 6.4322e-01 1.1141e-03
3.5176e-01 3.5176e-01 6.4824e-01 1.1099e-03 -4.9342e+00 2.4520e+00 5.0013e-03 2.7307e+02 3.5680e+01 -2.1973e+01 7.7237e-01 6.3376e+01 3.5654e-01 -4.5958e-02 6.2748e+01 2.3348e-02 6.3059e+01 6.3061e+01 3.5176e-01 3.5176e-01 6.4824e-01 1.1228e-03
3.4673e-01 3.4673e-01 6.5327e-01 1.1098e-03 -4.8402e+00 2.4683e+00 6.2143e-03 2.7306e+02 3.4678e+01 -2.1834e+01 7.3341e-01 6.3379e+01 3.4938e-01 -4.7391e-02 6.2736e+01 2.4570e-02 6.3055e+01 6.3057e+01 3.4673e-01 3.4673e-01 6.5327e-01 1.1315e-03
3.4171e-01 3.4171e-01 6.5829e-01 1.1098e-03 -4.7440e+00 2.4808e+00 7.4303e-03 2.7306e+02 3.3674e+01 -2.1674e+01 6.9349e-01 6.3382e+01 3.4195e-01 -4.8804e-02 6.2725e+01 2.5786e-02 6.3051e+01 6.3052e+01 3.4171e-01 3.4171e-01 6.5829e-01 1.1402e-03
3.3668e-01 3.3668e-01 6.6332e-01 1.1097e-03 -4.6446e+00 2.4882e+00 8.6486e-03 2.7305e+02 3.2668e+01 -2.1483e+01 6.5232e-01 6.3385e+01 3.3410e-01 -5.0191e-02 6.2714e+01 2.6992e-02 6.3047e+01 6.3049e+01 3.3668e-01 3.3668e-01 6.6332e-01 1.1489e-03
3.3166e-01 3.3166e-01 6.6834e-01 1.1097e-03 -4.5462e+00 2.4921e+00 9.8876e-03 2.7305e+02 3.1673e+01 -2.1268e+01 6.0946e-01 6.3388e+01 3.2634e-01 -5.1502e-02 6.2704e+01 2.8178e-02 6.3043e+01 6.3045e+01 3.3166e-01 3.3166e-01 6.6834e-01 1.1576e-03
3.2663e-01 3.2663e-01 6.7337e-01 1.1096e-03 -4.4465e+00 2.4930e+00 1.1124e-02 2.7305e+02 3.0679e+01 -2.1035e+01 5.6604e-01 6.3390e+01 3.1842e-01 -5.2778e-02 6.2695e+01 2.9350e-02 6.3040e+01 6.3042e+01 3.2663e-01 3.2663e-01 6.7337e-01 1.1663e-03
3.2161e-01 3.2161e-01 6.7839e-01 1.1096e-03 -4.3434e+00 2.4883e+00 1.2348e-02 2.7304e+02 2.9685e+01 -2.0770e+01 5.2197e-01 6.3393e+01 3.1008e-01 -5.4003e-02 6.2686e+01 3.0498e-02 6.3037e+01 6.3038e+01 3.2161e-01 3.2161e-01 6.7839e-01 1.1750e-03
3.1658e-01 3.1658e-01 6.8342e-01 1.1096e-03 -4.2414e+00 2.4809e+00 1.3580e-02 2.7304e+02 2.8701e+01 -2.0486e+01 4.7718e-01 6.3395e+01 3.0185e-01 -5.5152e-02 6.2678e+01 3.1616e-02 6.3034e+01 6.3036e+01 3.1658e-01 3.1658e-01 6.8342e-01 1.1837e-03
3.1156e-01 3.1156e-01 6.8844e-01 1.1095e-03 -4.1390e+00 2.4711e+00 1.4806e-02 2.7304e+02 2.7722e+01 -2.0187e+01 4.3218e-01 6.3397e+01 2.9356e-01 -5.6255e-02 6.2671e+01 3.2713e-02 6.3031e+01 6.3033e+01 3.1156e-01 3.1156e-01 6.8844e-01 1.1924e-03
3.0653e-01 3.0653e-01 6.9347e-01 1.1095e-03 -4.0333e+00 2.4554e+00 1.5998e-02 2.7303e+02 2.6744e+01 -1.9856e+01 3.8729e-01 6.3399e+01 2.8487e-01 -5.7278e-02 6.2664e+01 3.3770e-02 6.3029e+01 6.3031e+01 3.0653e-01 3.0653e-01 6.9347e-01 1.2011e-03
3.0151e-01 3.0151e-01 6.9849e-01 1.1095e-03 -3.9287e+00 2.4376e+00 1.7189e-02 2.7303e+02 2.5777e+01 -1.9510e+01 3.4238e-01 6.3400e+01 2.7631e-01 -5.8229e-02 6.2658e+01 3.4790e-02 6.3027e+01 6.3029e+01 3.0151e-01 3.0151e-01 6.9849e-01 1.2098e-03
2.9648e-01 2.9648e-01 7.0352e-01 1.1095e-03 -3.8246e+00 2.4181e+00 1.8373e-02 2.7303e+02 2.4816e+01 -1.9153e+01 2.9755e-01 6.3402e+01 2.6779e-01 -5.9128e-02 6.2653e+01 3.5785e-02 6.3025e+01 6.3027e+01 2.9648e-01 2.9648e-01 7.0352e-01 1.2185e-03
2.9146e-01 2.9146e-01 7.0854e-01 1.1094e-03 -3.7172e+00 2.3927e+00 1.9499e-02 2.7303e+02 2.3860e+01 -1.8763e+01 2.5368e-01 6.3402e+01 2.5890e-01 -5.9913e-02 6.2648e+01 3.6717e-02 6.3024e+01 6.3025e+01 2.9146e-01 2.9146e-01 7.0854e-01 1.2272e-03
2.8643e-01 2.8643e-01 7.1357e-01 1.1094e-03 -3.6110e+00 2.3658e+00 2.0616e-02 2.7302e+02 2.2913e+01 -1.8364e+01 2.1024e-01 6.3403e+01 2.5014e-01 -6.0633e-02 6.2644e+01 3.7612e-02 6.3022e+01 6.3023e+01 2.8643e-01 2.8643e-01 7.1357e-01 1.2359e-03
2.8141e-01 2.8141e-01 7.1859e-01 1.1094e-03 -3.5059e+00 2.3375e+00 2.1725e-02 2.7302e+02 2.1976e+01 -1.7955e+01 1.6717e-01 6.3404e+01 2.4150e-01 -6.1294e-02 6.2641e+01 3.8473e-02 6.3021e+01 6.3022e+01 2.8141e-01 2.8141e-01 7.1859e-01 1.2446e-03
2.7638e-01 2.7638e-01 7.2362e-01 1.1094e-03 -3.3980e+00 2.3038e+00 2.2751e-02 2.7302e+02 2.1047e+01 -1.7518e+01 1.2583e-01 6.3404e+01 2.3257e-01 -6.1815e-02 6.2638e+01 3.9254e-02 6.3019e+01 6.3020e+01 2.7638e-01 2.7638e-01 7.2362e-01 1.2533e-03
2.7136e-01 2.7136e-01 7.2864e-01 1.1094e-03 -3.2911e+00 2.2690e+00 2.3763e-02 2.7302e+02 2.0127e+01 -1.7074e+01 8.5174e-02 6.3404e+01 2.2375e-01 -6.2277e-02 6.2636e+01 3.9998e-02 6.3018e+01 6.3019e+01 2.7136e-01 2.7136e-01 7.2864e-01 1.2620e-03
2.6633e-01 2.6633e-01 7.3367e-01 1.1094e-03 -3.1857e+00 2.2327e+00 2.4759e-02 2.7302e+02 1.9218e+01 -1.6620e+01 4.5401e-02 6.3403e+01 2.1509e-01 -6.2662e-02 6.2634e+01 4.0693e-02 6.3017e+01 6.3018e+01 2.6633e-01 2.6633e-01 7.3367e-01 1.2708e-03
2.6131e-01 2.6131e-01 7.3869e-01 1.1093e-03 -3.0785e+00 2.1923e+00 2.5664e-02 2.7301e+02 1.8321e+01 -1.6146e+01 7.6072e-03 6.3402e+01 2.0627e-01 -6.2907e-02 6.2633e+01 4.1306e-02 6.3017e+01 6.3017e+01 2.6131e-01 2.6131e-01 7.3869e-01 1.2795e-03
2.5628e-01 2.5628e-01 7.4372e-01 1.1093e-03 -2.9719e+00 2.1507e+00 2.6542e-02 2.7301e+02 1.7432e+01 -1.5665e+01 -2.9231e-02 6.3401e+01 1.9752e-01 -6.3089e-02 6.2632e+01 4.1876e-02 6.3016e+01 6.3016e+01 2.5628e-01 2.5628e-01 7.4372e-01 1.2882e-03
2.5126e-01 2.5126e-01 7.4874e-01 1.1093e-03 -2.8673e+00 2.1078e+00 2.7393e-02 2.7301e+02 1.6558e+01 -1.5175e+01 -6.4628e-02 6.3400e+01 1.8900e-01 -6.3176e-02 6.2632e+01 4.2380e-02 6.3015e+01 6.3016e+01 2.5126e-01 2.5126e-01 7.4874e-01 1.2969e-03
2.4623e-01 2.4623e-01 7.5377e-01 1.1093e-03 -2.7655e+00 2.0544e+00 2.8185e-02 2.7301e+02 1.5683e+01 -1.4657e+01 -9.0234e-02 6.3398e+01 1.8039e-01 -6.3487e-02 6.2636e+01 4.2825e-02 6.3016e+01 6.3017e+01 2.4623e-01 2.4623e-01 7.5377e-01 1.3056e-03
2.4121e-01 2.4121e-01 7.5879e-01 1.1093e-03 -2.6605e+00 2.0070e+00 2.8745e-02 2.7301e+02 1.4814e+01 -1.4159e+01 -1.2010e-01 6.3395e+01 1.7164e-01 -6.3548e-02 6.2637e+01 4.3309e-02 6.3016e+01 6.3016e+01 2.4121e-01 2.4121e-01 7.5879e-01 1.3143e-03
2.3618e-01 2.3618e-01 7.6382e-01 1.1093e-03 -2.5581e+00 1.9587e+00 2.9249e-02 2.7301e+02 1.3964e+01 -1.3652e+01 -1.4782e-01 6.3392e+01 1.6321e-01 -6.3487e-02 6.2638e+01 4.3705e-02 6.3015e+01 6.3015e+01 2.3618e-01 2.3618e-01 7.6382e-01 1.3230e-03
2.3116e-01 2.3116e-01 7.6884e-01 1.1093e-03 -2.4558e+00 1.9069e+00 2.9635e-02 2.7301e+02 1.3117e+01 -1.3121e+01 -1.7213e-01 6.3389e+01 1.5491e-01 -6.3372e-02 6.2640e+01 4.4053e-02 6.3015e+01 6.3015e+01 2.3116e-01 2.3116e-01 7.6884e-01 1.3317e-03
2.2613e-01 2.2613e-01 7.7387e-01 1.1093e-03 -2.3538e+00 1.8533e+00 2.9948e-02 2.7301e+02 1.2276e+01 -1.2575e+01 -1.9430e-01 6.3385e+01 1.4671e-01 -6.3213e-02 6.2643e+01 4.4362e-02 6.3015e+01 6.3014e+01 2.2613e-01 2.2613e-01 7.7387e-01 1.3404e-03
2.2111e-01 2.2111e-01 7.7889e-01 1.1093e-03 -2.2550e+00 1.7991e+00 3.0199e-02 2.7301e+02 1.1459e+01 -1.2023e+01 -2.1389e-01 6.3381e+01 1.3890e-01 -6.2916e-02 6.2647e+01 4.4565e-02 6.3015e+01 6.3014e+01 2.2111e-01 2.2111e-01 7.7889e-01 1.3491e-03
2.1608e-01 2.1608e-01 7.8392e-01 1.1093e-03 -2.1566e+00 1.7428e+00 3.0354e-02 2.7301e+02 1.0650e+01 -1.1458e+01 -2.3081e-01 6.3376e+01 1.3121e-01 -6.2569e-02 6.2651e+01 4.4722e-02 6.3015e+01 6.3014e+01 2.1608e-01 2.1608e-01 7.8392e-01 1.3578e-03
2.1106e-01 2.1106e-01 7.8894e-01 1.1093e-03 -2.0585e+00 1.6847e+00 3.0425e-02 2.7301e+02 9.8470e+00 -1.0879e+01 -2.4538e-01 6.3371e+01 1.2364e-01 -6.2177e-02 6.2656e+01 4.4840e-02 6.3015e+01 6.3014e+01 2.1106e-01 2.1106e-01 7.8894e-01 1.3665e-03
2.0603e-01 2.0603e-01 7.9397e-01 1.1093e-03 -1.9641e+00 1.6266e+00 3.0430e-02 2.7300e+02 9.0731e+00 -1.0300e+01 -2.5719e-01 6.3366e+01 1.1649e-01 -6.1640e-02 6.2661e+01 4.4837e-02 6.3016e+01 6.3014e+01 2.0603e-01 2.0603e-01 7.9397e-01 1.3752e-03
2.0101e-01 2.0101e-01 7.9899e-01 1.1093e-03 -1.8703e+00 1.5673e+00 3.0361e-02 2.7300e+02 8.3088e+00 -9.7146e+00 -2.6701e-01 6.3360e+01 1.0946e-01 -6.1058e-02 6.2667e+01 4.4793e-02 6.3016e+01 6.3014e+01 2.0101e-01 2.0101e-01 7.9899e-01 1.3839e-03
1.9598e-01 1.9598e-01 8.0402e-01 1.1093e-03 -1.7773e+00 1.5065e+00 3.0193e-02 2.7300e+02 7.5566e+00 -9.1198e+00 -2.7419e-01 6.3354e+01 1.0259e-01 -6.0418e-02 6.2673e+01 4.4697e-02 6.3017e+01 6.3015e+01 1.9598e-01 1.9598e-01 8.0402e-01 1.3926e-03
1.9095e-01 1.9095e-01 8.0905e-01 1.1093e-03 -1.6877e+00 1.4462e+00 2.9971e-02 2.7300e+02 6.8325e+00 -8.5299e+00 -2.7903e-01 6.3348e+01 9.6100e-02 -5.9654e-02 6.2680e+01 4.4490e-02 6.3017e+01 6.3015e+01 1.9095e-01 1.9095e-01 8.0905e-01 1.4013e-03
1.8593e-01 1.8593e-01 8.1407e-01 1.1094e-03 -1.5992e+00 1.3855e+00 2.9691e-02 2.7300e+02 6.1212e+00 -7.9393e+00 -2.8228e-01 6.3342e+01 8.9758e-02 -5.8839e-02 6.2687e+01 4.4236e-02 6.3018e+01 6.3015e+01 1.8593e-01 1.8593e-01 8.1407e-01 1.4100e-03
1.8090e-01 1.8090e-01 8.1910e-01 1.1094e-03 -1.5120e+00 1.3238e+00 2.9301e-02 2.7300e+02 5.4286e+00 -7.3455e+00 -2.8280e-01 6.3335e+01 8.3617e-02 -5.7954e-02 6.2694e+01 4.3919e-02 6.3018e+01 6.3016e+01 1.8090e-01 1.8090e-01 8.1910e-01 1.4187e-03
1.7588e-01 1.7588e-01 8.2412e-01 1.1094e-03 -1.4278e+00 1.2630e+00 2.8870e-02 2.7300e+02 4.7622e+00 -6.7602e+00 -2.8144e-01 6.3328e+01 7.7804e-02 -5.6967e-02 6.2702e+01 4.3504e-02 6.3019e+01 6.3016e+01 1.7588e-01 1.7588e-01 8.2412e-01 1.4274e-03
1.7085e-01 1.7085e-01 8.2915e-01 1.1094e-03 -1.3451e+00 1.2023e+00 2.8397e-02 2.7300e+02 4.1109e+00 -6.1789e+00 -2.7882e-01 6.3321e+01 7.2158e-02 -5.5927e-02 6.2710e+01 4.3039e-02 6.3020e+01 6.3017e+01 1.7085e-01 1.7085e-01 8.2915e-01 1.4361e-03
1.6583e-01 1.6583e-01 8.3417e-01 1.1094e-03 -1.2644e+00 1.1414e+00 2.7809e-02 2.7300e+02 3.4856e+00 -5.6029e+00 -2.7359e-01 6.3313e+01 6.6754e-02 -5.4808e-02 6.2719e+01 4.2500e-02 6.3021e+01 6.3017e+01 1.6583e-01 1.6583e-01 8.3417e-01 1.4448e-03
1.6080e-01 1.6080e-01 8.3920e-01 1.1094e-03 -1.1863e+00 1.0814e+00 2.7193e-02 2.7300e+02 2.8839e+00 -5.0374e+00 -2.6696e-01 6.3305e+01 6.1625e-02 -5.3609e-02 6.2727e+01 4.1880e-02 6.3021e+01 6.3018e+01 1.6080e-01 1.6080e-01 8.3920e-01 1.4535e-03
1.5578e-01 1.5578e-01 8.4422e-01 1.1094e-03 -1.1099e+00 1.0222e+00 2.6550e-02 2.7300e+02 2.2984e+00 -4.4793e+00 -2.5933e-01 6.3298e+01 5.6672e-02 -5.2359e-02 6.2736e+01 4.1208e-02 6.3022e+01 6.3019e+01 1.5578e-01 1.5578e-01 8.4422e-01 1.4622e-03
1.5075e-01 1.5075e-01 8.4925e-01 1.1094e-03 -1.0360e+00 9.6339e-01 2.5792e-02 2.7300e+02 1.7467e+00 -3.9368e+00 -2.4941e-01 6.3289e+01 5.1997e-02 -5.1024e-02 6.2746e+01 4.0458e-02 6.3023e+01 6.3019e+01 1.5075e-01 1.5075e-01 8.4925e-01 1.4709e-03
1.4573e-01 1.4573e-01 8.5427e-01 1.1094e-03 -9.6435e-01 9.0574e-01 2.5019e-02 2.7300e+02 1.2152e+00 -3.4055e+00 -2.3853e-01 6.3281e+01 4.7540e-02 -4.9630e-02 6.2755e+01 3.9643e-02 6.3024e+01 6.3020e+01 1.4573e-01 1.4573e-01 8.5427e-01 1.4796e-03
1.4070e-01 1.4070e-01 8.5930e-01 1.1095e-03 -8.9467e-01 8.4906e-01 2.4232e-02 2.7300e+02 7.0086e-01 -2.8839e+00 -2.2682e-01 6.3273e+01 4.3272e-02 -4.8186e-02 6.2764e+01 3.8773e-02 6.3024e+01 6.3021e+01 1.4070e-01 1.4070e-01 8.5930e-01 1.4883e-03
1.3568e-01 1.3568e-01 8.6432e-01 1.1095e-03 -8.2802e-01 7.9376e-01 2.3341e-02 2.7300e+02 2.2682e-01 -2.3889e+00 -2.1338e-01 6.3264e+01 3.9294e-02 -4.6662e-02 6.2774e+01 3.7831e-02 6.3025e+01 6.3021e+01 1.3568e-01 1.3568e-01 8.6432e-01 1.4970e-03
1.3065e-01 1.3065e-01 8.6935e-01 1.1095e-03 -7.6322e-01 7.3954e-01 2.2442e-02 2.7300e+02 -2.3040e-01 -1.9050e+00 -1.9930e-01 6.3255e+01 3.5487e-02 -4.5097e-02 6.2784e+01 3.6840e-02 6.3026e+01 6.3022e+01 1.3065e-01 1.3065e-01 8.6935e-01 1.5058e-03
1.2563e-01 1.2563e-01 8.7437e-01 1.1095e-03 -7.0082e-01 6.8673e-01 2.1535e-02 2.7300e+02 -6.6614e-01 -1.4352e+00 -1.8442e-01 6.3247e+01 3.1900e-02 -4.3480e-02 6.2793e+01 3.5788e-02 6.3026e+01 6.3022e+01 1.2563e-01 1.2563e-01 8.7437e-01 1.5145e-03
1.2060e-01 1.2060e-01 8.7940e-01 1.1095e-03 -6.4407e-01 6.3023e-01 2.0743e-02 2.7300e+02 -1.0695e+00 -9.7493e-01 -1.6435e-01 6.3237e+01 2.9278e-02 -4.1841e-02 6.2806e+01 3.4298e-02 6.3027e+01 6.3023e+01 1.2060e-01 1.2060e-01 8.7940e-01 1.5232e-03
1.1558e-01 1.1558e-01 8.8442e-01 1.1095e-03 -5.8867e-01 5.8252e-01 1.9750e-02 2.7300e+02 -1.4973e+00 -4.6197e-01 -1.6198e-01 6.3228e+01 2.6114e-02 -4.0335e-02 6.2815e+01 3.3326e-02 6.3028e+01 6.3024e+01 1.1558e-01 1.1558e-01 8.8442e-01 1.5319e-03
1.1055e-01 1.1055e-01 8.8945e-01 1.1095e-03 -5.3552e-01 5.3622e-01 1.8685e-02 2.7300e+02 -1.9108e+00 3.6313e-02 -1.5596e-01 6.3220e+01 2.3192e-02 -3.8766e-02 6.2823e+01 3.2275e-02 6.3028e+01 6.3024e+01 1.1055e-01 1.1055e-01 8.8945e-01 1.5406e-03
1.0553e-01 1.0553e-01 8.9447e-01 1.1095e-03 -4.8477e-01 4.9036e-01 1.7482e-02 2.7300e+02 -2.2947e+00 5.0755e-01 -1.4037e-01 6.3211e+01 2.0609e-02 -3.7171e-02 6.2833e+01 3.1169e-02 6.3029e+01 6.3024e+01 1.0553e-01 1.0553e-01 8.9447e-01 1.5493e-03
1.0050e-01 1.0050e-01 8.9950e-01 1.1095e-03 -4.3555e-01 4.4524e-01 1.6232e-02 2.7300e+02 -2.6616e+00 9.6257e-01 -1.2131e-01 6.3201e+01 1.8193e-02 -3.5552e-02 6.2843e+01 3.0024e-02 6.3029e+01 6.3025e+01 1.0050e-01 1.0050e-01 8.9950e-01 1.5580e-03
9.5477e-02 9.5477e-02 9.0452e-01 1.1095e-03 -3.8931e-01 4.0239e-01 1.4964e-02 2.7300e+02 -2.9992e+00 1.3878e+00 -1.0025e-01 6.3192e+01 1.6015e-02 -3.3874e-02 6.2853e+01 2.8797e-02 6.3030e+01 6.3025e+01 9.5477e-02 9.5477e-02 9.0452e-01 1.5667e-03
9.0452e-02 9.0452e-02 9.0955e-01 1.1095e-03 -3.4580e-01 3.6096e-01 1.3669e-02 2.7300e+02 -3.2913e+00 1.7687e+00 -7.4412e-02 6.3182e+01 1.4075e-02 -3.2180e-02 6.2864e+01 2.7530e-02 6.3030e+01 6.3025e+01 9.0452e-02 9.0452e-02 9.0955e-01 1.5754e-03
8.5427e-02 8.5427e-02 9.1457e-01 1.1096e-03 -3.0412e-01 3.2062e-01 1.2363e-02 2.7300e+02 -3.5547e+00 2.1213e+00 -4.6062e-02 6.3172e+01 1.2285e-02 -3.0471e-02 6.2875e+01 2.6234e-02 6.3030e+01 6.3026e+01 8.5427e-02 8.5427e-02 9.1457e-01 1.5841e-03
8.0402e-02 8.0402e-02 9.1960e-01 1.1096e-03 -2.6605e-01 2.8339e-01 1.1095e-02 2.7300e+02 -3.7758e+00 2.4296e+00 -1.7663e-02 6.3163e+01 1.0717e-02 -2.8714e-02 6.2885e+01 2.4860e-02 6.3031e+01 6.3026e+01 8.0402e-02 8.0402e-02 9.1960e-01 1.5928e-03
7.5377e-02 7.5377e-02 9.2462e-01 1.1096e-03 -2.3057e-01 2.4801e-01 9.8601e-03 2.7300e+02 -3.9490e+00 2.6888e+00 1.2346e-02 6.3153e+01 9.3067e-03 -2.6954e-02 6.2896e+01 2.3463e-02 6.3031e+01 6.3027e+01 7.5377e-02 7.5377e-02 9.2462e-01 1.6015e-03
7.0352e-02 7.0352e-02 9.2965e-01 1.1096e-03 -1.9725e-01 2.1415e-01 8.6518e-03 2.7300e+02 -4.0824e+00 2.9073e+00 4.3689e-02 6.3143e+01 8.0262e-03 -2.5190e-02 6.2907e+01 2.2047e-02 6.3031e+01 6.3027e+01 7.0352e-02 7.0352e-02 9.2965e-01 1.6102e-03
6.5327e-02 6.5327e-02 9.3467e-01 1.1096e-03 -1.6786e-01 1.8403e-01 7.5285e-03 2.7300e+02 -4.1669e+00 3.0723e+00 7.3173e-02 6.3134e+01 6.9402e-03 -2.3403e-02 6.2917e+01 2.0573e-02 6.3031e+01 6.3028e+01 6.5327e-02 6.5327e-02 9.3467e-01 1.6189e-03
6.0302e-02 6.0302e-02 9.3970e-01 1.1096e-03 -1.4064e-01 1.5572e-01 6.4592e-03 2.7300e+02 -4.2107e+00 3.1935e+00 1.0252e-01 6.3125e+01 5.9515e-03 -2.1627e-02 6.2927e+01 1.9094e-02 6.3032e+01 6.3028e+01 6.0302e-02 6.0302e-02 9.3970e-01 1.6276e-03
5.5276e-02 5.5276e-02 9.4472e-01 1.1096e-03 -1.1616e-01 1.2971e-01 5.4586e-03 2.7300e+02 -4.2026e+00 3.2589e+00 1.3172e-01 6.3115e+01 5.0859e-03 -1.9868e-02 6.2938e+01 1.7611e-02 6.3032e+01 6.3028e+01 5.5276e-02 5.5276e-02 9.4472e-01 1.6363e-03
5.0251e-02 5.0251e-02 9.4975e-01 1.1096e-03 -9.4903e-02 1.0700e-01 4.5513e-03 2.7300e+02 -4.1563e+00 3.2801e+00 1.5815e-01 6.3107e+01 4.3533e-03 -1.8123e-02 6.2948e+01 1.6110e-02 6.3032e+01 6.3029e+01 5.0251e-02 5.0251e-02 9.4975e-01 1.6450e-03
4.5226e-02 4.5226e-02 9.5477e-01 1.1096e-03 -7.5567e-02 8.6122e-02 3.7042e-03 2.7300e+02 -4.0777e+00 3.2645e+00 1.8347e-01 6.3099e+01 3.6910e-03 -1.6407e-02 6.2957e+01 1.4621e-02 6.3032e+01 6.3029e+01 4.5226e-02 4.5226e-02 9.5477e-01 1.6537e-03
4.0201e-02 4.0201e-02 9.5980e-01 1.1096e-03 -5.9276e-02 6.8116e-02 2.9551e-03 2.7300e+02 -3.9430e+00 3.1856e+00 2.0727e-01 6.3091e+01 3.1363e-03 -1.4746e-02 6.2966e+01 1.3161e-02 6.3032e+01 6.3030e+01 4.0201e-02 4.0201e-02 9.5980e-01 1.6624e-03
3.5176e-02 3.5176e-02 9.6482e-01 1.1096e-03 -4.5380e-02 5.2730e-02 2.2863e-03 2.7300e+02 -3.7854e+00 3.0773e+00 2.2821e-01 6.3083e+01 2.6674e-03 -1.3137e-02 6.2974e+01 1.1728e-02 6.3032e+01 6.3030e+01 3.5176e-02 3.5176e-02 9.6482e-01 1.6711e-03
3.0151e-02 3.0151e-02 9.6985e-01 1.1096e-03 -3.3019e-02 3.8970e-02 1.6704e-03 2.7300e+02 -3.6074e+00 2.9439e+00 2.4765e-01 6.3076e+01 2.2479e-03 -1.1577e-02 6.2982e+01 1.0328e-02 6.3033e+01 6.3030e+01 3.0151e-02 3.0151e-02 9.6985e-01 1.6798e-03
2.5126e-02 2.5126e-02 9.7487e-01 1.1096e-03 -2.3635e-02 2.8275e-02 1.1595e-03 2.7300e+02 -3.3805e+00 2.7513e+00 2.6470e-01 6.3070e+01 1.9150e-03 -1.0136e-02 6.2990e+01 9.0193e-03 6.3033e+01 6.3031e+01 2.5126e-02 2.5126e-02 9.7487e-01 1.6885e-03
2.0101e-02 2.0101e-02 9.7990e-01 1.1096e-03 -1.5802e-02 1.9396e-02 7.0408e-04 2.7300e+02 -3.1466e+00 2.5468e+00 2.7934e-01 6.3065e+01 1.6325e-03 -8.7815e-03 6.2997e+01 7.7815e-03 6.3033e+01 6.3031e+01 2.0101e-02 2.0101e-02 9.7990e-01 1.6972e-03
1.5075e-02 1.5075e-02 9.8492e-01 1.1097e-03 -9.0600e-03 1.1779e-02 2.8718e-04 2.7300e+02 -2.9054e+00 2.3313e+00 2.9244e-01 6.3060e+01 1.3830e-03 -7.4973e-03 6.3003e+01 6.6032e-03 6.3033e+01 6.3032e+01 1.5075e-02 1.5075e-02 9.8492e-01 1.7059e-03
1.0050e-02 1.0050e-02 9.8995e-01 1.1097e-03 -4.8175e-03 6.9457e-03 -4.5147e-05 2.7300e+02 -2.6343e+00 2.0748e+00 3.0305e-01 6.3055e+01 1.1940e-03 -6.4229e-03 6.3009e+01 5.6169e-03 6.3034e+01 6.3033e+01 1.0050e-02 1.0050e-02 9.8995e-01 1.7146e-03
5.0251e-03 5.0251e-03 9.9497e-01 1.1097e-03 -1.3904e-03 3.1338e-03 -3.4904e-04 2.7300e+02 -2.3694e+00 1.8226e+00 3.1194e-01 6.3052e+01 1.0287e-03 -5.4605e-03 6.3014e+01 4.7408e-03 6.3034e+01 6.3033e+01 5.0251e-03 5.0251e-03 9.9497e-01 1.7233e-03
0.0000e+00 0.0000e+00 1.0000e+00 1.1097e-03 1.3822e-03 1.4176e-04 -6.3010e-04 2.7300e+02 -2.1096e+00 1.5738e+00 3.1946e-01 6.3048e+01 8.8251e-04 -4.5878e-03 6.3019e+01 3.9533e-03 6.3034e+01 6.3034e+01 0.0000e+00 0.0000e+00 1.0000e+00 1.7321e-03
