	-0.015	1.916075051e-05	1669.16657	-6.308269759e-12	223.0002974	8.897900707	0.9867464662	223.000288	223.0003468
	-0.01499454326	1.916075133e-05	1669.166497	-6.318067146e-12	223.0003138	8.897901745	0.9864548559	223.0003246	223.0003537
	-0.01498174908	1.916075329e-05	1669.166324	-6.341036324e-12	223.0003526	8.897904203	0.9857700548	223.0004108	223.0003703
	-0.01496175855	1.916075641e-05	1669.166047	-6.376918489e-12	223.0004144	8.897908117	0.9846970546	223.0005471	223.000397
	-0.01493472968	1.916076076e-05	1669.165663	-6.425421548e-12	223.0004999	8.89791355	0.9832404158	223.0007341	223.0004348
	-0.01490087429	1.91607664e-05	1669.165164	-6.486154267e-12	223.0006105	8.897920583	0.9814063892	223.0009729	223.0004849
	-0.01486045743	1.916077343e-05	1669.164543	-6.55862772e-12	223.0007474	8.897929312	0.9792030868	223.0012646	223.0005486
	-0.01481379544	1.916078195e-05	1669.163792	-6.642259271e-12	223.0009122	8.897939841	0.976640621	223.0016103	223.0006276
	-0.01476125353	1.916079205e-05	1669.162903	-6.736377557e-12	223.0011063	8.897952275	0.9737312507	223.0020111	223.0007234
	-0.01470324291	1.916080383e-05	1669.161867	-6.840228248e-12	223.001331	8.897966714	0.9704895288	223.0024678	223.0008376
	-0.01464021761	1.916081738e-05	1669.160677	-6.952980495e-12	223.0015877	8.897983247	0.9669324457	223.0029808	223.0009718
	-0.01457267088	1.916083276e-05	1669.159327	-7.073733999e-12	223.0018773	8.898001944	0.9630795583	223.00355	223.0011273
	-0.01450113137	1.916085002e-05	1669.157814	-7.20152661e-12	223.0022004	8.898022849	0.9589530952	223.0041749	223.0013051
	-0.01442615897	1.916086918e-05	1669.156135	-7.335342393e-12	223.0025569	8.898045976	0.9545780311	223.0048539	223.001506
	-0.01434834044	1.916089024e-05	1669.154292	-7.47412007e-12	223.0029465	8.8980713	0.9499821196	223.005585	223.0017302
	-0.01426828482	1.916091314e-05	1669.15229	-7.616761765e-12	223.003368	8.898098753	0.9451958786	223.006365	223.0019776
	-0.01418661866	1.916093779e-05	1669.150136	-7.76214196e-12	223.0038197	8.898128223	0.9402525224	223.0071898	223.0022474
	-0.0141039811	1.916096407e-05	1669.147842	-7.909116593e-12	223.004299	8.898159549	0.9351878336	223.0080544	223.0025383
	-0.0140210189	1.916099179e-05	1669.145423	-8.056532206e-12	223.0048027	8.898192521	0.9300399743	223.0089527	223.0028485
	-0.01393838134	1.916102074e-05	1669.142899	-8.203235071e-12	223.0053268	8.898226882	0.9248492336	223.0098777	223.0031756
	-0.01385671518	1.916105067e-05	1669.14029	-8.348080221e-12	223.0058669	8.898262328	0.919657712	223.0108214	223.0035166
	-0.01377665956	1.916108127e-05	1669.137624	-8.489940311e-12	223.0064175	8.898298509	0.9145089459	223.0117751	223.003868
	-0.01369884103	1.916111222e-05	1669.134929	-8.627714243e-12	223.0069728	8.898335043	0.9094474763	223.0127292	223.0042258
	-0.01362386863	1.916114316e-05	1669.132236	-8.760335504e-12	223.0075267	8.89837151	0.9045183671	223.0136737	223.0045856
	-0.01355232912	1.916117371e-05	1669.129578	-8.886780136e-12	223.0080724	8.89840747	0.8997666827	223.0145981	223.0049428
	-0.01348478239	1.916120347e-05	1669.126989	-9.006074321e-12	223.008603	8.898442464	0.8952369321	223.0154916	223.0052925
	-0.01342175709	1.916123204e-05	1669.124504	-9.117301504e-12	223.0091116	8.898476029	0.8909724923	223.0163435	223.0056297
	-0.01336374647	1.916125903e-05	1669.122158	-9.219609037e-12	223.0095912	8.898507702	0.8870150207	223.017143	223.0059493
	-0.01331120456	1.916128405e-05	1669.119983	-9.312214285e-12	223.0100352	8.898537033	0.8834038709	223.0178801	223.0062464
	-0.01326454257	1.916130671e-05	1669.118013	-9.394410191e-12	223.0104371	8.898563595	0.8801755225	223.0185448	223.0065164
	-0.01322412571	1.916132669e-05	1669.116277	-9.465570248e-12	223.0107909	8.898586992	0.8773630395	223.0191284	223.006755
	-0.01319027032	1.916134367e-05	1669.114802	-9.525152859e-12	223.0110915	8.89860687	0.8749955682	223.0196227	223.0069581
	-0.01316324145	1.916135739e-05	1669.11361	-9.572705034e-12	223.0113341	8.898622922	0.8730978891	223.0200211	223.0071224
	-0.01314325092	1.916136763e-05	1669.112721	-9.60786526e-12	223.0115151	8.898634898	0.8716900379	223.0203177	223.0072452
	-0.01313045674	1.916137422e-05	1669.112148	-9.630364057e-12	223.0116316	8.89864261	0.8707870646	223.0205085	223.0073244
	-0.013125	1.916137704e-05	1669.111903	-9.639958848e-12	223.0116815	8.89864591	0.8704014861	223.0205901	223.0073583

	-0.013125	1.916142554e-05	1669.107778	-9.800100756e-12	223.0124079	8.898697418	0.8692724321	223.0213008	223.0081175
	-0.01311954326	1.916142761e-05	1669.107595	-9.808986728e-12	223.0124483	8.898699992	0.8690144386	223.0213788	223.0081386
	-0.01310674908	1.916143254e-05	1669.107158	-9.829967103e-12	223.0125445	8.898706115	0.8684049288	223.0215636	223.008189
	-0.01308675855	1.916144045e-05	1669.106458	-9.863157635e-12	223.0126983	8.898715928	0.8674396654	223.0218578	223.0082706
	-0.01305972968	1.916145156e-05	1669.105475	-9.908827704e-12	223.0129134	8.898729672	0.8661094912	223.0222663	223.0083862
	-0.01302587429	1.916146616e-05	1669.104186	-9.967319706e-12	223.0131944	8.89874766	0.8644027214	223.0227952	223.0085396
	-0.01298545743	1.916148456e-05	1669.102562	-1.003902272e-11	223.0135466	8.898770261	0.8623059776	223.0234518	223.0087354
	-0.01293879544	1.916150714e-05	1669.100573	-1.012434277e-11	223.0139759	8.898797879	0.8598051348	223.0242438	223.0089784
	-0.01288625353	1.916153428e-05	1669.098185	-1.022366935e-11	223.0144885	8.898830931	0.8568863875	223.0251793	223.0092739
	-0.01282824291	1.916156633e-05	1669.095369	-1.033733935e-11	223.0150903	8.898869829	0.8535374011	223.0262658	223.009627
	-0.01276521761	1.916160365e-05	1669.092093	-1.046559959e-11	223.0157867	8.898914951	0.8497485079	223.02751	223.0100426
	-0.01269767088	1.916164654e-05	1669.088334	-1.060856938e-11	223.0165824	8.898966618	0.8455139037	223.0289174	223.0105249
	-0.01262613137	1.916169522e-05	1669.084071	-1.076620447e-11	223.0174808	8.899025072	0.8408328011	223.0304913	223.0110775
	-0.01255115897	1.916174982e-05	1669.079294	-1.093826387e-11	223.0184836	8.89909045	0.8357104957	223.0322326	223.0117025
	-0.01247334044	1.91618104e-05	1669.074	-1.112428068e-11	223.019591	8.899162771	0.8301593041	223.0341395	223.0124011
	-0.01239328482	1.916187685e-05	1669.068197	-1.132353826e-11	223.0208009	8.89924191	0.8241993349	223.0362071	223.0131726
	-0.01231161866	1.916194896e-05	1669.061904	-1.153505274e-11	223.0221089	8.899327596	0.8178590608	223.0384268	223.0140151
	-0.0122289811	1.916202637e-05	1669.055154	-1.175756278e-11	223.0235084	8.899419394	0.8111756632	223.0407866	223.0149244
	-0.0121460189	1.916210858e-05	1669.047989	-1.198952707e-11	223.0249902	8.899516706	0.8041951303	223.0432706	223.0158948
	-0.01206338134	1.916219495e-05	1669.040465	-1.222913018e-11	223.0265427	8.89961877	0.7969720943	223.0458595	223.0169187
	-0.01198171518	1.916228469e-05	1669.032652	-1.247429674e-11	223.0281519	8.899724667	0.7895694037	223.0485303	223.0179869
	-0.01190165956	1.91623769e-05	1669.024627	-1.272271396e-11	223.0298018	8.899833332	0.7820574344	223.0512568	223.0190881
	-0.01182384103	1.916247056e-05	1669.01648	-1.297186204e-11	223.0314742	8.899943568	0.7745131501	223.0540099	223.0202101
	-0.01174886863	1.916256454e-05	1669.008307	-1.321905185e-11	223.0331495	8.900054069	0.767018932	223.0567582	223.021339
	-0.01167732912	1.916265765e-05	1669.000212	-1.346146909e-11	223.0348067	8.900163442	0.759661205	223.0594684	223.0224601
	-0.01160978239	1.916274863e-05	1668.992305	-1.369622383e-11	223.0364239	8.900270235	0.7525288939	223.062106	223.023558
	-0.01154675709	1.916283622e-05	1668.984694	-1.392040407e-11	223.0379788	8.900372966	0.7457117478	223.0646359	223.0246168
	-0.01148874647	1.916291913e-05	1668.977491	-1.413113218e-11	223.0394493	8.900470156	0.7392985779	223.0670233	223.0256209
	-0.01143620456	1.916299614e-05	1668.970802	-1.432562246e-11	223.0408136	8.900560363	0.7333754546	223.0692343	223.0265546
	-0.01138954257	1.916306603e-05	1668.964732	-1.450123846e-11	223.0420511	8.900642212	0.7280239133	223.0712366	223.0274032
	-0.01134912571	1.916312773e-05	1668.959375	-1.465554845e-11	223.0431427	8.900714426	0.7233192171	223.0730003	223.0281529
	-0.01131527032	1.916318023e-05	1668.954816	-1.478637737e-11	223.0440711	8.90077586	0.7193287266	223.0744988	223.0287915
	-0.01128824145	1.916322269e-05	1668.95113	-1.489185401e-11	223.0448215	8.900825523	0.7161104225	223.0757089	223.0293082
	-0.01126825092	1.916325439e-05	1668.948378	-1.497045149e-11	223.0453817	8.900862607	0.7137116342	223.0766117	223.0296943
	-0.01125545674	1.916327483e-05	1668.946604	-1.502101677e-11	223.0457426	8.900886498	0.7121681109	223.0771931	223.0299432
	-0.01125	1.916328357e-05	1668.945845	-1.504264515e-11	223.0458971	8.900896725	0.7115078317	223.0774419	223.0300497

	-0.01125	1.916343287e-05	1668.933152	-1.441753379e-11	223.0481666	8.901056639	0.7061115222	223.0795529	223.0324034
	-0.01124454326	1.916343923e-05	1668.93259	-1.443079136e-11	223.0482898	8.901064507	0.7059856387	223.0797876	223.03247
	-0.01123174908	1.916345437e-05	1668.93125	-1.446185678e-11	223.0485827	8.901083224	0.7056747515	223.0803439	223.0326289
	-0.01121175855	1.91634787e-05	1668.9291	-1.451034225e-11	223.0490515	8.901113227	0.7051448393	223.08123	223.0328858
	-0.01118472968	1.916351289e-05	1668.926082	-1.457579521e-11	223.0497071	8.90115526	0.7043427214	223.0824612	223.0332492
	-0.01115087429	1.916355779e-05	1668.922121	-1.465761146e-11	223.0505637	8.901210292	0.7031991291	223.0840567	223.0337309
	-0.01111045743	1.916361445e-05	1668.91713	-1.475504009e-11	223.0516377	8.901279458	0.7016316328	223.0860393	223.0343443
	-0.01106379544	1.916368397e-05	1668.911012	-1.486719246e-11	223.0529472	8.901364005	0.6995481457	223.0884335	223.0351046
	-0.01101125353	1.916376755e-05	1668.903668	-1.499305301e-11	223.0545112	8.901465229	0.6968509058	223.0912646	223.0360273
	-0.01095324291	1.916386633e-05	1668.894997	-1.513149148e-11	223.0563477	8.901584397	0.6934408051	223.0945566	223.0371282
	-0.01089021761	1.916398138e-05	1668.88491	-1.528127626e-11	223.0584738	8.901722681	0.6892219216	223.098331	223.0384218
	-0.01082267088	1.916411363e-05	1668.873327	-1.544108872e-11	223.0609035	8.901881076	0.6841061009	223.1026047	223.0399211
	-0.01075113137	1.916426379e-05	1668.860189	-1.560953804e-11	223.0636474	8.902060329	0.6780174318	223.107389	223.0416364
	-0.01067615897	1.916443229e-05	1668.84546	-1.578517649e-11	223.0667111	8.902260875	0.6708964636	223.1126877	223.0435746
	-0.01059834044	1.916461925e-05	1668.829131	-1.596651483e-11	223.0700949	8.902482772	0.6627040174	223.1184958	223.0457385
	-0.01051828482	1.916482439e-05	1668.811227	-1.615203748e-11	223.0737925	8.90272565	0.6534244584	223.1247985	223.0481264
	-0.01043661866	1.916504706e-05	1668.791807	-1.634021746e-11	223.0777908	8.902988673	0.6430683097	223.1315703	223.0507314
	-0.0103539811	1.916528615e-05	1668.770968	-1.652953066e-11	223.0820694	8.903270513	0.6316741104	223.1387747	223.053541
	-0.0102710189	1.91655401e-05	1668.748846	-1.671846936e-11	223.0866002	8.903569332	0.6193094427	223.1463636	223.0565376
	-0.01018838134	1.916580695e-05	1668.725612	-1.690555486e-11	223.0913477	8.903882793	0.6060710767	223.1542776	223.0596976
	-0.01010671518	1.916608426e-05	1668.701478	-1.708934905e-11	223.0962694	8.904208073	0.5920842138	223.1624463	223.0629921
	-0.01002665956	1.916636923e-05	1668.676687	-1.726846483e-11	223.1013158	8.904541896	0.577500832	223.1707896	223.0663874
	-0.009948841034	1.91666587e-05	1668.651513	-1.74415754e-11	223.1064318	8.904880584	0.562497168	223.1792183	223.069845
	-0.009873868633	1.916694919e-05	1668.626258	-1.760742228e-11	223.1115569	8.905220121	0.547270398	223.1876356	223.0733228
	-0.00980232912	1.916723702e-05	1668.601243	-1.776482213e-11	223.116627	8.905556221	0.5320346023	223.1959393	223.0767755
	-0.009734782389	1.91675183e-05	1668.576801	-1.791267246e-11	223.121575	8.905884416	0.5170161248	223.2040231	223.0801557
	-0.009671757085	1.916778911e-05	1668.553276	-1.80499562e-11	223.1263329	8.906200151	0.5024484551	223.2117791	223.0834149
	-0.00961374647	1.916804548e-05	1668.531008	-1.81757453e-11	223.1308326	8.906498876	0.4885667785	223.2191	223.0865047
	-0.009561204558	1.916828358e-05	1668.510331	-1.828920337e-11	223.1350075	8.906776152	0.4756023499	223.2258813	223.0893776
	-0.009514542569	1.916849973e-05	1668.491563	-1.838958768e-11	223.1387946	8.907027746	0.4637768528	223.2320237	223.0919882
	-0.009474125708	1.916869052e-05	1668.474999	-1.847625033e-11	223.1421352	8.907249733	0.4532969099	223.2374353	223.0942944
	-0.009440270321	1.916885288e-05	1668.460904	-1.854863906e-11	223.1449765	8.907438587	0.4443489044	223.2420336	223.0962584
	-0.009413241454	1.916898418e-05	1668.449508	-1.860629756e-11	223.147273	8.907591263	0.4370942701	223.2457473	223.0978475
	-0.009393250921	1.916908224e-05	1668.440996	-1.864886525e-11	223.1489877	8.907705267	0.4316654134	223.2485184	223.0990348
	-0.009380456742	1.916914542e-05	1668.435512	-1.867607493e-11	223.1500923	8.907778716	0.4281626178	223.2503027	223.0998
	-0.009375	1.916917247e-05	1668.433165	-1.868767181e-11	223.1505651	8.907810158	0.4266619583	223.2510663	223.1001277

	-0.009375	1.916963304e-05	1668.394107	-1.842193231e-11	223.1576751	8.908308006	0.4091313407	223.2576629	223.107481
	-0.009369543258	1.916965275e-05	1668.39236	-1.842433948e-11	223.1580509	8.908332152	0.4091134746	223.2583855	223.107684
	-0.009356749079	1.916969969e-05	1668.388202	-1.843013108e-11	223.1589446	8.908389603	0.4090147021	223.2600985	223.1081691
	-0.009336758546	1.916977511e-05	1668.381527	-1.843959461e-11	223.1603757	8.908481722	0.4087007199	223.2628276	223.1089531
	-0.009309729679	1.916988107e-05	1668.372159	-1.845319354e-11	223.1623785	8.90861084	0.4079666003	223.2666198	223.1100637
	-0.009275874292	1.917002027e-05	1668.359867	-1.847153019e-11	223.1649969	8.908779971	0.4065449408	223.2715354	223.1115367
	-0.009235457431	1.917019588e-05	1668.34438	-1.849531841e-11	223.1682827	8.908992664	0.4041164934	223.2776448	223.1134145
	-0.009188795442	1.917041139e-05	1668.325401	-1.852535111e-11	223.1722927	8.909252816	0.4003229849	223.2850247	223.1157441
	-0.00913625353	1.917067044e-05	1668.302621	-1.85624635e-11	223.1770856	8.909564472	0.3947817094	223.2937533	223.1185744
	-0.009078242915	1.91709766e-05	1668.275735	-1.860749306e-11	223.182719	8.9099316	0.3871014079	223.3039057	223.1219542
	-0.009015217611	1.91713332e-05	1668.244462	-1.866123776e-11	223.1892457	8.910357863	0.3768989105	223.3155485	223.1259295
	-0.00894767088	1.917174309e-05	1668.208559	-1.87244139e-11	223.1967105	8.910846385	0.3638159847	223.3287353	223.1305406
	-0.008876131367	1.917220848e-05	1668.167842	-1.879761491e-11	223.2051466	8.911399522	0.3475358265	223.3435009	223.1358198
	-0.008801158966	1.917273072e-05	1668.1222	-1.88812728e-11	223.2145726	8.912018655	0.3277986379	223.3598576	223.141789
	-0.00872334044	1.917331014e-05	1668.071609	-1.897562332e-11	223.2249898	8.912703998	0.3044157573	223.3777905	223.1484575
	-0.008643284824	1.917394594e-05	1668.016145	-1.908067633e-11	223.2363798	8.913454438	0.2772818579	223.3972543	223.1558202
	-0.008561618662	1.917463602e-05	1667.955993	-1.919619232e-11	223.2487024	8.914267412	0.2463847797	223.4181709	223.163856
	-0.008478981103	1.917537698e-05	1667.891452	-1.932166608e-11	223.2618949	8.915138824	0.2118126405	223.440427	223.1725272
	-0.008396018897	1.917616402e-05	1667.822941	-1.94563182e-11	223.275871	8.916063005	0.1737579476	223.4638745	223.1817786
	-0.008313381338	1.917699098e-05	1667.750997	-1.959909486e-11	223.2905214	8.917032721	0.1325185307	223.4883296	223.1915379
	-0.008231715176	1.917785038e-05	1667.676269	-1.974867603e-11	223.3057144	8.918039233	0.0884952108	223.5135753	223.2017159
	-0.00815165956	1.917873351e-05	1667.599512	-1.990349217e-11	223.3212975	8.919072396	0.04218622432	223.5393633	223.2122078
	-0.008073841034	1.917963058e-05	1667.521577	-2.006174897e-11	223.3370995	8.920120816	-0.005821478571	223.5654178	223.222895
	-0.007998868633	1.918053082e-05	1667.443393	-2.022145956e-11	223.3529338	8.921172034	-0.05486384232	223.5914396	223.2336467
	-0.00792732912	1.918142278e-05	1667.365955	-2.038048351e-11	223.3686014	8.922212766	-0.1042139118	223.6171121	223.2443227
	-0.007859782389	1.918229448e-05	1667.290297	-2.053657135e-11	223.383895	8.923229155	-0.1530982423	223.6421065	223.2547764
	-0.007796757085	1.918313369e-05	1667.217477	-2.068741357e-11	223.3986033	8.924207068	-0.2007150511	223.6660891	223.2648576
	-0.00773874647	1.918392819e-05	1667.148552	-2.083069271e-11	223.4125153	8.92513239	-0.2462535894	223.6887275	223.2744157
	-0.007686204558	1.918466604e-05	1667.084553	-2.096413702e-11	223.4254252	8.925991345	-0.2889141741	223.7096985	223.2833037
	-0.007639542569	1.918533587e-05	1667.026464	-2.108557416e-11	223.437137	8.926770802	-0.3279282954	223.7286945	223.2913811
	-0.007599125708	1.91859271e-05	1666.975198	-2.119298343e-11	223.4474688	8.927458579	-0.3625782076	223.745431	223.2985173
	-0.007565270321	1.918643026e-05	1666.931574	-2.128454501e-11	223.4562572	8.92804373	-0.3922154219	223.7596523	223.304595
	-0.007538241454	1.918683713e-05	1666.896301	-2.135868469e-11	223.4633612	8.928516803	-0.4162775392	223.7711384	223.3095126
	-0.007518250921	1.9187141e-05	1666.869959	-2.141411258e-11	223.4686654	8.928870064	-0.4343028381	223.7797089	223.313187
	-0.007505456742	1.91873368e-05	1666.852987	-2.144985227e-11	223.4720824	8.929097662	-0.4459414236	223.7852279	223.3155553
	-0.0075	1.918742062e-05	1666.845721	-2.146515827e-11	223.4735451	8.929195091	-0.450929563	223.7875898	223.3165694

	-0.0075	1.918880723e-05	1666.728741	-2.107471507e-11	223.4951628	8.930704195	-0.5171565856	223.8077551	223.3389046
	-0.007494543258	1.918886912e-05	1666.723246	-2.108707147e-11	223.49634	8.930779875	-0.5183347918	223.8100146	223.3395418
	-0.007481749079	1.918901649e-05	1666.71017	-2.11159478e-11	223.4991381	8.930959899	-0.5213018066	223.8153696	223.3410643
	-0.007461758546	1.918925306e-05	1666.6892	-2.116079906e-11	223.5036172	8.931248427	-0.5265117315	223.8238971	223.3435232
	-0.007434729679	1.918958518e-05	1666.6598	-2.122092365e-11	223.5098806	8.931652592	-0.5346691482	223.8357383	223.3470034
	-0.007400874292	1.919002105e-05	1666.621277	-2.129539332e-11	223.5180623	8.93218162	-0.546692291	223.851075	223.3516146
	-0.007360457431	1.919057033e-05	1666.572816	-2.138307222e-11	223.5283196	8.932846365	-0.5636749453	223.8701193	223.3574865
	-0.007313795442	1.919124365e-05	1666.513522	-2.148264275e-11	223.5408249	8.933658746	-0.5868407413	223.8931014	223.3647627
	-0.00726125353	1.919205206e-05	1666.442464	-2.159263555e-11	223.5557565	8.934631118	-0.6174911865	223.9202562	223.3735932
	-0.007203242915	1.919300642e-05	1666.35873	-2.171146245e-11	223.5732889	8.935775596	-0.6569491479	223.9518081	223.384127
	-0.007140217611	1.919411682e-05	1666.261476	-2.183745172e-11	223.5935817	8.93710334	-0.7064996716	223.9879558	223.3965043
	-0.00707267088	1.919539189e-05	1666.149982	-2.196888424e-11	223.6167695	8.93862384	-0.767330126	224.0288569	223.410848
	-0.007001131367	1.919683824e-05	1666.023706	-2.210402992e-11	223.6429518	8.940344218	-0.8404716943	224.0746127	223.4272565
	-0.006926158966	1.919845987e-05	1665.882325	-2.224118311e-11	223.6721829	8.942268584	-0.9267442108	224.1252545	223.4457955
	-0.00684834044	1.920025768e-05	1665.725786	-2.237869623e-11	223.704464	8.944397448	-1.026706244	224.1807309	223.4664923
	-0.006768284824	1.920222899e-05	1665.554341	-2.251501057e-11	223.7397356	8.946727234	-1.140612178	224.2408976	223.4893297
	-0.006686618662	1.920436726e-05	1665.368572	-2.264868358e-11	223.7778721	8.949249897	-1.268377828	224.3055094	223.5142416
	-0.006603981103	1.920666185e-05	1665.169413	-2.277841191e-11	223.8186779	8.95195267	-1.409555879	224.3742153	223.5411102
	-0.006521018897	1.920909787e-05	1664.95816	-2.290304962e-11	223.8618859	8.954817942	-1.563322118	224.4465559	223.5697644
	-0.006438381338	1.921165628e-05	1664.736465	-2.302162126e-11	223.907158	8.957823288	-1.728473115	224.5219652	223.59998
	-0.006356715176	1.921431394e-05	1664.506328	-2.313332947e-11	223.9540877	8.960941644	-1.903435641	224.5997744	223.6314813
	-0.00627665956	1.921704399e-05	1664.270068	-2.323755717e-11	224.0022045	8.964141632	-2.086287754	224.6792201	223.6639445
	-0.006198841034	1.921981617e-05	1664.030295	-2.333386434e-11	224.0509817	8.967388016	-2.274791102	224.7594548	223.697003
	-0.006123868633	1.922259738e-05	1663.789859	-2.342197971e-11	224.0998442	8.970642304	-2.466433666	224.8395606	223.7302532
	-0.00605232912	1.922535227e-05	1663.551802	-2.350178784e-11	224.1481797	8.973863457	-2.658481815	224.9185655	223.7632627
	-0.005984782389	1.922804396e-05	1663.319296	-2.357331208e-11	224.1953507	8.97700869	-2.848040241	224.9954621	223.7955787
	-0.005921757085	1.92306348e-05	1663.095577	-2.36366941e-11	224.2407071	8.980034365	-3.032118123	225.0692269	223.8267379
	-0.00586374647	1.923308717e-05	1662.883877	-2.369217091e-11	224.2836004	8.98289692	-3.207699626	225.1388421	223.8562765
	-0.005811204558	1.923536435e-05	1662.687351	-2.37400501e-11	224.3233981	8.985553836	-3.371816717	225.2033174	223.8837408
	-0.005764542569	1.923743131e-05	1662.509007	-2.378068422e-11	224.3594974	8.987964593	-3.521622182	225.2617111	223.9086977
	-0.005724125708	1.923925556e-05	1662.351634	-2.381444532e-11	224.3913397	8.990091607	-3.654460731	225.3131515	223.9307448
	-0.005690270321	1.924080789e-05	1662.217739	-2.384170048e-11	224.4184228	8.99190111	-3.76793607	225.3568566	223.9495202
	-0.005663241454	1.924206307e-05	1662.109487	-2.386278916e-11	224.4403135	8.993363942	-3.859971923	225.3921522	223.964711
	-0.005643250921	1.924300046e-05	1662.028651	-2.387800319e-11	224.4566572	8.994456243	-3.928864876	225.4184871	223.976061
	-0.005630456742	1.924360445e-05	1661.976569	-2.388756936e-11	224.4671859	8.995159966	-3.973324584	225.4354444	223.9833764
	-0.005625	1.924386301e-05	1661.954274	-2.389160876e-11	224.4716926	8.995461206	-3.992373966	225.4427011	223.9865087

	-0.005625	1.924780533e-05	1661.62625	-2.350171789e-11	224.5343705	8.999816289	-4.287426289	225.5020508	224.0508473
	-0.005619543258	1.924800284e-05	1661.608677	-2.350452975e-11	224.5381301	9.000057828	-4.301088598	225.5092033	224.0529111
	-0.005606749079	1.924847268e-05	1661.566912	-2.351120795e-11	224.5470573	9.000631907	-4.333881025	225.5261399	224.0578352
	-0.005586758546	1.92492257e-05	1661.500076	-2.352188203e-11	224.5613209	9.001550647	-4.387248598	225.5530699	224.0657677
	-0.005559729679	1.925028051e-05	1661.406648	-2.353677886e-11	224.5812171	9.002835053	-4.463537068	225.5903875	224.0769561
	-0.005525874292	1.925166121e-05	1661.28466	-2.35561916e-11	224.6071289	9.004512286	-4.565793484	225.6385995	224.0917212
	-0.005485457431	1.925339611e-05	1661.1318	-2.358046404e-11	224.6395051	9.006614241	-4.697625768	225.6982952	224.1104417
	-0.005438795442	1.925551633e-05	1660.945536	-2.360997237e-11	224.6788367	9.009175883	-4.863036366	225.7701115	224.1335351
	-0.00538625353	1.925805411e-05	1660.723249	-2.364510448e-11	224.7256293	9.012233369	-5.066233552	225.8546929	224.1614376
	-0.005328242915	1.926104108e-05	1660.462381	-2.368623764e-11	224.7803741	9.015822	-5.311426535	225.9526494	224.1945807
	-0.005265217611	1.926450636e-05	1660.160593	-2.373371511e-11	224.843517	9.019974105	-5.602611306	226.0645114	224.2333681
	-0.00519767088	1.926847472e-05	1659.815915	-2.378782272e-11	224.9154281	9.02471689	-5.943354552	226.1906854	224.2781514
	-0.005126131367	1.927296476e-05	1659.426901	-2.384876606e-11	224.9963716	9.030070367	-6.336583097	226.3314106	224.329207
	-0.005051158966	1.92779872e-05	1658.992769	-2.391664922e-11	225.0864777	9.036045409	-6.784386233	226.4867186	224.3867144
	-0.00497334044	1.928354337e-05	1658.513523	-2.399145585e-11	225.1857181	9.042642017	-7.287837925	226.6563981	224.4507368
	-0.004893284824	1.928962394e-05	1657.990064	-2.407303315e-11	225.293885	9.049847859	-7.846845361	226.8399648	224.5212043
	-0.004811618662	1.929620792e-05	1657.42427	-2.416107959e-11	225.4105748	9.057637138	-8.460029458	227.036639	224.5979012
	-0.004728981103	1.930326198e-05	1656.819048	-2.425513672e-11	225.5351772	9.065969838	-9.124642062	227.2453313	224.6804571
	-0.004646018897	1.931074017e-05	1656.178365	-2.435458558e-11	225.6668712	9.074791385	-9.83652337	227.4646367	224.7683426
	-0.004563381338	1.931858394e-05	1655.507234	-2.445864783e-11	225.8046261	9.084032737	-10.59010194	227.692839	224.86087
	-0.004481715176	1.932672268e-05	1654.811679	-2.456639191e-11	225.9472097	9.093610929	-11.37843831	227.9279236	224.9571982
	-0.00440165956	1.933507447e-05	1654.098664	-2.467674392e-11	226.0932029	9.103430053	-12.19331183	228.167601	225.0563437
	-0.004323841034	1.934354736e-05	1653.375988	-2.47885033e-11	226.2410203	9.113382661	-13.02534909	228.4093384	225.1571945
	-0.004248868633	1.935204089e-05	1652.652158	-2.490036269e-11	226.3889362	9.123351566	-13.86419088	228.6504001	225.2585302
	-0.00417732912	1.936044794e-05	1651.93623	-2.501093174e-11	226.5351161	9.133211984	-14.6986935	228.8878954	225.3590446
	-0.004109782389	1.936865686e-05	1651.237636	-2.511876402e-11	226.677652	9.142833973	-15.51715896	229.1188326	225.4573718
	-0.004046757085	1.937655373e-05	1650.565987	-2.522238654e-11	226.8146015	9.152085096	-16.30758806	229.3401775	225.5521154
	-0.00398874647	1.938402487e-05	1649.93087	-2.532033092e-11	226.9440285	9.160833246	-17.05794895	229.5489159	225.6418787
	-0.003936204558	1.93909593e-05	1649.341638	-2.541116539e-11	227.0640457	9.168949546	-17.75645405	229.742117	225.7252962
	-0.003889542569	1.939725127e-05	1648.807199	-2.549352683e-11	227.1728564	9.176311239	-18.39183697	229.9169969	225.801065
	-0.003849125708	1.940280269e-05	1648.335812	-2.556615178e-11	227.2687953	9.182804504	-18.95362193	230.0709801	225.8679753
	-0.003815270321	1.940752542e-05	1647.934898	-2.562790563e-11	227.3503675	9.188327101	-19.43237747	230.2017573	225.9249391
	-0.003788241454	1.941134335e-05	1647.61086	-2.567780916e-11	227.4162824	9.192790769	-19.8199471	230.307338	225.9710165
	-0.003768250921	1.941419421e-05	1647.368938	-2.571506137e-11	227.4654847	9.1961233	-20.10964868	230.3860954	226.0054377
	-0.003755456742	1.94160309e-05	1647.213095	-2.573905657e-11	227.4971763	9.198270085	-20.2964246	230.4368001	226.0276205
	-0.00375	1.941681712e-05	1647.146388	-2.574932697e-11	227.5107407	9.199188999	-20.3764086	230.4584968	226.0371178

	-0.00375	1.942637723e-05	1646.37824	-2.549027101e-11	227.6686979	9.210108333	-21.80619363	230.6161081	226.1952359
	-0.003744543258	1.942702626e-05	1646.320627	-2.548976469e-11	227.6810272	9.210902615	-21.91720044	230.6390506	226.2022576
	-0.003731749079	1.942856691e-05	1646.184073	-2.548855207e-11	227.7102273	9.212786609	-22.1797653	230.6932593	226.2189513
	-0.003711758546	1.943102722e-05	1645.966576	-2.548658591e-11	227.756672	9.215791135	-22.59644861	230.7791277	226.2456806
	-0.003684729679	1.943445671e-05	1645.664486	-2.548378889e-11	227.82106	9.219971485	-23.17231434	230.8974957	226.2830735
	-0.003650874292	1.943891934e-05	1645.273096	-2.548006064e-11	227.9042902	9.225398994	-23.91385667	231.0494356	226.3319422
	-0.003610457431	1.944449001e-05	1644.786917	-2.547528244e-11	228.0074086	9.232157073	-24.82858311	231.2361768	226.3932409
	-0.003563795442	1.945125058e-05	1644.199983	-2.546932277e-11	228.1315469	9.240336602	-25.92453687	231.4590199	226.4680162
	-0.00351125353	1.945928526e-05	1643.50621	-2.546204365e-11	228.2778524	9.25003072	-27.20975814	231.7192402	226.5573516
	-0.003453242915	1.94686757e-05	1642.699773	-2.545330745e-11	228.4474135	9.261329187	-28.69170184	232.0179833	226.6623065
	-0.003390217611	1.947949578e-05	1641.775505	-2.544298411e-11	228.6411808	9.274312502	-30.37663197	232.3561566	226.7838529
	-0.00332267088	1.949180651e-05	1640.729297	-2.543095828e-11	228.8598889	9.289045999	-32.26901443	232.7343208	226.9228122
	-0.003251131367	1.950565092e-05	1639.558481	-2.54171364e-11	229.1039802	9.305574117	-34.37093055	233.1525856	227.0797929
	-0.003176158966	1.952104941e-05	1638.262194	-2.54014533e-11	229.3735339	9.323915061	-36.68153304	233.6105125	227.2551331
	-0.00309834044	1.953799556e-05	1636.841697	-2.538387808e-11	229.6682036	9.344056051	-39.19656503	234.1070297	227.448849
	-0.003018284824	1.955645262e-05	1635.300639	-2.536441923e-11	229.9871647	9.365949335	-41.90796148	234.6403624	227.660591
	-0.002936618662	1.95763508e-05	1633.64527	-2.53431285e-11	230.3290745	9.389509127	-44.8035492	235.2079805	227.8896105
	-0.002853981103	1.959758547e-05	1631.884563	-2.532010372e-11	230.6920469	9.414609611	-47.86685951	235.8065667	228.1347368
	-0.002771018897	1.96200164e-05	1630.030278	-2.529549014e-11	231.0736423	9.441084092	-51.07706361	236.432008	228.3943674
	-0.002688381338	1.964346803e-05	1628.096927	-2.526948039e-11	231.4708741	9.46872537	-54.40903728	237.0794094	228.6664704
	-0.002606715176	1.966773087e-05	1626.101662	-2.524231299e-11	231.8802324	9.497287366	-57.83355754	237.7431325	228.9486004
	-0.00252665956	1.969256393e-05	1624.064079	-2.521426937e-11	232.2977237	9.526487973	-61.31762965	238.4168576	229.2379273
	-0.002448841034	1.971769818e-05	1622.005939	-2.518566952e-11	232.7189267	9.556013094	-64.82493882	239.0936678	229.5312784
	-0.002373868633	1.974284106e-05	1619.950816	-2.515686636e-11	233.1390635	9.585521779	-68.31641707	239.7661554	229.8251912
	-0.00230232912	1.976768168e-05	1617.923678	-2.512823895e-11	233.5530827	9.614652318	-71.75091207	240.4265448	230.115977
	-0.002234782389	1.979189688e-05	1615.950417	-2.510018468e-11	233.9557544	9.643029166	-75.08594114	241.0668325	230.3997934
	-0.002171757085	1.981515776e-05	1614.057332	-2.507311079e-11	234.3417731	9.670270485	-78.27851126	241.6789384	230.672723
	-0.00211374647	1.98371366e-05	1612.270583	-2.504742531e-11	234.7058667	9.695996129	-81.28598329	242.2548643	230.9308572
	-0.002061204558	1.985751398e-05	1610.615632	-2.502352772e-11	235.0429078	9.719835831	-84.0669572	242.7868573	231.1703822
	-0.002014542569	1.98759859e-05	1609.116685	-2.500179963e-11	235.3480252	9.74143738	-86.58215409	243.2675715	231.3876647
	-0.001974125708	1.989227067e-05	1607.796153	-2.498259574e-11	235.6167119	9.760474551	-88.79527056	243.6902253	231.5793356
	-0.001940270321	1.990611537e-05	1606.674142	-2.496623527e-11	235.8449262	9.776654563	-90.67378153	244.0487481	231.7423681
	-0.001913241454	1.991730175e-05	1605.76799	-2.495299421e-11	236.0291838	9.789724844	-92.18966783	244.3379144	231.8741491
	-0.001893250921	1.992565133e-05	1605.091871	-2.494309862e-11	236.1666371	9.799478874	-93.320043	244.553458	231.9725407
	-0.001880456742	1.993102913e-05	1604.656501	-2.493671958e-11	236.255134	9.805760509	-94.04761397	244.6921565	232.035926
	-0.001875	1.993333084e-05	1604.470187	-2.493398804e-11	236.2930027	9.808448883	-94.35890197	244.7514894	232.0630581

	-0.001875	1.99468236e-05	1603.459056	-2.535262255e-11	236.5460257	9.82559818	-100.6507471	245.0751277	232.2807628
	-0.001869543258	1.994901985e-05	1603.271822	-2.53642043e-11	236.5858044	9.828266817	-101.2504207	245.1448194	232.3055785
	-0.001856749079	1.995421271e-05	1602.830068	-2.539116994e-11	236.6795676	9.834571456	-102.6569969	245.3088032	232.3642163
	-0.001836758546	1.996244828e-05	1602.132108	-2.543277093e-11	236.8274617	9.844555887	-104.8562692	245.5666528	232.4571088
	-0.001809729679	1.99738198e-05	1601.173416	-2.548798725e-11	237.0301257	9.858314769	-107.832851	245.918447	232.5851749
	-0.001775874292	1.998844665e-05	1599.948275	-2.555547591e-11	237.2883525	9.875968886	-111.5660473	246.3642172	232.7495885
	-0.001735457431	2.000646654e-05	1598.450278	-2.563360757e-11	237.6030005	9.897656524	-116.0298146	246.9038459	232.951696
	-0.001688795442	2.002802642e-05	1596.672879	-2.572051343e-11	237.974896	9.923523684	-121.192849	247.5369604	233.1929228
	-0.00163625353	2.005327236e-05	1594.610016	-2.5814139e-11	238.4047232	9.95371305	-127.0187139	248.2628152	233.4746682
	-0.001578242915	2.008233855e-05	1592.256788	-2.591230316e-11	238.8929068	9.988352092	-133.4660001	249.0801657	233.7981917
	-0.001515217611	2.011533589e-05	1589.610145	-2.601276041e-11	239.4394904	10.0275407	-140.4885188	249.9871399	234.1644948
	-0.00144767088	2.015234055e-05	1586.669584	-2.611326465e-11	240.0440152	10.07133879	-148.035529	250.981111	234.5742025
	-0.001376131367	2.019338292e-05	1583.43782	-2.621163234e-11	240.7054041	10.11975442	-156.0520031	252.0585787	235.02745
	-0.001301158966	2.023843737e-05	1579.921392	-2.630580325e-11	241.4218563	10.17273274	-164.4789315	253.215063	235.5237764
	-0.00122334044	2.028741322e-05	1576.131206	-2.639389688e-11	242.1907558	10.23014628	-173.2536673	254.4450151	236.0620326
	-0.001143284824	2.034014726e-05	1572.08296	-2.647426295e-11	243.0085985	10.29178701	-182.3103138	255.7417522	236.6403043
	-0.001061618662	2.039639818e-05	1567.797465	-2.654552426e-11	243.8709408	10.35736042	-191.5801532	257.0974174	237.2558554
	-0.0009789811026	2.045584307e-05	1563.300819	-2.660661092e-11	244.7723735	10.42648193	-200.9921171	258.5029694	237.9050936
	-0.0008960188974	2.051807626e-05	1558.624431	-2.66567847e-11	245.7065222	10.49867591	-210.473296	259.9482049	238.5835599
	-0.0008133813382	2.058261072e-05	1553.804903	-2.669565291e-11	246.666076	10.57337733	-219.9494868	261.4218128	239.2859444
	-0.0007317151761	2.064888176e-05	1548.883733	-2.672317152e-11	247.6428444	10.64993623	-229.3457735	262.9114634	240.0061278
	-0.0006516595599	2.071625342e-05	1543.90688	-2.673963733e-11	248.6278431	10.7276248	-238.5871368	264.4039293	240.7372484
	-0.0005738410337	2.078402701e-05	1538.924167	-2.674566967e-11	249.611406	10.80564712	-247.5990875	265.8852381	241.4717946
	-0.0004988686334	2.085145203e-05	1533.988553	-2.67421822e-11	250.5833219	10.88315124	-256.3083175	267.3408535	242.2017192
	-0.0004273291202	2.091773884e-05	1529.155285	-2.673034566e-11	251.532993	10.95924344	-264.6433596	268.7558807	242.9185744
	-0.0003597823888	2.098207307e-05	1524.48094	-2.671154307e-11	252.4496114	11.03300411	-272.5352506	270.1152929	243.6136633
	-0.0002967570852	2.104363122e-05	1520.022403	-2.668731855e-11	253.3223489	11.10350514	-279.9181875	271.4041718	244.2782042
	-0.0002387464699	2.110159709e-05	1515.835784	-2.665932157e-11	254.1405563	11.16982814	-286.7301684	272.6079584	244.9035043
	-0.0001862045583	2.115517864e-05	1511.975314	-2.662924845e-11	254.8939657	11.23108306	-292.9136097	273.7127067	245.4811361
	-0.0001395425687	2.120362474e-05	1508.492257	-2.659878295e-11	255.5728918	11.28642672	-298.41593	274.705334	246.0031144
	-9.912570751e-05	2.124624139e-05	1505.433845	-2.656953781e-11	256.1684259	11.33508084	-303.190092	275.5738617	246.4620665
	-6.527032127e-05	2.128240703e-05	1502.842286	-2.654299919e-11	256.6726177	11.37634886	-307.1950934	276.3076408	246.8513927
	-3.824145387e-05	2.131158634e-05	1500.75387	-2.652047584e-11	257.0786401	11.40963119	-310.3963977	276.8975544	247.1654116
	-1.825092067e-05	2.133334213e-05	1499.198189	-2.650305454e-11	257.3809301	11.43443841	-312.7662861	277.3361913	247.3994849
	-5.456741744e-06	2.134734409e-05	1498.197587	-2.64915642e-11	257.57529	11.45040084	-314.2840271	277.6179672	247.5501092
	0	2.135333448e-05	1497.769654	-2.648658269e-11	257.6583964	11.45722915	-314.9315802	277.7383927	247.6145441

	0	2.134316674e-05	1498.304742	-2.685275249e-11	257.6947877	11.45339104	-334.9981479	278.2171598	247.4297522
	5.456741744e-06	2.134976533e-05	1497.828367	-2.68618364e-11	257.7878753	11.4609834	-336.0892779	278.3540356	247.5009282
	1.825092067e-05	2.136528819e-05	1496.709888	-2.688284852e-11	258.0062165	11.47883213	-338.6328554	278.6746416	247.6680963
	3.824145387e-05	2.138968654e-05	1494.957959	-2.691487517e-11	258.3476013	11.50685292	-342.5657328	279.1746792	247.9300912
	6.527032127e-05	2.142295504e-05	1492.580797	-2.695661844e-11	258.8096338	11.54499661	-347.8030522	279.8490266	248.285881
	9.912570751e-05	2.146507993e-05	1489.589611	-2.70063753e-11	259.3890918	11.59319125	-354.2329577	280.6908594	248.7340455
	0.0001395425687	2.151603011e-05	1485.998845	-2.706209208e-11	260.081921	11.65133406	-361.7194636	281.6917249	249.272731
	0.0001862045583	2.15757479e-05	1481.826358	-2.71214323e-11	260.8832491	11.71928344	-370.1061654	282.8416625	249.899611
	0.0002387464699	2.164413872e-05	1477.093603	-2.718185424e-11	261.7874062	11.79685025	-379.2205132	284.1293474	250.6118446
	0.0002967570852	2.172106027e-05	1471.825819	-2.724069576e-11	262.7879501	11.88378857	-388.8785002	285.5422516	251.4060346
	0.0003597823888	2.180631129e-05	1466.052192	-2.729526352e-11	263.877697	11.97978629	-398.8896224	287.0668184	252.2781857
	0.0004273291202	2.189962063e-05	1459.80601	-2.734292379e-11	265.0487575	12.08445613	-409.06196	288.6886466	253.2236662
	0.0004988686334	2.2000637e-05	1453.124774	-2.738119205e-11	266.292578	12.19732721	-419.2072276	290.3926802	254.2371763
	0.0005738410337	2.210891988e-05	1446.050255	-2.740781839e-11	267.599989	12.31783791	-429.1456427	292.1634	255.3127233
	0.0006516595599	2.222393203e-05	1438.628502	-2.742086602e-11	268.9612589	12.4453302	-438.7104699	293.9850136	256.4436083
	0.0007317151761	2.2345034e-05	1430.909768	-2.74187805e-11	270.3661547	12.57904583	-447.7521041	295.8416391	257.6224247
	0.0008133813382	2.247148099e-05	1422.948366	-2.740044723e-11	271.8040089	12.71812488	-456.1415774	297.7174803	258.8410713
	0.0008960188974	2.260242232e-05	1414.80243	-2.736523552e-11	273.2637924	12.86160657	-463.773387	299.5969898	260.0907804
	0.0009789811026	2.273690378e-05	1406.533591	-2.731302773e-11	274.7341945	13.00843281	-470.5675655	301.4650178	261.3621623
	0.001061618662	2.287387288e-05	1398.206566	-2.724423244e-11	276.2037072	13.15745451	-476.4709391	303.3069445	262.6452667
	0.001143284824	2.301218706e-05	1389.888645	-2.715978132e-11	277.6607157	13.30744049	-481.4575441	305.1087944	263.9296605
	0.00122334044	2.315062487e-05	1381.649101	-2.706110946e-11	279.0935926	13.4570892	-485.5281975	306.8573319	265.2045219
	0.001301158966	2.328789987e-05	1373.558518	-2.695012003e-11	280.4907962	13.60504288	-488.7092455	308.5401379	266.4587487
	0.001376131367	2.342267702e-05	1365.688047	-2.682913401e-11	281.8409706	13.74990401	-491.0505393	310.1456674	267.6810806
	0.00144767088	2.355359128e-05	1358.108605	-2.670082667e-11	283.1330481	13.89025373	-492.622709	311.6632891	268.8602326
	0.001515217611	2.367926801e-05	1350.890028	-2.656815261e-11	284.3563515	14.02467188	-493.5138321	313.0833084	269.9850367
	0.001578242915	2.379834461e-05	1344.100198	-2.643426169e-11	285.5006951	14.15175812	-493.8256072	314.3969746	271.0445901
	0.00163625353	2.390949309e-05	1337.804154	-2.630240846e-11	286.5564834	14.27015381	-493.669163	315.5964757	272.028406
	0.001688795442	2.40114428e-05	1332.063209	-2.617585768e-11	287.5148066	14.37856401	-493.1606406	316.6749228	272.9265644
	0.001735457431	2.410300288e-05	1326.934101	-2.605778904e-11	288.3675301	14.47577911	-492.4166933	317.6263253	273.7298588
	0.001775874292	2.41830839e-05	1322.468174	-2.595120391e-11	289.1073783	14.56069556	-491.550054	318.4455616	274.4299365
	0.001809729679	2.425071795e-05	1318.710631	-2.585883692e-11	289.7280097	14.63233523	-490.665313	319.1283462	275.0194282
	0.001836758546	2.430507686e-05	1315.699862	-2.578307533e-11	290.2240834	14.68986275	-489.8550443	319.671196	275.4920642
	0.001856749079	2.434548769e-05	1313.46688	-2.572588876e-11	290.5913133	14.73260033	-489.196411	320.0713967	275.8427723
	0.001869543258	2.437144347e-05	1312.034969	-2.568877398e-11	290.826494	14.76003779	-488.7483886	320.3269539	276.0677415
	0.001875	2.43825356e-05	1311.423598	-2.567282226e-11	290.9268344	14.77176008	-488.5510168	320.4358128	276.1638128

	0.001875	2.434346228e-05	1313.265928	-2.571574292e-11	290.6824665	14.73570029	-507.7844157	320.6460352	275.6920269
	0.001880456742	2.435532671e-05	1312.641128	-2.571440394e-11	290.7800973	14.74793868	-507.2901751	320.7329735	275.7949979
	0.001893250921	2.438313264e-05	1311.178413	-2.571122797e-11	291.0085046	14.77661225	-506.1281158	320.9360305	276.0360663
	0.001913241454	2.442654479e-05	1308.899215	-2.570616306e-11	291.3639718	14.82135431	-504.303351	321.2511023	276.4117097
	0.001940270321	2.448517604e-05	1305.82967	-2.569911603e-11	291.8418537	14.88173383	-501.8185078	321.6728418	276.9176347
	0.001974125708	2.455850906e-05	1302.004527	-2.568996667e-11	292.4359885	14.95717572	-498.6775223	322.1941822	277.548133
	0.002014542569	2.464589973e-05	1297.466667	-2.567857439e-11	293.1388017	15.04696614	-494.8861927	322.8064917	278.2961599
	0.002061204558	2.474658411e-05	1292.266378	-2.566478605e-11	293.9414538	15.15026154	-490.4527349	323.4997819	279.1534523
	0.00211374647	2.485968681e-05	1286.460509	-2.564844468e-11	294.8340141	15.26609963	-485.3883913	324.2629469	280.110668
	0.002171757085	2.498423055e-05	1280.111514	-2.562939901e-11	295.8056511	15.39341167	-479.7080767	325.084028	281.1575413
	0.002234782389	2.511914668e-05	1273.286438	-2.56075134e-11	296.8448382	15.5310359	-473.4310346	325.950494	282.2830493
	0.00230232912	2.526328648e-05	1266.055849	-2.558267775e-11	297.9395661	15.67773181	-466.5814738	326.8495303	283.4755871
	0.002373868633	2.541543305e-05	1258.492747	-2.555481718e-11	299.077558	15.83219492	-459.1891583	327.7683273	284.7231458
	0.002448841034	2.557431358e-05	1250.671484	-2.552390104e-11	300.2464814	15.99307189	-451.2899188	328.6943614	286.0134898
	0.00252665956	2.573861194e-05	1242.666707	-2.548995089e-11	301.4341517	16.15897565	-442.9260607	329.6156593	287.3343303
	0.002606715176	2.590698116e-05	1234.552351	-2.545304726e-11	302.6287226	16.32850021	-434.1466428	330.5210397	288.6734894
	0.002688381338	2.607805596e-05	1226.400713	-2.541333476e-11	303.8188584	16.50023506	-425.0076055	331.4003246	290.0190532
	0.002771018897	2.62504649e-05	1218.281608	-2.537102547e-11	304.9938848	16.67277881	-415.5717322	332.2445156	291.35951
	0.002853981103	2.642284208e-05	1210.261635	-2.532640038e-11	306.1439148	16.84475194	-405.9084311	333.0459307	292.6838704
	0.002936618662	2.659383844e-05	1202.403562	-2.527980874e-11	307.2599479	17.01480854	-396.0933308	333.7982976	293.9817695
	0.003018284824	2.676213223e-05	1194.765832	-2.523166533e-11	308.3339403	17.1816468	-386.2076879	334.4968033	295.2435479
	0.00309834044	2.692643888e-05	1187.402204	-2.518244567e-11	309.3588466	17.34401831	-376.3376132	335.1380977	296.4603115
	0.003176158966	2.708552003e-05	1180.361517	-2.513267917e-11	310.3286319	17.50073606	-366.5731237	335.720254	297.6239704
	0.003251131367	2.723819176e-05	1173.687587	-2.50829405e-11	311.2382577	17.65068108	-357.0070397	336.242687	298.7272581
	0.00332267088	2.73833319e-05	1167.419211	-2.503383934e-11	312.0836409	17.79280783	-347.7337458	336.7060337	299.7637298
	0.003390217611	2.751988656e-05	1161.59029	-2.498600868e-11	312.8615914	17.92614843	-338.8478424	337.1120006	300.7277455
	0.003453242915	2.764687582e-05	1156.230028	-2.49400921e-11	313.5697298	18.04981568	-330.4427174	337.4631837	301.614436
	0.00351125353	2.776339864e-05	1151.363228	-2.489673033e-11	314.2063902	18.16300514	-322.6090701	337.7628679	302.4196583
	0.003563795442	2.786863698e-05	1147.010624	-2.485654747e-11	314.7705119	18.26499629	-315.433423	338.0148129	303.1399396
	0.003610457431	2.796185927e-05	1143.189265	-2.482013715e-11	315.2615257	18.35515305	-308.9966574	338.2230325	303.772417
	0.003650874292	2.804242326e-05	1139.912913	-2.478804924e-11	315.6792373	18.43292361	-303.3726081	338.3915769	304.3147726
	0.003684729679	2.810977832e-05	1137.192443	-2.476077721e-11	316.0237157	18.49784002	-298.6267544	338.5243227	304.7651697
	0.003711758546	2.816346714e-05	1135.036216	-2.473874676e-11	316.2951872	18.54951729	-294.8150416	338.624781	305.1221909
	0.003731749079	2.820312684e-05	1133.450437	-2.472230599e-11	316.4939414	18.58765235	-291.9828776	338.6959264	305.3847821
	0.003744543258	2.822848787e-05	1132.43952	-2.471171807e-11	316.6202423	18.61202113	-290.1644471	338.740053	305.5521913
	0.00375	2.823929926e-05	1132.009312	-2.470718672e-11	316.6738953	18.6224054	-289.3875031	338.758539	305.6234368

	0.00375	2.822480466e-05	1132.830411	-2.47807841e-11	316.4612219	18.60034684	-277.9814546	338.1951121	305.5861009
	0.003755456742	2.823498192e-05	1132.432544	-2.480042479e-11	316.5095573	18.6099729	-277.1086454	338.2031411	305.6546025
	0.003768250921	2.825879039e-05	1131.502218	-2.484610806e-11	316.6225309	18.63248878	-275.0692538	338.2217515	305.8147881
	0.003788241454	2.829583971e-05	1130.055733	-2.491645571e-11	316.7980487	18.66751785	-271.9025373	338.2502264	306.0638748
	0.003815270321	2.83456412e-05	1128.113775	-2.50095721e-11	317.033424	18.7145866	-267.6592166	338.2875571	306.3983364
	0.003849125708	2.84075467e-05	1125.703746	-2.512296331e-11	317.325101	18.77306723	-262.4063766	338.332419	306.813501
	0.003889542569	2.848075966e-05	1122.859251	-2.525360786e-11	317.6687267	18.84218873	-256.226059	338.3832126	307.303638
	0.003936204558	2.856435085e-05	1119.619384	-2.539804651e-11	318.0592481	18.92105244	-249.2133656	338.4381148	307.8620784
	0.00398874647	2.86572767e-05	1116.027897	-2.555248529e-11	318.4910252	19.00865019	-241.4742592	338.4951379	308.4813554
	0.004046757085	2.87583996e-05	1112.132287	-2.571290842e-11	318.957956	19.1038844	-233.1231405	338.5521933	309.1533589
	0.004109782389	2.886650962e-05	1107.982815	-2.587519741e-11	319.4536092	19.2055895	-224.2802709	338.6071596	309.8695016
	0.00417732912	2.898034706e-05	1103.631499	-2.603525274e-11	319.9713613	19.31255426	-215.0691163	338.6579515	310.6208895
	0.004248868633	2.909862523e-05	1099.131091	-2.618911437e-11	320.5045342	19.42354413	-205.613686	338.7025876	311.3984947
	0.004323841034	2.922005287e-05	1094.534087	-2.633307728e-11	321.0465294	19.53732342	-196.0359397	338.7392554	312.1933243
	0.00440165956	2.934335572e-05	1089.891771	-2.646379862e-11	321.5909555	19.65267637	-186.4533346	338.7663717	312.9965814
	0.004481715176	2.946729653e-05	1085.253335	-2.657839311e-11	322.1317454	19.76842688	-176.9765787	338.7826347	313.7998146
	0.004563381338	2.959069334e-05	1080.665098	-2.667451384e-11	322.6632601	19.8834562	-167.7076481	338.7870689	314.595052
	0.004646018897	2.971243531e-05	1076.169825	-2.675041588e-11	323.1803771	19.99671838	-158.7381206	338.7790589	315.3749157
	0.004728981103	2.983149593e-05	1071.806178	-2.6805001e-11	323.6785602	20.10725298	-150.1478636	338.7583723	316.1327162
	0.004811618662	2.994694339e-05	1067.608311	-2.683784199e-11	324.1539104	20.21419492	-142.0041078	338.7251711	316.8625227
	0.004893284824	3.005794787e-05	1063.605593	-2.684918602e-11	324.6031964	20.31678124	-134.3609201	338.6800102	317.5592095
	0.00497334044	3.01637857e-05	1059.822498	-2.683993696e-11	325.0238649	20.41435476	-127.2590832	338.6238235	318.218478
	0.005051158966	3.026384051e-05	1056.278616	-2.681161727e-11	325.4140299	20.50636466	-120.7263709	338.5578993	318.8368543
	0.005126131367	3.035760147e-05	1052.988823	-2.676631079e-11	325.7724443	20.59236416	-114.7781996	338.4838428	319.4116634
	0.00519767088	3.04446587e-05	1049.963559	-2.670658823e-11	326.0984523	20.67200547	-109.4186236	338.4035301	319.9409829
	0.005265217611	3.052469643e-05	1047.209229	-2.663541786e-11	326.3919283	20.74503234	-104.6416308	338.3190528	320.4235774
	0.005328242915	3.059748401e-05	1044.72869	-2.655606406e-11	326.6532014	20.81127062	-100.4326885	338.2326559	320.858817
	0.00538625353	3.066286536e-05	1042.521816	-2.647197729e-11	326.8829712	20.87061717	-96.77047923	338.1466707	321.2465845
	0.005438795442	3.072074728e-05	1040.586103	-2.638667858e-11	327.0822161	20.92302774	-93.62876293	338.0634451	321.5871733
	0.005485457431	3.077108709e-05	1038.917315	-2.63036426e-11	327.2520997	20.96850413	-90.97829762	337.9852725	321.8811807
	0.005525874292	3.081388012e-05	1037.510118	-2.622618271e-11	327.3938756	21.00708135	-88.78875041	337.9143231	322.1294021
	0.005559729679	3.084914762e-05	1036.358695	-2.615734192e-11	327.5087977	21.03881509	-87.03053122	337.8525776	322.332727
	0.005586758546	3.087692541e-05	1035.457324	-2.60997929e-11	327.5980358	21.0637701	-85.67648586	337.8017676	322.4920443
	0.005606749079	3.089725367e-05	1034.800885	-2.605575086e-11	327.662602	21.08200976	-84.70339399	337.7633235	322.6081561
	0.005619543258	3.091016753e-05	1034.385314	-2.602690349e-11	327.7032849	21.0935865	-84.09325904	337.7383327	322.6817019
	0.005625	3.091565241e-05	1034.209154	-2.601444334e-11	327.7204843	21.098501	-83.83604009	337.7275824	322.7128871

	0.005625	3.092674634e-05	1033.936152	-2.590931134e-11	327.7082031	21.10528115	-75.36721448	337.4878465	322.8143562
	0.005630456742	3.093181563e-05	1033.767682	-2.592280252e-11	327.7255861	21.10987602	-75.07973059	337.4820225	322.843353
	0.005643250921	3.094366619e-05	1033.373935	-2.595429008e-11	327.7661976	21.12061629	-74.40826583	337.4683437	322.9111339
	0.005663241454	3.096208362e-05	1032.762238	-2.600308267e-11	327.8292436	21.13730475	-73.36637954	337.4469054	323.0164596
	0.005690270321	3.098679408e-05	1031.942005	-2.606826738e-11	327.913695	21.15968877	-71.97173649	337.4177916	323.1577439
	0.005724125708	3.101743501e-05	1030.92569	-2.614863907e-11	328.0181912	21.18743396	-70.24768374	337.3811183	323.3328876
	0.005764542569	3.105356222e-05	1029.728539	-2.624272875e-11	328.141069	21.22013087	-68.22273753	337.3370365	323.5393191
	0.005811204558	3.109465964e-05	1028.368249	-2.634884097e-11	328.2804014	21.257304	-65.92989863	337.2857363	323.7740521
	0.00586374647	3.11401506e-05	1026.864565	-2.646509698e-11	328.4340429	21.29842242	-63.40585998	337.2274494	324.0337513
	0.005921757085	3.118941029e-05	1025.238847	-2.658948214e-11	328.5996793	21.34291139	-60.69013428	337.1624533	324.3148054
	0.005984782389	3.124177909e-05	1023.513598	-2.671989621e-11	328.77488	21.39016474	-57.82412759	337.0910743	324.6134042
	0.00605232912	3.129657621e-05	1021.711989	-2.685420497e-11	328.9571534	21.43955772	-54.85018575	337.0136909	324.9256194
	0.006123868633	3.135311359e-05	1019.857369	-2.699029173e-11	329.1440003	21.49045979	-51.81064077	336.9307364	325.2474845
	0.006198841034	3.141070928e-05	1017.972797	-2.712610718e-11	329.332968	21.54224725	-48.74688409	336.8427007	325.575074
	0.00627665956	3.146870035e-05	1016.080594	-2.725971619e-11	329.5216996	21.59431509	-45.69849272	336.7501316	325.9045775
	0.006356715176	3.152645462e-05	1014.201931	-2.73893402e-11	329.7079806	21.64608802	-42.70243205	336.6536351	326.2323686
	0.006438381338	3.158338127e-05	1012.356466	-2.751339402e-11	329.8897785	21.6970302	-39.7923571	336.553874	326.5550664
	0.006521018897	3.16389397e-05	1010.562033	-2.763051609e-11	330.0652774	21.74665347	-36.99803014	336.451566	326.869587
	0.006603981103	3.169264684e-05	1008.834399	-2.773959134e-11	330.2329042	21.79452405	-34.34486952	336.3474794	327.1731851
	0.006686618662	3.174408235e-05	1007.187084	-2.78397661e-11	330.3913468	21.84026728	-31.85363983	336.2424291	327.4634848
	0.006768284824	3.179289196e-05	1005.631259	-2.793045482e-11	330.539565	21.88357058	-29.54028938	336.1372693	327.7384976
	0.00684834044	3.183878869e-05	1004.175708	-2.801133838e-11	330.6767919	21.9241845	-27.4159363	336.0328861	327.9966296
	0.006926158966	3.18815522e-05	1002.82687	-2.808235448e-11	330.8025279	21.96192184	-25.48699978	335.9301889	328.2366761
	0.007001131367	3.192102608e-05	1001.588938	-2.814368019e-11	330.9165266	21.99665504	-23.75546878	335.8301001	328.457806
	0.00707267088	3.19571136e-05	1000.46403	-2.819570777e-11	331.0187736	22.02831195	-22.21929598	335.733544	328.6595349
	0.007140217611	3.198977176e-05	999.4524053	-2.823901427e-11	331.1094592	22.05687016	-20.87290117	335.6414356	328.841691
	0.007203242915	3.201900419e-05	998.5527311	-2.827432629e-11	331.1889461	22.08235011	-19.70776493	335.5546683	329.0043713
	0.00726125353	3.204485302e-05	997.7623824	-2.8302481e-11	331.2577328	22.10480733	-18.71309071	335.4741012	329.1478941
	0.007313795442	3.206739004e-05	997.0777634	-2.832438482e-11	331.3164152	22.12432403	-17.87651158	335.4005472	329.2727465
	0.007360457431	3.208670765e-05	996.4946419	-2.834097107e-11	331.3656457	22.14100039	-17.18481667	335.3347608	329.3795303
	0.007400874292	3.210290967e-05	996.008482	-2.83531582e-11	331.406094	22.1549459	-16.6246719	335.2774265	329.4689078
	0.007434729679	3.211610258e-05	995.6147639	-2.836180982e-11	331.4384087	22.16627094	-16.18331023	335.2291481	329.5415501
	0.007461758546	3.212638741e-05	995.3092799	-2.836769796e-11	331.463182	22.17507914	-15.84916783	335.1904397	329.5980887
	0.007481749079	3.213385247e-05	995.0883966	-2.837147081e-11	331.4809186	22.18146043	-15.61244551	335.1617167	329.6390727
	0.007494543258	3.213856702e-05	994.9492833	-2.837362575e-11	331.4920088	22.18548507	-15.46558554	335.1432917	329.6649318
	0.0075	3.214056278e-05	994.8904865	-2.837448317e-11	331.4966767	22.18718746	-15.40405237	335.1354234	329.6758726

	0.0075	3.215169892e-05	994.5180648	-2.821023482e-11	331.5385242	22.19767677	-14.45851584	335.1398418	329.7364566
	0.007505456742	3.21536536e-05	994.457206	-2.82150034e-11	331.544253	22.19941197	-14.39925406	335.1364727	329.7467383
	0.007518250921	3.215822192e-05	994.3149906	-2.822623684e-11	331.5576342	22.20346686	-14.26080705	335.1285736	329.7707692
	0.007538241454	3.21653185e-05	994.0941233	-2.82439368e-11	331.5783994	22.20976453	-14.04589507	335.1162321	329.8081026
	0.007565270321	3.217483358e-05	993.7980911	-2.82681557e-11	331.6061993	22.21820587	-13.75804541	335.0995465	329.8581652
	0.007599125708	3.218662194e-05	993.4315065	-2.829895703e-11	331.6405722	22.22865973	-13.4019219	335.0786485	329.9201981
	0.007639542569	3.220050583e-05	993.0000129	-2.833640602e-11	331.680954	22.24096569	-12.98322503	335.053703	329.9932727
	0.007686204558	3.2216279e-05	992.5101543	-2.83805594e-11	331.7266919	22.25493768	-12.50855798	335.0249066	330.0763107
	0.00773874647	3.223371131e-05	991.9692264	-2.843145399e-11	331.7770597	22.27036824	-11.98527136	334.9924862	330.168109
	0.007796757085	3.225255391e-05	991.3851111	-2.84890945e-11	331.8312752	22.2870332	-11.42129221	334.9566972	330.2673663
	0.007859782389	3.227254467e-05	990.7661007	-2.855344084e-11	331.8885183	22.30469671	-10.82494228	334.9178213	330.3727108
	0.00792732912	3.22934138e-05	990.1207172	-2.862439566e-11	331.94795	22.32311629	-10.20475083	334.8761642	330.4827307
	0.007998868633	3.231488954e-05	989.4575302	-2.870179233e-11	332.0087308	22.34204807	-9.569267214	334.8320537	330.5960023
	0.008073841034	3.233670367e-05	988.7849805	-2.878538419e-11	332.0700395	22.36125178	-8.926878517	334.7858364	330.7111198
	0.00815165956	3.235859668e-05	988.1112118	-2.887483519e-11	332.1310897	22.38049548	-8.285637253	334.7378752	330.826722
	0.008231715176	3.238032267e-05	987.4439177	-2.896971261e-11	332.1911464	22.39955999	-7.653103836	334.6885466	330.9415172
	0.008313381338	3.240165351e-05	986.7902051	-2.906948211e-11	332.249539	22.41824268	-7.036207998	334.6382374	331.0543059
	0.008396018897	3.24223825e-05	986.1564804	-2.917350537e-11	332.3056734	22.43636078	-6.441132706	334.5873419	331.1639991
	0.008478981103	3.244232723e-05	985.5483586	-2.928104065e-11	332.3590405	22.45375392	-5.873223446	334.5362589	331.2696337
	0.008561618662	3.24613316e-05	984.9705991	-2.939124636e-11	332.4092226	22.47028598	-5.336924878	334.4853879	331.3703829
	0.008643284824	3.247926705e-05	984.4270685	-2.950318758e-11	332.4558968	22.48584613	-4.835746057	334.435127	331.465563
	0.00872334044	3.249603299e-05	983.9207303	-2.961584571e-11	332.4988349	22.50034916	-4.372254466	334.3858689	331.5546351
	0.008801158966	3.251155628e-05	983.4536629	-2.972813085e-11	332.5379013	22.51373498	-3.948098263	334.3379983	331.6372034
	0.008876131367	3.252578999e-05	983.0271013	-2.983889686e-11	332.5730477	22.52596741	-3.564055218	334.2918887	331.7130085
	0.00894767088	3.25387115e-05	982.6415038	-2.994695866e-11	332.6043053	22.53703234	-3.220106042	334.2478999	331.7819173
	0.009015217611	3.255031984e-05	982.2966379	-3.005111147e-11	332.6317752	22.54693529	-2.915529058	334.2063746	331.8439101
	0.009078242915	3.256063259e-05	981.991684	-3.015015142e-11	332.6556166	22.55569847	-2.649012495	334.1676362	331.899064
	0.00913625353	3.256968235e-05	981.7253514	-3.024289718e-11	332.6760341	22.56335751	-2.418780224	334.1319864	331.9475349
	0.009188795442	3.257751297e-05	981.4960037	-3.032821183e-11	332.6932636	22.56995792	-2.222726319	334.0997026	331.9895383
	0.009235457431	3.258417557e-05	981.3017876	-3.040502464e-11	332.7075582	22.57555143	-2.058553648	334.0710358	332.0253284
	0.009275874292	3.25897247e-05	981.1407615	-3.0472352e-11	332.7191743	22.58019238	-1.923911567	334.0462088	332.0551783
	0.009309729679	3.259421451e-05	981.0110188	-3.05293171e-11	332.7283577	22.58393417	-1.816527938	334.0254146	332.0793605
	0.009336758546	3.259769531e-05	980.9108022	-3.057516763e-11	332.7353315	22.58682611	-1.734330922	334.0088147	332.0981289
	0.009356749079	3.260021048e-05	980.838604	-3.060929097e-11	332.7402849	22.58891052	-1.675556612	333.9965384	332.1117028
	0.009369543258	3.260179379e-05	980.793254	-3.063122507e-11	332.7433639	22.59022026	-1.638841141	333.9886817	332.1202532
	0.009375	3.260246279e-05	980.7741158	-3.064060249e-11	332.7446555	22.5907731	-1.623395796	333.9853309	332.1238674

	0.009375	3.260764565e-05	980.5935339	-2.930582378e-11	332.7680911	22.59595573	-1.95570646	334.0080412	332.1476744
	0.009380456742	3.260833061e-05	980.5727049	-2.931383283e-11	332.7699469	22.59655665	-1.945585799	334.0067101	332.1511249
	0.009393250921	3.260993134e-05	980.5240341	-2.933267012e-11	332.7742814	22.59796079	-1.921928882	334.0035905	332.1591893
	0.009413241454	3.261241757e-05	980.448454	-2.936226792e-11	332.7810065	22.60014122	-1.885169251	333.9987196	332.1717169
	0.009440270321	3.261575037e-05	980.3471683	-2.940260677e-11	332.7900076	22.60306318	-1.835862003	333.9921405	332.1885141
	0.009474125708	3.261987821e-05	980.2217691	-2.9453653e-11	332.8011332	22.60668066	-1.77474191	333.9839109	332.2093248
	0.009514542569	3.262473805e-05	980.0742036	-2.951534864e-11	332.8141982	22.61093743	-1.702708813	333.9741023	332.2338354
	0.009561204558	3.263025674e-05	979.9067296	-2.958760093e-11	332.8289884	22.61576825	-1.62080769	333.9627999	332.2616821
	0.00961374647	3.263635275e-05	979.7218631	-2.967027083e-11	332.845266	22.62110048	-1.530205503	333.9501011	332.2924589
	0.009671757085	3.264293793e-05	979.5223213	-2.976316078e-11	332.8627746	22.62685561	-1.432165652	333.9361148	332.3257268
	0.009734782389	3.264991952e-05	979.3109614	-2.986600217e-11	332.8812456	22.63295115	-1.328020779	333.9209603	332.3610234
	0.00980232912	3.265720212e-05	979.090718	-2.997844314e-11	332.9004048	22.63930234	-1.219144671	333.9047658	332.3978726
	0.009873868633	3.266468975e-05	978.86454	-3.010003718e-11	332.9199778	22.64582404	-1.106924056	333.8876673	332.4357951
	0.009948841034	3.267228779e-05	978.6353292	-3.023023306e-11	332.9396967	22.65243247	-0.9927310487	333.8698069	332.4743175
	0.01002665956	3.267990486e-05	978.4058825	-3.036836666e-11	332.9593054	22.65904691	-0.8778969807	333.8513322	332.5129818
	0.01010671518	3.268745452e-05	978.1788382	-3.051365504e-11	332.9785648	22.66559121	-0.7636883078	333.8323939	332.5513541
	0.01018838134	3.269485681e-05	977.9566295	-3.06651933e-11	332.9972579	22.67199517	-0.6512852105	333.8131452	332.5890316
	0.0102710189	3.27020395e-05	977.7414447	-3.082195439e-11	333.0151925	22.67819568	-0.5417634103	333.7937402	332.6256494
	0.0103539811	3.270893911e-05	977.5351961	-3.098279217e-11	333.0322054	22.68413761	-0.4360796269	333.7743324	332.6608853
	0.01043661866	3.271550164e-05	977.3394977	-3.114644785e-11	333.0481632	22.68977446	-0.3350609794	333.7550738	332.6944637
	0.01051828482	3.272168299e-05	977.1556532	-3.131155989e-11	333.0629643	22.69506872	-0.2393985133	333.7361132	332.7261571
	0.01059834044	3.272744909e-05	976.984652	-3.147667713e-11	333.0765384	22.69999193	-0.1496449029	333.7175958	332.7557877
	0.01067615897	3.273277568e-05	976.8271764	-3.164027511e-11	333.0888458	22.70452456	-0.06621625006	333.6996616	332.783226
	0.01075113137	3.27376479e-05	976.683616	-3.180077531e-11	333.0998757	22.70865549	0.01060222575	333.6824446	332.8083886
	0.01082267088	3.274205953e-05	976.5540916	-3.195656677e-11	333.1096435	22.71238142	0.08064693033	333.6660719	332.8312351
	0.01089021761	3.274601207e-05	976.4384851	-3.210602977e-11	333.1181875	22.71570592	0.1438635022	333.6506633	332.8517631
	0.01095324291	3.274951356e-05	976.3364762	-3.22475611e-11	333.1255653	22.7186384	0.2002918086	333.6363301	332.870003
	0.01101125353	3.275257737e-05	976.2475828	-3.237960004e-11	333.1318489	22.72119296	0.2500489289	333.6231749	332.886012
	0.01106379544	3.275522072e-05	976.1712051	-3.250065481e-11	333.1371206	22.72338707	0.2933107822	333.6112908	332.8998667
	0.01111045743	3.275746338e-05	976.1066705	-3.260932854e-11	333.141468	22.72524031	0.3302930852	333.6007615	332.9116568
	0.01115087429	3.275932613e-05	976.0532789	-3.270434421e-11	333.1449793	22.72677303	0.3612323431	333.5916602	332.9214782
	0.01118472968	3.276082951e-05	976.0103454	-3.2784568e-11	333.147739	22.72800514	0.3863675587	333.5840499	332.9294258
	0.01121175855	3.276199245e-05	975.9772405	-3.284903019e-11	333.1498234	22.72895492	0.4059233052	333.577983	332.9355882
	0.01123174908	3.276283127e-05	975.9534254	-3.289694317e-11	333.1512971	22.72963801	0.4200947019	333.5735009	332.9400414
	0.01124454326	3.276335862e-05	975.9384821	-3.292771372e-11	333.1522099	22.73006656	0.4290342486	333.5706345	332.942845
	0.01125	3.276358128e-05	975.9321797	-3.29408625e-11	333.1525921	22.73024729	0.4328160416	333.5694125	332.9440297

	0.01125	3.276551196e-05	975.8642818	-3.209336753e-11	333.1616063	22.73220179	0.2124549631	333.5799368	332.9522911
	0.01125545674	3.276574433e-05	975.8572777	-3.210166207e-11	333.1622083	22.7324041	0.2138792305	333.5794591	332.9534332
	0.01126825092	3.276628734e-05	975.8409117	-3.212202966e-11	333.163614	22.73287681	0.2172095956	333.5783396	332.9561025
	0.01128824145	3.276713071e-05	975.815498	-3.215643483e-11	333.165795	22.73361084	0.2223877908	333.5765922	332.960249
	0.01131527032	3.276826118e-05	975.7814423	-3.220795923e-11	333.1687138	22.73459444	0.2293398813	333.5742332	332.9658085
	0.01134912571	3.276966121e-05	975.7392813	-3.22806157e-11	333.1723211	22.73581206	0.2379679222	333.5712842	332.9726962
	0.01138954257	3.277130933e-05	975.6896714	-3.23791773e-11	333.1765565	22.73724471	0.2481517982	333.5677721	332.980808
	0.01143620456	3.277318067e-05	975.6333736	-3.250897279e-11	333.1813503	22.73887035	0.259751767	333.5637287	332.9900234
	0.01148874647	3.277524746e-05	975.5712356	-3.267565433e-11	333.186625	22.74066444	0.2726114205	333.5591905	333.0002078
	0.01154675709	3.277747972e-05	975.5041733	-3.288494483e-11	333.1922969	22.74260048	0.2865609558	333.5541979	333.0112157
	0.01160978239	3.277984589e-05	975.4331492	-3.314237367e-11	333.1982789	22.74465062	0.3014206645	333.5487951	333.0228939
	0.01167732912	3.278231354e-05	975.3591518	-3.34530094e-11	333.2044814	22.74678624	0.3170045423	333.5430296	333.0350845
	0.01174886863	3.278485002e-05	975.2831744	-3.382119882e-11	333.2108153	22.74897861	0.3331239225	333.5369512	333.0476288
	0.01182384103	3.278742318e-05	975.206194	-3.425032115e-11	333.2171934	22.75119949	0.3495910364	333.5306119	333.0603699
	0.01190165956	3.279000198e-05	975.129152	-3.4742566e-11	333.2235325	22.75342165	0.3662224083	333.5240655	333.0731562
	0.01198171518	3.279255707e-05	975.0529362	-3.529874288e-11	333.229755	22.75561944	0.3828419965	333.5173663	333.0858439
	0.01206338134	3.279506132e-05	974.9783647	-3.591812917e-11	333.2357903	22.75776921	0.3992840051	333.5105694	333.0982998
	0.0121460189	3.279749024e-05	974.9061731	-3.65983624e-11	333.2415765	22.75984974	0.4153952978	333.5037299	333.1104031
	0.0122289811	3.279982235e-05	974.8370033	-3.733538108e-11	333.2470605	22.76184251	0.4310373599	333.4969021	333.1220472
	0.01231161866	3.28020394e-05	974.7713968	-3.812341704e-11	333.2521995	22.76373192	0.446087771	333.4901394	333.1331411
	0.01239328482	3.28041265e-05	974.70979	-3.895504057e-11	333.2569608	22.76550542	0.4604411631	333.4834939	333.1436097
	0.01247334044	3.280607222e-05	974.6525131	-3.982125802e-11	333.2613221	22.76715353	0.4740096567	333.4770159	333.1533944
	0.01255115897	3.280786846e-05	974.5997927	-4.071165982e-11	333.265271	22.76866981	0.4867227849	333.4707534	333.1624525
	0.01262613137	3.280951032e-05	974.5517566	-4.161461538e-11	333.2688046	22.77005063	0.4985269286	333.4647521	333.1707569
	0.01269767088	3.281099587e-05	974.5084418	-4.251750977e-11	333.2719287	22.77129504	0.5093843026	333.459055	333.1782944
	0.01276521761	3.281232577e-05	974.469805	-4.340701579e-11	333.2746562	22.77240439	0.5192715454	333.4537023	333.1850648
	0.01282824291	3.281350294e-05	974.4357344	-4.426939388e-11	333.2770065	22.77338201	0.5281779772	333.4487311	333.1910785
	0.01288625353	3.28145321e-05	974.4060641	-4.509081145e-11	333.2790039	22.77423282	0.5361035992	333.4441751	333.1963548
	0.01293879544	3.281541926e-05	974.3805883	-4.585767237e-11	333.2806755	22.77496286	0.5430569158	333.4400649	333.2009194
	0.01298545743	3.281617131e-05	974.3590773	-4.655694737e-11	333.2820507	22.77557888	0.5490526639	333.4364276	333.2048025
	0.01302587429	3.281679547e-05	974.3412921	-4.717649547e-11	333.2831586	22.77608788	0.5541095364	333.4332871	333.208036
	0.01305972968	3.281729882e-05	974.3269992	-4.770536718e-11	333.2840272	22.77649668	0.5582479848	333.4306635	333.2106519
	0.01308675855	3.281768794e-05	974.3159843	-4.813408026e-11	333.2846817	22.77681156	0.5614881794	333.4285735	333.2126796
	0.01310674908	3.281796846e-05	974.3080638	-4.845485842e-11	333.2851436	22.77703789	0.5638481917	333.4270304	333.2141447
	0.01311954326	3.281814475e-05	974.3030955	-4.866181239e-11	333.2854293	22.77717981	0.5653423691	333.426044	333.2150669
	0.013125	3.281821917e-05	974.3010004	-4.875047092e-11	333.2855488	22.77723964	0.5659757783	333.4256235	333.2154565

	0.013125	3.281903417e-05	974.2773161	-3.822103815e-11	333.2886867	22.77801974	0.5106005753	333.4288836	333.2185349
	0.01313045674	3.281910846e-05	974.2750093	-3.822384921e-11	333.28888	22.77808452	0.509837922	333.4287262	333.2189037
	0.01314325092	3.281928221e-05	974.2696161	-3.823031249e-11	333.289332	22.77823601	0.508010781	333.4283581	333.2197662
	0.01316324145	3.281955247e-05	974.2612334	-3.824005282e-11	333.2900346	22.77847161	0.5050465154	333.4277853	333.2211071
	0.01319027032	3.281991548e-05	974.2499843	-3.825252767e-11	333.2909774	22.778788	0.5008264183	333.4270159	333.2229068
	0.01322412571	3.28203663e-05	974.236032	-3.826702614e-11	333.2921468	22.77918082	0.4951963664	333.42606	333.2251397
	0.01326454257	3.282089884e-05	974.2195766	-3.828269316e-11	333.2935258	22.7796447	0.4879740265	333.4249304	333.2277742
	0.01331120456	3.282150602e-05	974.2008505	-3.829855928e-11	333.2950952	22.78017339	0.4789573766	333.423642	333.2307738
	0.01336374647	3.282217991e-05	974.1801136	-3.831357464e-11	333.2968329	22.78075989	0.4679343697	333.4222113	333.2340972
	0.01342175709	3.282291186e-05	974.1576476	-3.832664617e-11	333.2987154	22.7813966	0.4546934252	333.4206564	333.2377001
	0.01348478239	3.282369274e-05	974.1337502	-3.833667659e-11	333.3007178	22.78207546	0.4390343912	333.4189965	333.2415354
	0.01355232912	3.282451305e-05	974.1087287	-3.834260408e-11	333.3028142	22.78278811	0.4207796025	333.4172516	333.2455544
	0.01362386863	3.282536312e-05	974.0828942	-3.834344133e-11	333.3049786	22.78352607	0.3997846516	333.4154418	333.2497079
	0.01369884103	3.282623331e-05	974.0565553	-3.833831265e-11	333.307185	22.78428087	0.375948494	333.4135876	333.2539468
	0.01377665956	3.282711416e-05	974.0300122	-3.832648798e-11	333.3094083	22.78504424	0.3492225308	333.4117088	333.2582234
	0.01385671518	3.282799656e-05	974.0035522	-3.83074127e-11	333.3116245	22.78580819	0.3196183352	333.4098247	333.2624919
	0.01393838134	3.282887185e-05	973.9774438	-3.828073213e-11	333.3138109	22.78656519	0.2872137364	333.4079536	333.2667095
	0.0140210189	3.282973201e-05	973.9519337	-3.824631011e-11	333.315947	22.78730824	0.2521570171	333.4061126	333.2708364
	0.0141039811	3.28305697e-05	973.927243	-3.82042408e-11	333.3180142	22.788031	0.2146690447	333.4043174	333.2748372
	0.01418661866	3.283137836e-05	973.9035648	-3.815485347e-11	333.3199964	22.7887278	0.1750432133	333.4025819	333.2786805
	0.01426828482	3.283215226e-05	973.8810632	-3.809870985e-11	333.3218797	22.78939373	0.1336431482	333.4009185	333.2823395
	0.01434834044	3.283288654e-05	973.8598719	-3.803659433e-11	333.3236531	22.79002465	0.09089818847	333.3993379	333.2857921
	0.01442615897	3.283357719e-05	973.8400951	-3.7969497e-11	333.3253079	22.79061717	0.04729673551	333.3978488	333.289021
	0.01450113137	3.283422102e-05	973.8218084	-3.789859017e-11	333.3268376	22.79116867	0.003377623704	333.3964583	333.292013
	0.01457267088	3.283481565e-05	973.8050605	-3.782519898e-11	333.3282384	22.79167719	-0.0402802704	333.3951719	333.2947594
	0.01464021761	3.283535941e-05	973.7898763	-3.775076695e-11	333.3295082	22.79214146	-0.08306990557	333.3939935	333.2972551
	0.01470324291	3.283585129e-05	973.7762592	-3.767681752e-11	333.3306467	22.79256074	-0.1243691176	333.3929257	333.2994985
	0.01476125353	3.283629082e-05	973.7641957	-3.760491278e-11	333.3316551	22.79293479	-0.1635544639	333.39197	333.3014906
	0.01481379544	3.283667799e-05	973.7536581	-3.753661046e-11	333.3325357	22.79326377	-0.2000154825	333.3911267	333.3032347
	0.01486045743	3.283701312e-05	973.7446097	-3.747342069e-11	333.3332918	22.79354811	-0.23316896	333.3903956	333.3047356
	0.01490087429	3.283729677e-05	973.7370078	-3.74167637e-11	333.3339269	22.79378844	-0.2624727991	333.389776	333.3059992
	0.01493472968	3.283752964e-05	973.7308084	-3.736792977e-11	333.3344447	22.79398551	-0.2874390841	333.3892666	333.3070316
	0.01496175855	3.283771246e-05	973.7259691	-3.732804279e-11	333.3348489	22.79414005	-0.3076459518	333.3888663	333.3078387
	0.01498174908	3.283784591e-05	973.722453	-3.729802846e-11	333.3351426	22.79425277	-0.322747854	333.3885739	333.308426
	0.01499454326	3.283793053e-05	973.7202306	-3.727858957e-11	333.3353281	22.7943242	-0.3324832752	333.3883884	333.3087974
	0.015	3.283796643e-05	973.7192895	-3.72702444e-11	333.3354067	22.7943545	-0.3366520767	333.3883096	333.3089549
