	-0.015	4.790233214e-06	1669.139458	-1.48408033e-11	223.0039156	0.55613311	-0.9919845966	223.0090757	223.0014803
	-0.01499454326	4.790233748e-06	1669.139248	-1.484684458e-11	223.0039428	0.5561332399	-0.9961560569	223.0091171	223.0015005
	-0.01498174908	4.790235012e-06	1669.138754	-1.486103248e-11	223.0040072	0.556133547	-1.005981335	223.0092149	223.0015483
	-0.01496175855	4.790237017e-06	1669.137972	-1.488326578e-11	223.0041091	0.5561340339	-1.021458342	223.0093698	223.0016242
	-0.01493472968	4.790239788e-06	1669.136897	-1.491345328e-11	223.0042496	0.556134706	-1.042627509	223.0095831	223.0017289
	-0.01490087429	4.790243355e-06	1669.135521	-1.49514698e-11	223.0044301	0.5561355704	-1.069537314	223.0098565	223.0018637
	-0.01486045743	4.790247754e-06	1669.133837	-1.499715242e-11	223.0046522	0.5561366348	-1.102236365	223.0101922	223.0020298
	-0.01481379544	4.790253024e-06	1669.131834	-1.505029742e-11	223.0049174	0.556137908	-1.140764813	223.0105921	223.0022285
	-0.01476125353	4.790259202e-06	1669.129506	-1.5110657e-11	223.0052273	0.5561393982	-1.185144755	223.0110584	223.0024613
	-0.01470324291	4.790266323e-06	1669.126846	-1.517793598e-11	223.0055835	0.5561411132	-1.235369948	223.0115928	223.0027294
	-0.01464021761	4.790274418e-06	1669.123847	-1.525178855e-11	223.0059871	0.5561430594	-1.29139519	223.0121968	223.0030338
	-0.01457267088	4.790283507e-06	1669.12051	-1.533181534e-11	223.0064388	0.5561452411	-1.35312581	223.0128711	223.0033753
	-0.01450113137	4.7902936e-06	1669.116834	-1.541756094e-11	223.0069389	0.55614766	-1.420407664	223.0136157	223.0037541
	-0.01442615897	4.790304692e-06	1669.112827	-1.550851217e-11	223.0074868	0.5561503143	-1.493018063	223.0144296	223.0041701
	-0.01434834044	4.790316762e-06	1669.108501	-1.560409712e-11	223.0080814	0.5561531986	-1.570658018	223.0153109	223.0046224
	-0.01426828482	4.790329772e-06	1669.103872	-1.570368527e-11	223.0087207	0.5561563033	-1.652946172	223.0162561	223.0051095
	-0.01418661866	4.790343664e-06	1669.098963	-1.580658875e-11	223.0094015	0.556159614	-1.739414709	223.0172608	223.0056292
	-0.0141039811	4.790358356e-06	1669.093804	-1.591206488e-11	223.01012	0.5561631116	-1.829507514	223.0183189	223.0061785
	-0.0140210189	4.790373751e-06	1669.088432	-1.601932e-11	223.0108712	0.5561667724	-1.922580755	223.0194233	223.0067537
	-0.01393838134	4.790389727e-06	1669.082888	-1.612751467e-11	223.0116492	0.5561705676	-2.017906006	223.0205652	223.0073503
	-0.01385671518	4.790406144e-06	1669.077219	-1.623577031e-11	223.0124473	0.556174464	-2.114675953	223.0217347	223.007963
	-0.01377665956	4.790422845e-06	1669.07148	-1.6343177e-11	223.0132578	0.5561784243	-2.21201262	223.0229208	223.008586
	-0.01369884103	4.790439655e-06	1669.065727	-1.644880258e-11	223.0140724	0.5561824076	-2.308978014	223.0241114	223.0092127
	-0.01362386863	4.790456387e-06	1669.060024	-1.655170283e-11	223.0148821	0.5561863696	-2.404586968	223.0252934	223.0098364
	-0.01355232912	4.790472844e-06	1669.054434	-1.665093251e-11	223.0156776	0.5561902642	-2.497821925	223.0264534	223.0104495
	-0.01348478239	4.790488823e-06	1669.049023	-1.674555712e-11	223.0164491	0.5561940436	-2.58764931	223.0275775	223.0110447
	-0.01342175709	4.790504119e-06	1669.043859	-1.683466516e-11	223.0171868	0.5561976594	-2.673037119	223.0286514	223.0116142
	-0.01336374647	4.790518526e-06	1669.039006	-1.691738063e-11	223.0178812	0.5562010639	-2.752973267	223.0296614	223.0121505
	-0.01331120456	4.790531848e-06	1669.034529	-1.69928754e-11	223.0185227	0.5562042105	-2.82648426	223.0305939	223.0126463
	-0.01326454257	4.790543896e-06	1669.030488	-1.706038141e-11	223.0191025	0.5562070554	-2.89265367	223.0314363	223.0130946
	-0.01322412571	4.790554496e-06	1669.026938	-1.711920216e-11	223.0196124	0.5562095577	-2.950639967	223.0321767	223.013489
	-0.01319027032	4.790563494e-06	1669.023929	-1.716872341e-11	223.020045	0.5562116812	-2.999693199	223.0328046	223.0138237
	-0.01316324145	4.790570754e-06	1669.021503	-1.720842278e-11	223.0203939	0.5562133943	-3.039170064	223.0333109	223.0140937
	-0.01314325092	4.790576168e-06	1669.019696	-1.723787776e-11	223.020654	0.5562146716	-3.068546824	223.0336882	223.0142951
	-0.01313045674	4.790579653e-06	1669.018533	-1.725677097e-11	223.0208214	0.5562154937	-3.08742849	223.033931	223.0144247
	-0.013125	4.790581143e-06	1669.018036	-1.726483885e-11	223.020893	0.5562158453	-3.095500596	223.0340349	223.0144801

	-0.013125	4.790599125e-06	1669.014264	-1.697832415e-11	223.021706	0.5562199608	-3.102510262	223.0348589	223.0152923
	-0.01311954326	4.790600476e-06	1669.013727	-1.69848755e-11	223.0217763	0.5562202928	-3.113715601	223.0349799	223.0153372
	-0.01310674908	4.790603679e-06	1669.012456	-1.700022867e-11	223.0219428	0.55622108	-3.140147154	223.0352658	223.0154441
	-0.01308675855	4.79060879e-06	1669.010438	-1.702419657e-11	223.0222079	0.5562223345	-3.181891668	223.035719	223.015615
	-0.01305972968	4.790615905e-06	1669.007647	-1.705656248e-11	223.0225758	0.556224078	-3.239198547	223.0363445	223.015854
	-0.01302587429	4.790625149e-06	1669.004049	-1.709703685e-11	223.023052	0.5562263388	-3.312381737	223.0371485	223.0161661
	-0.01298545743	4.790636669e-06	1668.999604	-1.71452594e-11	223.0236428	0.5562291495	-3.401791195	223.0381383	223.0165573
	-0.01293879544	4.790650622e-06	1668.994271	-1.720080311e-11	223.0243552	0.5562325461	-3.50778101	223.0393216	223.0170339
	-0.01288625353	4.790667172e-06	1668.988007	-1.726317904e-11	223.0251962	0.5562365651	-3.630673638	223.0407061	223.0176029
	-0.01282824291	4.790686478e-06	1668.980773	-1.733184188e-11	223.0261724	0.5562412414	-3.770721362	223.0422987	223.0182706
	-0.01276521761	4.790708682e-06	1668.972535	-1.740619599e-11	223.0272899	0.5562466063	-3.928066378	223.0441051	223.0190431
	-0.01269767088	4.790733898e-06	1668.963268	-1.748560187e-11	223.0285532	0.556252685	-4.10270099	223.0461292	223.0199256
	-0.01262613137	4.790762207e-06	1668.952959	-1.756938296e-11	223.0299653	0.5562594939	-4.294429434	223.0483722	223.0209216
	-0.01255115897	4.790793643e-06	1668.941611	-1.765683265e-11	223.0315269	0.556267039	-4.502832824	223.0508325	223.0220333
	-0.01247334044	4.790828187e-06	1668.929242	-1.774722145e-11	223.0332364	0.5562753139	-4.727238632	223.0535048	223.0232606
	-0.01239328482	4.790865759e-06	1668.91589	-1.783980403e-11	223.0350892	0.5562842978	-4.966696006	223.0563802	223.0246012
	-0.01231161866	4.790906214e-06	1668.901614	-1.793382631e-11	223.0370776	0.5562939548	-5.219958043	223.0594452	223.0260504
	-0.0122289811	4.790949336e-06	1668.886495	-1.802853222e-11	223.0391908	0.556304233	-5.485471959	223.0626823	223.0276006
	-0.0121460189	4.79099484e-06	1668.870634	-1.812317031e-11	223.0414146	0.5563150636	-5.761377818	223.0660692	223.0292417
	-0.01206338134	4.791042369e-06	1668.854156	-1.82169999e-11	223.0437316	0.5563263621	-6.045516282	223.0695794	223.0309609
	-0.01198171518	4.7910915e-06	1668.837206	-1.830929692e-11	223.0461213	0.556338028	-6.335445508	223.0731824	223.0327428
	-0.01190165956	4.791141747e-06	1668.819947	-1.83993592e-11	223.0485603	0.5563499465	-6.628467075	223.0768435	223.0345695
	-0.01182384103	4.791192568e-06	1668.802562	-1.848651141e-11	223.0510227	0.55636199	-6.921660509	223.0805249	223.036421
	-0.01174886863	4.791243375e-06	1668.785243	-1.857010936e-11	223.0534803	0.5563740201	-7.211925747	223.0841861	223.0382755
	-0.01167732912	4.791293543e-06	1668.768198	-1.864954387e-11	223.0559035	0.5563858901	-7.496032552	223.0877842	223.0401098
	-0.01160978239	4.791342423e-06	1668.751637	-1.872424415e-11	223.0582613	0.5563974478	-7.77067575	223.0912753	223.0418998
	-0.01154675709	4.791389357e-06	1668.735777	-1.879368068e-11	223.0605227	0.5564085387	-8.032534888	223.0946148	223.0436208
	-0.01148874647	4.791433688e-06	1668.72083	-1.885736759e-11	223.0626564	0.5564190089	-8.278336807	223.0977588	223.0452481
	-0.01143620456	4.791474774e-06	1668.707004	-1.891486471e-11	223.0646322	0.5564287087	-8.50491949	223.1006643	223.046758
	-0.01138954257	4.791512008e-06	1668.694495	-1.896577916e-11	223.0664213	0.5564374955	-8.709295493	223.1032909	223.0481274
	-0.01134912571	4.791544825e-06	1668.683486	-1.900976666e-11	223.0679973	0.5564452375	-8.888713238	223.1056011	223.0493354
	-0.01131527032	4.791572719e-06	1668.674139	-1.904653249e-11	223.0693361	0.5564518164	-9.040714502	223.1075613	223.0503627
	-0.01128824145	4.791595254e-06	1668.666596	-1.907583226e-11	223.0704172	0.55645713	-9.163186423	223.1091427	223.051193
	-0.01126825092	4.791612072e-06	1668.66097	-1.909747226e-11	223.0712238	0.5564610951	-9.254406196	223.1103217	223.051813
	-0.01125545674	4.791622904e-06	1668.657348	-1.911130869e-11	223.0717431	0.5564636484	-9.313073367	223.1110805	223.0522123
	-0.01125	4.791627539e-06	1668.655799	-1.911720676e-11	223.0719654	0.5564647411	-9.338162797	223.1114051	223.0523833

	-0.01125	4.791682134e-06	1668.644716	-1.91582302e-11	223.0744149	0.5564771918	-9.347373873	223.1138072	223.0548621
	-0.01124454326	4.791686291e-06	1668.643063	-1.916788658e-11	223.0746314	0.5564782145	-9.381774688	223.114181	223.0549998
	-0.01123174908	4.791696154e-06	1668.639149	-1.919044469e-11	223.0751446	0.5564806391	-9.46292585	223.1150647	223.055327
	-0.01121175855	4.791711892e-06	1668.632934	-1.92254588e-11	223.0759614	0.5564845032	-9.591106195	223.1164655	223.0558509
	-0.01118472968	4.791733805e-06	1668.624335	-1.927235033e-11	223.077095	0.5564898746	-9.767100497	223.1183988	223.0565835
	-0.01115087429	4.791762281e-06	1668.613248	-1.933035437e-11	223.0785624	0.5564968407	-9.991897496	223.1208838	223.0575405
	-0.01111045743	4.791797775e-06	1668.599551	-1.939853613e-11	223.0803833	0.5565055035	-10.26660133	223.123943	223.0587404
	-0.01106379544	4.791840782e-06	1668.583113	-1.947581299e-11	223.082579	0.5565159742	-10.59233244	223.1276001	223.0602034
	-0.01101125353	4.79189181e-06	1668.563803	-1.956098009e-11	223.0851714	0.5565283662	-10.97011648	223.1318786	223.0619504
	-0.01095324291	4.791951351e-06	1668.541497	-1.965273848e-11	223.0881812	0.5565427887	-11.40076444	223.1368001	223.0640019
	-0.01089021761	4.792019847e-06	1668.516091	-1.974972505e-11	223.0916266	0.5565593389	-11.88474862	223.1423822	223.0663766
	-0.01082267088	4.79209766e-06	1668.487508	-1.985054334e-11	223.0955223	0.5565780949	-12.42207884	223.1486364	223.0690902
	-0.01075113137	4.79218504e-06	1668.455706	-1.995379437e-11	223.0998771	0.5565991088	-13.01218369	223.155567	223.0721545
	-0.01067615897	4.792282096e-06	1668.42069	-2.005810665e-11	223.1046937	0.5566223996	-13.65380149	223.1631687	223.0755759
	-0.01059834044	4.792388773e-06	1668.382517	-2.016216455e-11	223.1099668	0.5566479477	-14.34488527	223.1714253	223.0793546
	-0.01051828482	4.792504826e-06	1668.341306	-2.026473414e-11	223.1156823	0.5566756899	-15.08252585	223.1803088	223.0834835
	-0.01043661866	4.792629806e-06	1668.297236	-2.0364686e-11	223.1218167	0.5567055154	-15.86289651	223.1897781	223.087948
	-0.0103539811	4.792763051e-06	1668.250556	-2.046101425e-11	223.1283365	0.5567372638	-16.68122215	223.1997783	223.0927252
	-0.0102710189	4.792903679e-06	1668.201581	-2.055285139e-11	223.1351981	0.5567707235	-17.53177501	223.2102412	223.0977838
	-0.01018838134	4.793050587e-06	1668.150695	-2.063947868e-11	223.1423477	0.5568056327	-18.40789834	223.2210849	223.1030844
	-0.01010671518	4.793202467e-06	1668.098346	-2.072033173e-11	223.1497221	0.5568416811	-19.30205856	223.2322147	223.1085791
	-0.01002665956	4.793357815e-06	1668.045039	-2.079500139e-11	223.157249	0.5568785138	-20.20592528	223.2435239	223.1142131
	-0.009948841034	4.793514955e-06	1667.991335	-2.086322992e-11	223.1648482	0.5569157361	-21.1104782	223.2548957	223.1199245
	-0.009873868633	4.793672067e-06	1667.937835	-2.092490289e-11	223.1724331	0.55695292	-22.00613846	223.2662046	223.1256461
	-0.00980232912	4.793827216e-06	1667.885174	-2.098003687e-11	223.1799119	0.5569896117	-22.88292175	223.2773187	223.1313061
	-0.009734782389	4.793978397e-06	1667.834008	-2.102876376e-11	223.1871895	0.5570253405	-23.73060932	223.2881019	223.1368298
	-0.009671757085	4.794123566e-06	1667.785003	-2.107131214e-11	223.1941693	0.5570596281	-24.53893293	223.298417	223.1421411
	-0.00961374647	4.79426069e-06	1667.738818	-2.110798643e-11	223.2007554	0.5570919985	-25.29776865	223.3081277	223.1471641
	-0.009561204558	4.794387787e-06	1667.696095	-2.113914457e-11	223.2068542	0.5571219881	-25.99733478	223.317102	223.1518246
	-0.009514542569	4.794502971e-06	1667.657441	-2.116517509e-11	223.212377	0.5571491562	-26.62838846	223.3252147	223.1560521
	-0.009474125708	4.794604496e-06	1667.62342	-2.11864743e-11	223.2172417	0.5571730947	-27.18241566	223.33235	223.1597811
	-0.009440270321	4.794690795e-06	1667.594536	-2.120342443e-11	223.2213745	0.5571934372	-27.65180935	223.3384044	223.1629528
	-0.009413241454	4.794760514e-06	1667.571223	-2.12163735e-11	223.2247118	0.557209868	-28.0300308	223.3432887	223.1655164
	-0.009393250921	4.794812547e-06	1667.553836	-2.122561746e-11	223.2272017	0.5572221287	-28.31174807	223.3469302	223.1674304
	-0.009380456742	4.794846058e-06	1667.542644	-2.123138504e-11	223.2288049	0.5572300242	-28.49293625	223.3492736	223.1686634
	-0.009375	4.794860401e-06	1667.537856	-2.123380962e-11	223.229491	0.5572334031	-28.57042367	223.3502762	223.1691912

	-0.009375	4.795027077e-06	1667.503772	-2.162666161e-11	223.2370876	0.557271737	-28.60347036	223.3577401	223.176851
	-0.009369543258	4.795039981e-06	1667.498651	-2.163002256e-11	223.2377573	0.5572749053	-28.70988765	223.3588964	223.1772773
	-0.009356749079	4.795070596e-06	1667.486535	-2.163801812e-11	223.2393441	0.557282417	-28.96090699	223.3616294	223.1782907
	-0.009336758546	4.795119436e-06	1667.467297	-2.165083451e-11	223.2418696	0.5572943867	-29.35734838	223.3659613	223.1799127
	-0.009309729679	4.795187419e-06	1667.440688	-2.166879077e-11	223.2453741	0.5573110224	-29.90157465	223.3719378	223.1821807
	-0.009275874292	4.795275733e-06	1667.40639	-2.169229977e-11	223.2499092	0.5573325925	-30.59655978	223.3796176	223.185143
	-0.009235457431	4.795385764e-06	1667.364034	-2.172184703e-11	223.2555353	0.5573594102	-31.44561831	223.389068	223.1888564
	-0.009188795442	4.795519026e-06	1667.313225	-2.175796588e-11	223.2623177	0.557391816	-32.45210292	223.4003606	223.1933829
	-0.00913625353	4.795677071e-06	1667.253564	-2.180120943e-11	223.2703228	0.5574301581	-33.61906514	223.4135663	223.1987871
	-0.009078242915	4.795861397e-06	1667.18468	-2.185212007e-11	223.279614	0.5574747707	-34.94888986	223.4287494	223.2051316
	-0.009015217611	4.796073352e-06	1667.106257	-2.191119771e-11	223.2902471	0.5575259514	-36.44291667	223.445962	223.2124742
	-0.00894767088	4.796314032e-06	1667.018064	-2.197886784e-11	223.3022659	0.557583939	-38.10106237	223.4652387	223.2208633
	-0.008876131367	4.796584193e-06	1666.919982	-2.20554504e-11	223.3156978	0.5576488913	-39.92145879	223.4865903	223.2303347
	-0.008801158966	4.796884158e-06	1666.812033	-2.214113077e-11	223.3305499	0.5577208649	-41.90012039	223.509999	223.2409079
	-0.00872334044	4.797213737e-06	1666.6944	-2.22359338e-11	223.3468055	0.5577997974	-44.03065479	223.5354143	223.2525832
	-0.008643284824	4.797572165e-06	1666.567446	-2.233970186e-11	223.364421	0.5578854917	-46.30402872	223.5627483	223.2653389
	-0.008561618662	4.797958051e-06	1666.431733	-2.245207785e-11	223.3833236	0.5579776046	-48.70839993	223.5918738	223.2791297
	-0.008478981103	4.798369342e-06	1666.288026	-2.257249376e-11	223.4034099	0.5580756397	-51.22902399	223.6226222	223.2938846
	-0.008396018897	4.79880331e-06	1666.137299	-2.270016538e-11	223.4245453	0.5581789436	-53.84824244	223.654783	223.3095071
	-0.008313381338	4.799256558e-06	1665.980733	-2.283409351e-11	223.4465644	0.5582867077	-56.54555634	223.6881044	223.325875
	-0.008231715176	4.799725048e-06	1665.819702	-2.297307178e-11	223.4692723	0.5583979748	-59.29778671	223.7222956	223.3428413
	-0.00815165956	4.800204147e-06	1665.655764	-2.311570099e-11	223.4924466	0.5585116497	-62.07932053	223.7570296	223.3602359
	-0.008073841034	4.800688691e-06	1665.490634	-2.326040986e-11	223.515841	0.5586265152	-64.86243853	223.791948	223.3778685
	-0.007998868633	4.801173075e-06	1665.326162	-2.340548151e-11	223.5391887	0.5587412515	-67.61771798	223.8266662	223.3955313
	-0.00792732912	4.801651347e-06	1665.164296	-2.354908513e-11	223.5622075	0.5588544601	-70.31450171	223.8607801	223.413003
	-0.007859782389	4.802117327e-06	1665.00705	-2.368931211e-11	223.5846051	0.5589646898	-72.92142214	223.8938731	223.4300533
	-0.007796757085	4.802564732e-06	1664.856463	-2.382421539e-11	223.6060846	0.5590704662	-75.40696741	223.9255247	223.4464472
	-0.00773874647	4.802987302e-06	1664.714558	-2.395185134e-11	223.6263508	0.5591703223	-77.74007507	223.9553179	223.4619505
	-0.007686204558	4.803378941e-06	1664.583302	-2.407032267e-11	223.6451168	0.5592628296	-79.89073789	223.9828486	223.4763346
	-0.007639542569	4.803733848e-06	1664.46456	-2.417782131e-11	223.6621096	0.5593466301	-81.83060564	224.0077336	223.4893818
	-0.007599125708	4.804046651e-06	1664.360056	-2.427267013e-11	223.6770767	0.5594204659	-83.53356675	224.0296188	223.5008903
	-0.007565270321	4.804312526e-06	1664.271336	-2.435336212e-11	223.6897915	0.5594832087	-84.97629365	224.0481875	223.5106785
	-0.007538241454	4.804527314e-06	1664.199733	-2.441859602e-11	223.7000587	0.5595338852	-86.1387363	224.0631668	223.5185901
	-0.007518250921	4.804687612e-06	1664.146333	-2.446730702e-11	223.7077188	0.5595716996	-87.00454615	224.0743338	223.5244969
	-0.007505456742	4.804790847e-06	1664.111959	-2.449868971e-11	223.7126509	0.5595960503	-87.56138262	224.0815202	223.528302
	-0.0075	4.80483503e-06	1664.097252	-2.451212366e-11	223.7147615	0.5596064714	-87.79951736	224.0845946	223.5299308

	-0.0075	4.805327038e-06	1663.995054	-2.429348833e-11	223.737677	0.5597211018	-87.92972843	224.1073504	223.5529231
	-0.007494543258	4.805367151e-06	1663.979263	-2.428367077e-11	223.7397523	0.559730936	-88.2567563	224.110907	223.5542578
	-0.007481749079	4.805462273e-06	1663.941914	-2.426127546e-11	223.7446671	0.5597542438	-89.02793854	224.1193103	223.5574286
	-0.007461758546	4.80561391e-06	1663.882649	-2.422803336e-11	223.752484	0.5597913626	-90.24527893	224.1326206	223.5624993
	-0.007434729679	4.805824772e-06	1663.800753	-2.418648066e-11	223.76332	0.5598429098	-91.91525156	224.1509669	223.5695807
	-0.007400874292	4.806098357e-06	1663.695311	-2.413993699e-11	223.7773257	0.5599096809	-94.0459688	224.174514	223.5788164
	-0.007360457431	4.806438753e-06	1663.565267	-2.409238798e-11	223.7946762	0.559992604	-96.64639018	224.2034509	223.5903747
	-0.007313795442	4.806850409e-06	1663.409488	-2.404834112e-11	223.8155611	0.5600926867	-99.72544236	224.2379771	223.6044399
	-0.00726125353	4.807337877e-06	1663.226843	-2.401266137e-11	223.8401723	0.5602109566	-103.2910324	224.2782883	223.6212022
	-0.007203242915	4.807905539e-06	1663.016285	-2.399039189e-11	223.868692	0.5603483967	-107.3489853	224.3245599	223.6408472
	-0.007140217611	4.808557307e-06	1662.776937	-2.39865657e-11	223.9012792	0.5605058779	-111.9019443	224.3769307	223.6635438
	-0.00707267088	4.809296342e-06	1662.508174	-2.400601449e-11	223.9380564	0.5606840912	-116.9482752	224.4354854	223.6894336
	-0.007001131367	4.810124763e-06	1662.209712	-2.405318081e-11	223.9790973	0.5608834828	-122.4810168	224.5002395	223.7186192
	-0.006926158966	4.811043386e-06	1661.88168	-2.41319397e-11	224.0244145	0.5611041925	-128.4869193	224.5711235	223.7511542
	-0.00684834044	4.812051492e-06	1661.524689	-2.424543581e-11	224.0739491	0.5613459996	-134.9456082	224.6479702	223.787034
	-0.006768284824	4.813146628e-06	1661.139891	-2.43959412e-11	224.127562	0.5616082779	-141.8289125	224.7305039	223.8261877
	-0.006686618662	4.814324455e-06	1660.729017	-2.458473892e-11	224.1850271	0.5618899606	-149.1003859	224.8183324	223.8684725
	-0.006603981103	4.815578653e-06	1660.294408	-2.481203598e-11	224.2460274	0.562189518	-156.715047	224.9109418	223.9136693
	-0.006521018897	4.816900878e-06	1659.839021	-2.507690914e-11	224.3101526	0.5625049485	-164.6193596	225.0076955	223.9614813
	-0.006438381338	4.818280782e-06	1659.366418	-2.537728542e-11	224.3769008	0.5628337834	-172.7514617	225.1078363	224.0115343
	-0.006356715176	4.819706094e-06	1658.880744	-2.570995829e-11	224.4456825	0.5631731063	-181.0416498	225.2104923	224.0633796
	-0.00627665956	4.821162761e-06	1658.386675	-2.607063951e-11	224.5158267	0.5635195867	-189.4131139	225.3146865	224.1164997
	-0.006198841034	4.822635149e-06	1657.889359	-2.645404532e-11	224.5865909	0.5638695269	-197.7829112	225.4193497	224.1703152
	-0.006123868633	4.824106298e-06	1657.394329	-2.685401471e-11	224.6571728	0.5642189222	-206.0631596	225.5233371	224.2241949
	-0.00605232912	4.825558225e-06	1656.907416	-2.726365634e-11	224.7267241	0.5645635311	-214.1624248	225.6254474	224.2774672
	-0.005984782389	4.826972267e-06	1656.434637	-2.767552001e-11	224.7943666	0.5648989564	-221.9872677	225.7244438	224.3294333
	-0.005921757085	4.828329453e-06	1655.982081	-2.808178757e-11	224.8592096	0.5652207322	-229.4439148	225.8190782	224.3793809
	-0.00586374647	4.829610902e-06	1655.555787	-2.847447766e-11	224.9203678	0.5655244162	-236.4400084	225.9081149	224.4266002
	-0.005811204558	4.830798226e-06	1655.161615	-2.884565819e-11	224.9769805	0.5658056853	-242.8863917	225.9903566	224.4703988
	-0.005764542569	4.831873938e-06	1654.80513	-2.918766022e-11	225.0282299	0.5660604296	-248.6988812	226.0646684	224.5101172
	-0.005724125708	4.832821844e-06	1654.49147	-2.94932868e-11	225.0733594	0.5662848443	-253.799979	226.1300029	224.5451443
	-0.005690270321	4.833627411e-06	1654.22524	-2.975601043e-11	225.1116904	0.5664755162	-258.1204778	226.1854227	224.574931
	-0.005663241454	4.834278104e-06	1654.010408	-2.997015309e-11	225.142638	0.5666295019	-261.6009135	226.2301206	224.5990036
	-0.005643250921	4.834763674e-06	1653.850214	-3.013104261e-11	225.1657243	0.566744395	-264.1928119	226.2634378	224.6169744
	-0.005630456742	4.83507637e-06	1653.747105	-3.023513379e-11	225.1805879	0.5668183767	-265.8595877	226.2848766	224.6285504
	-0.005625	4.835210193e-06	1653.702991	-3.02797948e-11	225.1869481	0.5668500365	-266.5723537	226.2940477	224.6335053

	-0.005625	4.836546608e-06	1653.414527	-3.027507749e-11	225.2517668	0.567169919	-267.1898336	226.3602136	224.6976496
	-0.005619543258	4.836670678e-06	1653.366693	-3.023494382e-11	225.2581428	0.5672002806	-268.1687206	226.3709079	224.7018664
	-0.005606749079	4.836964605e-06	1653.253662	-3.014145853e-11	225.2732257	0.5672721775	-270.4753479	226.39615	224.71187
	-0.005586758546	4.837432351e-06	1653.074598	-2.999711478e-11	225.2971674	0.5673865064	-274.1115917	226.4360606	224.7278276
	-0.005559729679	4.838081252e-06	1652.82772	-2.980529367e-11	225.330266	0.5675449511	-279.0905478	226.4909356	224.7500384
	-0.005525874292	4.838920753e-06	1652.510759	-2.957044859e-11	225.3729037	0.567749678	-285.4282994	226.5611499	224.7788883
	-0.005485457431	4.839961857e-06	1652.12111	-2.929798625e-11	225.425523	0.5680032062	-293.1418749	226.6471276	224.8148289
	-0.005438795442	4.841216487e-06	1651.656012	-2.899411401e-11	225.4885983	0.5683082586	-302.2470056	226.7493077	224.8583523
	-0.00538625353	4.842696759e-06	1651.112758	-2.866566417e-11	225.5626048	0.5686675927	-312.7556186	226.8681059	224.9099634
	-0.005328242915	4.844414211e-06	1650.488906	-2.831990145e-11	225.6479844	0.569083819	-324.6731427	227.0038734	224.9701494
	-0.005265217611	4.846378981e-06	1649.782514	-2.796431949e-11	225.7451103	0.5695592102	-337.995726	227.1568542	225.039348
	-0.00519767088	4.848598996e-06	1648.992366	-2.760643263e-11	225.8542515	0.5700955116	-352.7074715	227.3271421	225.1179158
	-0.005126131367	4.851079183e-06	1648.118192	-2.725356929e-11	225.9755387	0.5706937559	-368.777801	227.5146398	225.2060975
	-0.005051158966	4.853820729e-06	1647.160871	-2.69126731e-11	226.1089324	0.5713540921	-386.1590517	227.7190211	225.3039967
	-0.00497334044	4.856820431e-06	1646.122612	-2.659011799e-11	226.2541946	0.5720756331	-404.7844092	227.9396979	225.4115507
	-0.004893284824	4.86007015e-06	1645.007103	-2.629154245e-11	226.4108659	0.5728563293	-424.5662674	228.1757927	225.5285089
	-0.004811618662	4.863556398e-06	1643.819616	-2.60217081e-11	226.5782475	0.5736928718	-445.3950969	228.4261197	225.6544164
	-0.004728981103	4.867260064e-06	1642.567078	-2.578438673e-11	226.7553907	0.5745806311	-467.1388874	228.6891725	225.7886027
	-0.004646018897	4.871156316e-06	1641.258092	-2.558227883e-11	226.9410923	0.5755136334	-489.6432122	228.9631225	225.9301778
	-0.004563381338	4.875214661e-06	1639.902901	-2.541696617e-11	227.133899	0.5764845765	-512.7319441	229.2458258	226.0780337
	-0.004481715176	4.879399183e-06	1638.513313	-2.528889941e-11	227.3321185	0.5774848875	-536.2086348	229.5348396	226.230853
	-0.00440165956	4.883668956e-06	1637.10257	-2.519742089e-11	227.5338383	0.5785048202	-559.8585436	229.8274491	226.3871248
	-0.004323841034	4.887978622e-06	1635.685171	-2.514082169e-11	227.7369523	0.5795335908	-583.4512872	230.1207025	226.5451656
	-0.004248868633	4.892279111e-06	1634.276647	-2.511643071e-11	227.9391933	0.5805595507	-606.7440575	230.4114549	226.7031474
	-0.00417732912	4.896518513e-06	1632.893305	-2.512073291e-11	228.1381725	0.5815703891	-629.4853394	230.6964194	226.8591303
	-0.004109782389	4.900643051e-06	1631.551934	-2.51495126e-11	228.3314229	0.5825533639	-651.4190416	230.9722245	227.0110996
	-0.004046757085	4.904598145e-06	1630.269486	-2.519801709e-11	228.5164472	0.5834955519	-672.2889414	231.2354763	227.1570065
	-0.00398874647	4.908329536e-06	1629.062742	-2.526113535e-11	228.6907682	0.5843841134	-691.843332	231.4828232	227.2948109
	-0.003936204558	4.911784439e-06	1627.947973	-2.533358584e-11	228.8519801	0.5852065637	-709.8397529	231.711023	227.4225255
	-0.003889542569	4.914912695e-06	1626.940595	-2.541010741e-11	228.9978001	0.5859510432	-726.0496814	231.9170087	227.5382596
	-0.003849125708	4.91766788e-06	1626.054841	-2.548564713e-11	229.126118	0.5866065801	-740.2630584	232.0979525	227.6402619
	-0.003815270321	4.92000836e-06	1625.303454	-2.555553901e-11	229.2350433	0.5871633361	-752.2925284	232.2513264	227.7269605
	-0.003788241454	4.921898237e-06	1624.697403	-2.561566768e-11	229.3229469	0.5876128307	-761.9772715	232.3749559	227.7969992
	-0.003768250921	4.923308169e-06	1624.245642	-2.566261178e-11	229.3884983	0.5879481334	-769.1862903	232.467067	227.8492693
	-0.003755456742	4.924215978e-06	1623.954937	-2.569376014e-11	229.4306921	0.588164006	-773.82076	232.5263203	227.8829323
	-0.00375	4.924604451e-06	1623.830577	-2.570730699e-11	229.4487448	0.5882563787	-775.8022641	232.5516635	227.8973394

	-0.00375	4.927523941e-06	1623.130242	-2.544292824e-11	229.6019964	0.5889982557	-779.1323491	232.7209039	228.0425921
	-0.003744543258	4.927900037e-06	1622.993141	-2.548354956e-11	229.6207865	0.5890899148	-781.8395574	232.7507403	228.0558587
	-0.003731749079	4.928789217e-06	1622.669806	-2.557788636e-11	229.6651319	0.5893065699	-788.2074948	232.8210168	228.0872378
	-0.003711758546	4.930199202e-06	1622.159326	-2.572274139e-11	229.7352316	0.5896499872	-798.2146571	232.9317207	228.1370342
	-0.003684729679	4.932145698e-06	1621.458878	-2.59136653e-11	229.8315856	0.5901238181	-811.8565685	233.0831452	228.2058512
	-0.003650874292	4.934648813e-06	1620.56492	-2.614481015e-11	229.9548269	0.5907327329	-829.1246067	233.2756417	228.2944626
	-0.003610457431	4.937731719e-06	1619.473526	-2.640910305e-11	230.1056697	0.5914821049	-850.0024589	233.5095639	228.4037628
	-0.003563795442	4.941419129e-06	1618.180765	-2.669846475e-11	230.2848506	0.5923776481	-874.4624619	233.7852054	228.5347098
	-0.00351125353	4.945735569e-06	1616.683118	-2.700406051e-11	230.4930631	0.5934250109	-902.461561	234.1027314	228.6882611
	-0.003453242915	4.950703522e-06	1614.977937	-2.731657441e-11	230.7308863	0.5946293357	-933.9370055	234.4621042	228.8653042
	-0.003390217611	4.956341493e-06	1613.06391	-2.762649856e-11	230.9987117	0.5959948023	-968.8019523	234.8630077	229.0665843
	-0.00332267088	4.962662069e-06	1610.941533	-2.792442816e-11	231.2966694	0.5975241697	-1006.941161	235.3047713	229.2926319
	-0.003251131367	4.96967005e-06	1608.613555	-2.820135318e-11	231.6245579	0.5992183345	-1048.206971	235.7862983	229.5436929
	-0.003176158966	4.977360717e-06	1606.085394	-2.844893747e-11	231.9817787	0.601075922	-1092.415745	236.3060006	229.8196637
	-0.00309834044	4.9857183e-06	1603.36549	-2.865977682e-11	232.3672799	0.6030929256	-1139.344951	236.8617432	230.1200339
	-0.003018284824	4.994714716e-06	1600.465596	-2.882762764e-11	232.7795098	0.6052624089	-1188.731048	237.4508004	230.4438386
	-0.002936618662	5.00430862e-06	1597.400985	-2.89475994e-11	233.216383	0.6075742838	-1240.268309	238.0698265	230.7896229
	-0.002853981103	5.014444826e-06	1594.19056	-2.901630459e-11	233.6752615	0.610015174	-1293.608683	238.7148422	231.1554194
	-0.002771018897	5.025054108e-06	1590.856866	-2.90319618e-11	234.1529507	0.6125683722	-1348.3628	239.381239	231.5387404
	-0.002688381338	5.036053436e-06	1587.425993	-2.899444849e-11	234.645712	0.6152138961	-1404.102135	240.0638015	231.936586
	-0.002606715176	5.047346618e-06	1583.927374	-2.890530197e-11	235.1492922	0.6179286449	-1460.362361	240.7567481	232.3454671
	-0.00252665956	5.058825373e-06	1580.393471	-2.876766847e-11	235.658969	0.6206866548	-1516.647867	241.4537899	232.7614451
	-0.002448841034	5.070370799e-06	1576.859366	-2.858620204e-11	236.1696124	0.6234594495	-1572.437355	242.1482074	233.1801849
	-0.002373868633	5.08185521e-06	1573.362253	-2.836691639e-11	236.6757607	0.6262164788	-1627.190454	242.832942	233.5970235
	-0.00230232912	5.093144305e-06	1569.940844	-2.811699426e-11	237.1717089	0.6289256336	-1680.355183	243.5007023	234.0070491
	-0.002234782389	5.104099605e-06	1566.634722	-2.784456044e-11	237.6516077	0.6315538267	-1731.376132	244.1440817	234.4051913
	-0.002171757085	5.114581101e-06	1563.48362	-2.755842545e-11	238.1095708	0.6340676227	-1779.70316	244.7556841	234.7863192
	-0.00211374647	5.124450048e-06	1560.526687	-2.72678079e-11	238.5397878	0.636433902	-1824.800416	245.3282559	235.145344
	-0.002061204558	5.133571823e-06	1557.80172	-2.69820443e-11	238.9366389	0.6386205398	-1866.155451	245.8548194	235.477325
	-0.002014542569	5.141818769e-06	1555.344417	-2.671029535e-11	239.2948093	0.6405970829	-1903.288219	246.3288061	235.7775749
	-0.001974125708	5.149072953e-06	1553.187645	-2.646125797e-11	239.6094001	0.6423354041	-1935.75971	246.7441836	236.0417612
	-0.001940270321	5.155228754e-06	1551.360762	-2.624289197e-11	239.8760315	0.6438103179	-1963.180016	247.0955762	236.2660027
	-0.001913241454	5.16019521e-06	1549.888992	-2.606217022e-11	240.0909373	0.6450001374	-1985.215598	247.3783724	236.4469556
	-0.001893250921	5.16389804e-06	1548.792902	-2.59248607e-11	240.2510451	0.6458871549	-2001.595487	247.5888178	236.5818889
	-0.001880456742	5.166281123e-06	1548.088012	-2.583535312e-11	240.3540353	0.6464579928	-2012.115577	247.7240807	236.668739
	-0.001875	5.167300654e-06	1547.786573	-2.579679146e-11	240.3980841	0.6467022008	-2016.611144	247.7819073	236.7058974

	-0.001875	5.170591944e-06	1546.619187	-2.604410199e-11	240.6133265	0.6476935142	-2034.042029	248.0935144	236.8729372
	-0.001869543258	5.171644604e-06	1546.286814	-2.604729783e-11	240.6607794	0.6479483211	-2039.829669	248.1596158	236.9110642
	-0.001856749079	5.174125108e-06	1545.505258	-2.60546248e-11	240.7723898	0.6485487667	-2053.399517	248.3148556	237.0008561
	-0.001836758546	5.178035569e-06	1544.277763	-2.606560655e-11	240.9477595	0.6494953973	-2074.601525	248.558128	237.1422687
	-0.001809729679	5.183390215e-06	1542.605797	-2.607955033e-11	241.1867778	0.6507917097	-2103.267465	248.8884384	237.3356329
	-0.001775874292	5.190206528e-06	1540.491623	-2.609554884e-11	241.4892512	0.6524420054	-2139.171864	249.304421	237.5813415
	-0.001735457431	5.198503047e-06	1537.938677	-2.611251163e-11	241.8548434	0.6544508542	-2182.032631	249.8042982	237.8797788
	-0.001688795442	5.20829694e-06	1534.951966	-2.612920372e-11	242.2830129	0.6568225049	-2231.513145	250.3858462	238.2312445
	-0.00163625353	5.219601305e-06	1531.538496	-2.614428963e-11	242.7729444	0.6595602269	-2287.224884	251.0463595	238.6358685
	-0.001578242915	5.232422255e-06	1527.707732	-2.615638154e-11	243.3234762	0.6626656015	-2348.730501	251.7826143	239.0935201
	-0.001515217611	5.24675592e-06	1523.47206	-2.616408977e-11	243.9330254	0.666137791	-2415.54728	252.5908326	239.603714
	-0.00144767088	5.262585456e-06	1518.847241	-2.616607414e-11	244.5995154	0.6699728117	-2487.150954	253.4666499	240.1655176
	-0.001376131367	5.279878207e-06	1513.852831	-2.616109443e-11	245.3203077	0.6741628405	-2562.979852	254.4050884	240.7774622
	-0.001301158966	5.298583101e-06	1508.512548	-2.614805839e-11	246.0921422	0.6786955827	-2642.439331	255.4005368	241.4374634
	-0.00122334044	5.318628422e-06	1502.854568	-2.612606557e-11	246.9110884	0.6835537283	-2724.90647	256.4467404	242.1427527
	-0.001143284824	5.339920037e-06	1496.911728	-2.609444575e-11	247.7725097	0.6887145189	-2809.734973	257.5368018	242.8898244
	-0.001061618662	5.362340174e-06	1490.721626	-2.605279045e-11	248.6710451	0.6941494501	-2896.26026	258.6631949	243.6744
	-0.0009789811026	5.385746811e-06	1484.326608	-2.600097667e-11	249.6006075	0.6998241221	-2983.804686	259.8177922	244.4914128
	-0.0008960188974	5.40997375e-06	1477.773625	-2.593918185e-11	250.5544018	0.7056982558	-3071.68286	260.9919068	245.3350139
	-0.0008133813382	5.434831382e-06	1471.113962	-2.586788962e-11	251.5249632	0.711725878	-3159.207014	262.1763497	246.198601
	-0.0007317151761	5.460108173e-06	1464.40284	-2.578788602e-11	252.5042157	0.7178556817	-3245.692392	263.3615015	247.07487
	-0.0006516595599	5.485572849e-06	1457.698883	-2.570024618e-11	253.4835503	0.7240315566	-3330.462594	264.5373989	247.9558892
	-0.0005738410337	5.510977252e-06	1451.063469	-2.560631196e-11	254.4539217	0.7301932827	-3412.854862	265.6938337	248.8331951
	-0.0004988686334	5.53605981e-06	1444.559976	-2.550766086e-11	255.4059624	0.7362773725	-3492.225239	266.8204646	249.6979075
	-0.0004273291202	5.560549541e-06	1438.252921	-2.540606743e-11	256.3301114	0.742218045	-3567.953589	267.9069382	250.5408618
	-0.0003597823888	5.584170512e-06	1432.207035	-2.530345801e-11	257.2167547	0.7479483084	-3639.44841	268.9430181	251.352756
	-0.0002967570852	5.606646626e-06	1426.486276	-2.520186035e-11	258.0563756	0.7534011241	-3706.151432	269.9187189	252.1243075
	-0.0002387464699	5.627706637e-06	1421.152804	-2.510334944e-11	258.8397088	0.7585106254	-3767.541943	270.8244434	252.8464177
	-0.0001862045583	5.64708925e-06	1416.265957	-2.500999132e-11	259.5578979	0.7632133568	-3823.140823	271.6511187	253.5103385
	-0.0001395425687	5.66454818e-06	1411.881234	-2.49237864e-11	260.2026492	0.7674495045	-3872.514249	272.3903293	254.1078376
	-9.912570751e-05	5.679857033e-06	1408.04932	-2.48466142e-11	260.7663807	0.7711640823	-3915.277048	273.0344436	254.6313579
	-6.527032127e-05	5.692813877e-06	1404.815185	-2.478018098e-11	261.2423599	0.7743080435	-3951.095659	273.5767311	255.0741662
	-3.824145387e-05	5.703245377e-06	1402.217261	-2.472597202e-11	261.6248289	0.7768392856	-3979.690671	274.0114676	255.430488
	-1.825092067e-05	5.711010339e-06	1400.286749	-2.468521017e-11	261.9091107	0.7787235119	-4000.838829	274.3340234	255.6956229
	-5.456741744e-06	5.716002245e-06	1399.047143	-2.465882358e-11	262.0916828	0.7799348483	-4014.37359	274.5409204	255.8660261
	0	5.718136582e-06	1398.517486	-2.464749878e-11	262.1696994	0.7804527699	-4020.146118	274.629271	255.9388729

	0	5.715395471e-06	1397.946246	-2.596107898e-11	262.1545698	0.7800336257	-4073.119899	274.8511887	255.8051913
	5.456741744e-06	5.71766744e-06	1397.402465	-2.594871906e-11	262.2365692	0.7805853531	-4078.327591	274.9395605	255.8840022
	1.825092067e-05	5.723001364e-06	1396.12745	-2.591975427e-11	262.4288506	0.7818809012	-4090.475263	275.1466107	256.0688937
	3.824145387e-05	5.731354936e-06	1394.135175	-2.587453957e-11	262.7293439	0.783910595	-4109.280028	275.4696961	256.3580823
	6.527032127e-05	5.742687419e-06	1391.441257	-2.581348686e-11	263.1357507	0.7866654545	-4134.365086	275.9057116	256.7496733
	9.912570751e-05	5.75694332e-06	1388.066632	-2.573714638e-11	263.6449874	0.7901331941	-4165.233382	276.450514	257.2411128
	0.0001395425687	5.774051326e-06	1384.037509	-2.564620256e-11	264.2531897	0.7942979182	-4201.279836	277.0989599	257.8291765
	0.0001862045583	5.793923546e-06	1379.385184	-2.554146637e-11	264.9557373	0.7991398788	-4241.807297	277.8449711	258.509973
	0.0002387464699	5.816454743e-06	1374.145808	-2.542386589e-11	265.7472842	0.8046352254	-4286.044932	278.6816123	259.2789516
	0.0002967570852	5.841521585e-06	1368.360108	-2.529443571e-11	266.6217968	0.8107557515	-4333.168419	279.6011803	260.1309134
	0.0003597823888	5.868981952e-06	1362.073086	-2.515430529e-11	267.572595	0.817468653	-4382.32134	280.5952996	261.0600265
	0.0004273291202	5.898674356e-06	1355.333666	-2.500468644e-11	268.5923999	0.8247363124	-4432.63711	281.6550254	262.0598452
	0.0004988686334	5.93041754e-06	1348.194326	-2.484686027e-11	269.6733855	0.8325161277	-4483.26082	282.7709494	263.1233351
	0.0005738410337	5.964010294e-06	1340.710697	-2.468216372e-11	270.8072354	0.8407603992	-4533.370332	283.9333086	264.242903
	0.0006516595599	5.999231559e-06	1332.941127	-2.451197594e-11	271.9852026	0.8494162907	-4582.196021	285.1320939	265.4104339
	0.0007317151761	6.035840845e-06	1324.946243	-2.433770463e-11	273.1981751	0.8584258784	-4629.038595	286.3571565	266.6173338
	0.0008133813382	6.073579018e-06	1316.788471	-2.416077269e-11	274.4367427	0.8677262967	-4673.284472	287.5983118	267.8545805
	0.0008960188974	6.112169469e-06	1308.53156	-2.398260523e-11	275.6912691	0.8772499919	-4714.418305	288.8454376	269.1127807
	0.0009789811026	6.151319698e-06	1300.240081	-2.380461717e-11	276.9519648	0.886925087	-4752.03229	290.0885659	270.3822344
	0.001061618662	6.1907233e-06	1291.978927	-2.362820152e-11	278.2089632	0.8966758612	-4785.832046	291.3179674	271.6530065
	0.001143284824	6.230062368e-06	1283.812802	-2.345471844e-11	279.4523975	0.9064233427	-4815.63892	292.5242279	272.9150041
	0.00122334044	6.269010274e-06	1275.805714	-2.328548529e-11	280.6724793	0.9160860094	-4841.388697	293.6983155	274.1580608
	0.001301158966	6.307234817e-06	1268.020473	-2.312176757e-11	281.8595766	0.9255805911	-4863.126823	294.8316382	275.3720244
	0.001376131367	6.344401672e-06	1260.518193	-2.296477084e-11	283.0042916	0.9348229595	-4881.000334	295.9160926	276.5468504
	0.00144767088	6.380178109e-06	1253.357808	-2.281563364e-11	284.0975383	0.943729094	-4895.246793	296.9441036	277.6726972
	0.001515217611	6.414236902e-06	1246.595603	-2.267542145e-11	285.130617	0.9522161037	-4906.180642	297.908655	278.7400234
	0.001578242915	6.44626037e-06	1240.284769	-2.254512147e-11	286.095287	0.960203289	-4914.177427	298.8033122	279.7396852
	0.00163625353	6.475944456e-06	1234.474977	-2.242563837e-11	286.9838359	0.9676132186	-4919.656457	299.6222379	280.6630328
	0.001688795442	6.503002776e-06	1229.211977	-2.231779083e-11	287.7891453	0.9743728016	-4923.062461	300.3602012	281.5020038
	0.001735457431	6.527170552e-06	1224.537237	-2.22223087e-11	288.5047513	0.9804143315	-4924.846878	301.0125819	282.2492126
	0.001775874292	6.548208333e-06	1220.487608	-2.213983093e-11	289.1249001	0.9856764777	-4925.449382	301.5753704	282.8980334
	0.001809729679	6.565905443e-06	1217.095026	-2.207090395e-11	289.644598	0.9901052033	-4925.28027	302.0451646	283.4426764
	0.001836758546	6.580083042e-06	1214.386261	-2.201598058e-11	290.0596539	0.9936545847	-4924.704286	302.419165	283.8782549
	0.001856749079	6.590596711e-06	1212.382714	-2.197541945e-11	290.3667139	0.9962875034	-4924.026417	302.6951667	284.2008401
	0.001869543258	6.597338046e-06	1211.100356	-2.194948669e-11	290.5632738	0.9979760828	-4923.480173	302.8715394	284.4074912
	0.001875	6.600216197e-06	1210.553412	-2.193843269e-11	290.647116	0.9986970915	-4923.220512	302.9466982	284.495674

	0.001875	6.591610205e-06	1212.053677	-2.214236972e-11	290.3470046	0.996365022	-4938.427733	302.6535315	284.1920972
	0.001880456742	6.594469315e-06	1211.554935	-2.213252115e-11	290.4287072	0.9970835095	-4935.110599	302.7187093	284.2820624
	0.001893250921	6.601163819e-06	1210.387796	-2.210949034e-11	290.619939	0.9987661344	-4927.303718	302.8712178	284.492656
	0.001913241454	6.61159818e-06	1208.570457	-2.207367567e-11	290.9177989	1.001389628	-4915.023333	303.1086357	284.8207374
	0.001940270321	6.625656651e-06	1206.125444	-2.202558148e-11	291.3187189	1.004926031	-4898.259521	303.4279527	285.2624596
	0.001974125708	6.643185248e-06	1203.082666	-2.196587604e-11	291.8179589	1.009338119	-4877.002743	303.8251739	285.8127099
	0.002014542569	6.663993755e-06	1199.478943	-2.189537917e-11	292.4096773	1.014579847	-4851.248979	304.2953843	286.4651836
	0.002061204558	6.68785879e-06	1195.357326	-2.18150451e-11	293.0870351	1.020597052	-4821.00518	304.832842	287.2124935
	0.00211374647	6.714527425e-06	1190.7663	-2.172594247e-11	293.842318	1.02732828	-4786.295311	305.431087	288.046298
	0.002171757085	6.743721226e-06	1185.758898	-2.162923224e-11	294.6670717	1.034705717	-4747.166816	306.0830622	288.9574442
	0.002234782389	6.775140614e-06	1180.39175	-2.152614416e-11	295.5522476	1.042656189	-4703.69726	306.7812428	289.936122
	0.00230232912	6.808469423e-06	1174.724101	-2.141795232e-11	296.4883547	1.051102219	-4656.000858	307.5177708	290.9720239
	0.002373868633	6.843379573e-06	1168.816799	-2.130595062e-11	297.4656139	1.059963111	-4604.234652	308.2845912	292.0545088
	0.002448841034	6.87953574e-06	1162.731314	-2.119142866e-11	298.4741112	1.069156033	-4548.604031	309.0735867	293.1727644
	0.00252665956	6.916599916e-06	1156.528774	-2.107564875e-11	299.503946	1.07859709	-4489.367371	309.8767074	294.3159648
	0.002606715176	6.954235778e-06	1150.269067	-2.095982456e-11	300.5453714	1.088202355	-4426.839538	310.6860924	295.4734203
	0.002688381338	6.992112764e-06	1144.010017	-2.084510209e-11	301.588923	1.097888836	-4361.394077	311.4941801	296.634715
	0.002771018897	7.029909782e-06	1137.806658	-2.073254312e-11	302.6255345	1.107575371	-4293.4639	312.2938065	297.7898313
	0.002853981103	7.0673185e-06	1131.710611	-2.062311186e-11	303.6466361	1.117183433	-4223.540381	313.0782867	298.929257
	0.002936618662	7.104046142e-06	1125.769585	-2.051766476e-11	304.6442363	1.126637824	-4152.170768	313.8414811	300.0440745
	0.003018284824	7.139817786e-06	1120.027007	-2.041694381e-11	305.6109843	1.13586727	-4079.953895	314.5778433	301.1260308
	0.00309834044	7.174378123e-06	1114.521771	-2.032157335e-11	306.5402134	1.144804889	-4007.534245	315.28245	302.1675869
	0.003176158966	7.20749268e-06	1109.288129	-2.023206028e-11	307.4259647	1.153388549	-3935.594422	315.9510137	303.1619485
	0.003251131367	7.238948538e-06	1104.355699	-2.014879762e-11	308.262993	1.161561112	-3864.846193	316.5798774	304.1030759
	0.00332267088	7.268554547e-06	1099.74958	-2.0072071e-11	309.0467552	1.169270562	-3796.02027	317.1659943	304.9856776
	0.003390217611	7.296141106e-06	1095.490588	-2.000206787e-11	309.773383	1.176470044	-3729.855062	317.7068931	305.8051864
	0.003453242915	7.321559546e-06	1091.59556	-1.993888896e-11	310.4396421	1.18311781	-3667.084651	318.2006312	306.5577222
	0.00351125353	7.344681198e-06	1088.077744	-1.988256143e-11	311.0428816	1.189177083	-3608.426296	318.6457382	307.2400434
	0.003563795442	7.365396201e-06	1084.947231	-1.983305329e-11	311.5809739	1.194615876	-3554.567755	319.0411526	307.849489
	0.003610457431	7.38361214e-06	1082.211419	-1.979028841e-11	312.0522507	1.199406756	-3506.154761	319.3861548	308.3839163
	0.003650874292	7.39925259e-06	1079.875496	-1.97541616e-11	312.4554365	1.203526584	-3463.778968	319.6802979	308.841635
	0.003684729679	7.412255644e-06	1077.942899	-1.972455317e-11	312.789583	1.206956251	-3427.966681	319.9233413	309.2213431
	0.003711758546	7.422572496e-06	1076.41576	-1.970134254e-11	313.0540074	1.20968041	-3399.168697	320.1151874	309.5220647
	0.003731749079	7.430166108e-06	1075.295298	-1.96844202e-11	313.2482358	1.211687224	-3377.751607	320.2558255	309.7430942
	0.003744543258	7.435009721e-06	1074.582209	-1.96736987e-11	313.3719464	1.212968051	-3363.991703	320.3452772	309.8839382
	0.00375	7.43707164e-06	1074.27903	-1.966915184e-11	313.4245673	1.213513482	-3358.110563	320.383296	309.9438617

	0.00375	7.433565549e-06	1075.730264	-3.896175423e-11	313.2706588	1.21234577	-3314.027561	320.0546578	309.8773234
	0.003755456742	7.435480268e-06	1075.456391	-3.87974791e-11	313.3198529	1.212852144	-3307.877724	320.088798	309.9340467
	0.003768250921	7.439957529e-06	1074.816208	-3.841492504e-11	313.4348836	1.214036353	-3293.478886	320.1686061	310.0666939
	0.003788241454	7.446919171e-06	1073.821427	-3.782453361e-11	313.6137383	1.215878039	-3271.038406	320.2926329	310.2729708
	0.003815270321	7.45626606e-06	1072.487037	-3.704050495e-11	313.8538636	1.218351466	-3240.808092	320.459026	310.5499732
	0.003849125708	7.467866862e-06	1070.832881	-3.608153834e-11	314.1518766	1.221422529	-3203.122859	320.6653335	310.8938527
	0.003889542569	7.481560508e-06	1068.88326	-3.497032651e-11	314.5036288	1.225049377	-3158.39628	320.9085514	311.2998884
	0.003936204558	7.497159589e-06	1066.666398	-3.373290812e-11	314.9042937	1.22918329	-3107.113808	321.1851903	311.7625851
	0.00398874647	7.514454325e-06	1064.213815	-3.23979231e-11	315.3484694	1.233769684	-3049.824787	321.4913515	312.275789
	0.004046757085	7.533216939e-06	1061.559639	-3.099579663e-11	315.830291	1.23874924	-2987.133539	321.8228119	312.8328144
	0.004109782389	7.553206327e-06	1058.739875	-2.955787691e-11	316.3435517	1.244059093	-2919.689767	322.1751141	313.4265795
	0.00417732912	7.57417289e-06	1055.791642	-2.811555336e-11	316.8818273	1.249634075	-2848.178504	322.5436595	314.0497469
	0.004248868633	7.595863397e-06	1052.752418	-2.669938177e-11	317.4386014	1.255407961	-2773.309837	322.9238016	314.6948651
	0.004323841034	7.618025753e-06	1049.659294	-2.533824321e-11	318.0073887	1.261314691	-2695.808654	323.3109378	315.3545072
	0.00440165956	7.640413543e-06	1046.548267	-2.405856193e-11	318.5818521	1.267289544	-2616.404629	323.7005957	316.0214035
	0.004481715176	7.662790242e-06	1043.453592	-2.288360579e-11	319.1559112	1.273270218	-2535.822663	324.0885139	316.6885639
	0.004563381338	7.684932978e-06	1040.407204	-2.183289007e-11	319.7238394	1.279197805	-2454.773981	324.4707126	317.3493881
	0.004646018897	7.706635773e-06	1037.438225	-2.092170235e-11	320.2803474	1.28501763	-2373.948047	324.8435546	317.9977604
	0.004728981103	7.727712173e-06	1034.572575	-2.016076211e-11	320.8206507	1.290679937	-2294.005446	325.2037938	318.628127
	0.004811618662	7.747997227e-06	1031.83268	-1.955602474e-11	321.3405207	1.296140411	-2215.571836	325.5486107	319.2355544
	0.004893284824	7.767348776e-06	1029.237303	-1.910863493e-11	321.8363177	1.301360524	-2139.233056	325.8756348	319.8157681
	0.00497334044	7.785648051e-06	1026.801474	-1.881502982e-11	322.305006	1.306307705	-2065.531413	326.1829529	320.365171
	0.005051158966	7.802799576e-06	1024.536542	-1.866718761e-11	322.7441512	1.310955337	-1994.963161	326.4691034	320.8808421
	0.005126131367	7.818730429e-06	1022.450328	-1.865301276e-11	323.151901	1.315282586	-1927.977136	326.7330587	321.3605163
	0.00519767088	7.833388893e-06	1020.547368	-1.875684473e-11	323.5269496	1.31927408	-1864.974473	326.9741954	321.8025466
	0.005265217611	7.846742583e-06	1018.829252	-1.89600733e-11	323.8684896	1.322919449	-1806.309316	327.1922539	322.2058515
	0.005328242915	7.858776127e-06	1017.295022	-1.924184029e-11	324.1761515	1.326212757	-1752.290387	327.3872896	322.569849
	0.00538625353	7.8694885e-06	1015.941635	-1.95798048e-11	324.4499349	1.329151841	-1703.183269	327.5596175	322.8943806
	0.005438795442	7.878890122e-06	1014.764451	-1.995094719e-11	324.6901327	1.331737591	-1659.21324	327.7097521	323.1796286
	0.005485457431	7.886999831e-06	1013.75775	-2.033238579e-11	324.8972536	1.333973193	-1620.568477	327.8383454	323.4260296
	0.005525874292	7.893841848e-06	1012.915241	-2.070218009e-11	325.0719427	1.335863379	-1587.403466	327.9461243	323.6341879
	0.005559729679	7.899442846e-06	1012.230556	-2.10400946e-11	325.2149058	1.337413688	-1559.842418	328.0338311	323.8047909
	0.005586758546	7.903829229e-06	1011.697704	-2.132829862e-11	325.3268393	1.338629791	-1537.982556	328.1021678	323.9385321
	0.005606749079	7.907024706e-06	1011.311474	-2.155197846e-11	325.408367	1.339516878	-1521.897174	328.1517472	324.0360408
	0.005619543258	7.909048121e-06	1011.067792	-2.169983274e-11	325.4599841	1.340079117	-1511.639003	328.1830491	324.0978201
	0.005625	7.909905953e-06	1010.964696	-2.176400797e-11	325.4818657	1.340317605	-1507.272578	328.1962974	324.1240201

	0.005625	7.912259125e-06	1010.808397	-2.166237538e-11	325.5296744	1.340913278	-1493.123368	328.2160811	324.1858374
	0.005630456742	7.913101224e-06	1010.697109	-2.165655117e-11	325.5510817	1.341144972	-1489.631866	328.2307583	324.2106115
	0.005643250921	7.915069278e-06	1010.437118	-2.164325684e-11	325.6011159	1.341686496	-1481.463332	328.2650488	324.2685219
	0.005663241454	7.918126403e-06	1010.033527	-2.162349926e-11	325.678848	1.342527787	-1468.750293	328.3182827	324.3585098
	0.005690270321	7.922225174e-06	1009.492953	-2.159875248e-11	325.7830855	1.343655928	-1451.658273	328.3895922	324.4792203
	0.005724125708	7.927302843e-06	1008.824144	-2.157094605e-11	325.9122503	1.345053823	-1430.406861	328.47783	324.6288598
	0.005764542569	7.933282609e-06	1008.037795	-2.154239687e-11	326.0644106	1.346700546	-1405.266016	328.5815933	324.8052318
	0.005811204558	7.940075364e-06	1007.146293	-2.151572561e-11	326.237324	1.348571807	-1376.550809	328.6992571	325.0057851
	0.00586374647	7.947581699e-06	1006.163428	-2.149376138e-11	326.4284879	1.350640498	-1344.615288	328.8290118	325.2276704
	0.005921757085	7.955694129e-06	1005.104073	-2.147943768e-11	326.6351951	1.352877297	-1309.845668	328.9689052	325.4678025
	0.005984782389	7.964299456e-06	1003.983841	-2.147568318e-11	326.8545924	1.355251301	-1272.653058	329.1168875	325.7229266
	0.00605232912	7.973281208e-06	1002.818738	-2.148531083e-11	327.0837419	1.357730693	-1233.465896	329.2708565	325.9896867
	0.006123868633	7.982522084e-06	1001.624807	-2.151090882e-11	327.319682	1.360283402	-1192.722312	329.4287038	326.2646942
	0.006198841034	7.991906341e-06	1000.417789	-2.155473715e-11	327.5594872	1.362877748	-1150.862587	329.5883598	326.5445954
	0.00627665956	8.001322059e-06	999.2127995	-2.161863305e-11	327.8003243	1.365483058	-1108.321915	329.7478355	326.826135
	0.006356715176	8.010663215e-06	998.0240317	-2.170392847e-11	328.0395051	1.36807023	-1065.523639	329.9052615	327.1062148
	0.006438381338	8.019831526e-06	996.8644988	-2.181138245e-11	328.2745319	1.370612231	-1022.873109	330.0589219	327.3819462
	0.006521018897	8.028738002e-06	995.7458148	-2.194113059e-11	328.503137	1.373084522	-980.7523127	330.2072831	327.6506944
	0.006603981103	8.037304184e-06	994.6780246	-2.209265345e-11	328.7233137	1.375465396	-939.51538	330.3490155	327.9101137
	0.006686618662	8.045463031e-06	993.669485	-2.226476517e-11	328.9333388	1.377736217	-899.4850457	330.4830101	328.1581739
	0.006768284824	8.053159441e-06	992.7267997	-2.245562271e-11	329.1317862	1.379881575	-860.9501245	330.6083863	328.3931757
	0.00684834044	8.060350416e-06	991.8548073	-2.266275578e-11	329.3175311	1.381889321	-824.1640153	330.724494	328.613757
	0.006926158966	8.067004851e-06	991.0566232	-2.288311669e-11	329.4897453	1.383750528	-789.3442234	330.8309083	328.8188879
	0.007001131367	8.073102999e-06	990.3337312	-2.31131488e-11	329.6478847	1.385459341	-756.6728581	330.9274178	329.0078578
	0.00707267088	8.07863561e-06	989.6861202	-2.334887153e-11	329.7916677	1.387012755	-726.2980315	331.0140064	329.1802523
	0.007140217611	8.083602803e-06	989.1124618	-2.358597971e-11	329.9210481	1.388410314	-698.3360614	331.0908309	329.3359238
	0.007203242915	8.088012709e-06	988.6103206	-2.381995409e-11	330.0361816	1.389653746	-672.8743538	331.1581932	329.4749547
	0.00726125353	8.091879939e-06	988.1763893	-2.404617993e-11	330.1373878	1.390746559	-649.9748257	331.2165101	329.5976161
	0.007313795442	8.095223933e-06	987.806741	-2.426007013e-11	330.22511	1.391693593	-629.6777124	331.2662805	329.7043235
	0.007360457431	8.098067255e-06	987.4970887	-2.445718908e-11	330.2998728	1.392500571	-612.0055954	331.3080512	329.7955903
	0.007400874292	8.100433896e-06	987.243043	-2.463337365e-11	330.3622404	1.393173637	-596.9674851	331.3423841	329.871982
	0.007434729679	8.102347639e-06	987.0403596	-2.47848476e-11	330.4127759	1.393718925	-584.5627934	331.3698232	329.9340712
	0.007461758546	8.103830546e-06	986.8851674	-2.490832588e-11	330.4520044	1.394142149	-574.785046	331.3908658	329.9823969
	0.007481749079	8.104901628e-06	986.77417	-2.500110521e-11	330.4803797	1.394448246	-567.6252222	331.4059356	330.0174282
	0.007494543258	8.105575675e-06	986.7048184	-2.506113434e-11	330.4982554	1.394641064	-563.0748875	331.4153602	330.0395315
	0.0075	8.105860437e-06	986.6756406	-2.508689102e-11	330.5058119	1.394722569	-561.1417676	331.4193275	330.0488834

	0.0075	8.108153787e-06	986.2637941	-2.215444235e-11	330.5680757	1.395379996	-561.7031134	331.5032704	330.1003088
	0.007505456742	8.108462001e-06	986.2241115	-2.210150055e-11	330.5760285	1.395466721	-560.2904251	331.5088029	330.1094726
	0.007518250921	8.109182182e-06	986.1314257	-2.197966234e-11	330.594613	1.395669376	-556.9861235	331.5217256	330.1308898
	0.007538241454	8.110300497e-06	985.9876069	-2.179572683e-11	330.6234762	1.395984091	-551.8456056	331.5417789	330.1641608
	0.007565270321	8.111799086e-06	985.795091	-2.155950545e-11	330.6621633	1.396405875	-544.9385509	331.5686252	330.2087722
	0.007599125708	8.11365432e-06	985.5570978	-2.128385608e-11	330.7100726	1.396928126	-536.3573395	331.6018181	330.2640446
	0.007639542569	8.115837303e-06	985.2775598	-2.098424914e-11	330.7664679	1.397542768	-526.2154163	331.6408121	330.3291462
	0.007686204558	8.118314535e-06	984.9610281	-2.067823204e-11	330.8304955	1.398240435	-514.6449965	331.6849761	330.4031121
	0.00773874647	8.12104869e-06	984.6125632	-2.03848172e-11	330.9012036	1.399010691	-501.7943884	331.7336081	330.4848654
	0.007796757085	8.123999459e-06	984.2376149	-2.012381417e-11	330.9775638	1.399842259	-487.8250311	331.7859519	330.5732414
	0.007859782389	8.127124465e-06	983.8418942	-1.991512742e-11	331.0584939	1.400723283	-472.9083304	331.8412148	330.6670133
	0.00792732912	8.130380193e-06	983.4312421	-1.97780425e-11	331.1428818	1.401641579	-457.2223778	331.8985857	330.7649182
	0.007998868633	8.133722926e-06	983.0114983	-1.973052361e-11	331.2296089	1.402584901	-440.9486405	331.9572535	330.8656837
	0.008073841034	8.137109658e-06	982.5883733	-1.978854522e-11	331.3175732	1.403541191	-424.2687069	332.0164243	330.9680537
	0.00815165956	8.140498956e-06	982.1673279	-1.99654796e-11	331.4057113	1.404498824	-407.3611716	332.0753386	331.0708126
	0.008231715176	8.143851751e-06	981.7534634	-2.02715601e-11	331.4930182	1.405446825	-390.3987359	332.1332862	331.1728081
	0.008313381338	8.147132035e-06	981.3514251	-2.071343817e-11	331.5785653	1.406375066	-373.5455951	332.1896195	331.2729709
	0.008396018897	8.15030745e-06	980.9653223	-2.129384852e-11	331.6615152	1.407274425	-356.9551708	332.2437648	331.3703314
	0.008478981103	8.153349748e-06	980.5986656	-2.201139433e-11	331.7411332	1.408136922	-340.7682379	332.295231	331.4640334
	0.008561618662	8.156235118e-06	980.2543248	-2.286045983e-11	331.8167962	1.408955807	-325.1114811	332.3436152	331.5533436
	0.008643284824	8.158944375e-06	979.9345056	-2.383125425e-11	331.8879974	1.409725612	-310.0965035	332.3886063	331.6376573
	0.00872334044	8.161463001e-06	979.6407486	-2.490998678e-11	331.9543476	1.41044217	-295.8192949	332.4299848	331.7165001
	0.008801158966	8.163781052e-06	979.3739463	-2.607916796e-11	332.0155728	1.41110258	-282.3601527	332.467621	331.7895261
	0.008876131367	8.165892929e-06	979.1343809	-2.731802923e-11	332.071509	1.411705156	-269.7840362	332.5014695	331.856512
	0.00894767088	8.167797031e-06	978.9217779	-2.860304844e-11	332.1220934	1.412249322	-258.1413193	332.5315618	331.9173477
	0.009015217611	8.169495301e-06	978.735376	-2.990856599e-11	332.1673534	1.412735494	-247.468898	332.557997	331.9720248
	0.009078242915	8.170992682e-06	978.5740082	-3.12074731e-11	332.2073928	1.413164925	-237.7915957	332.5809305	332.0206213
	0.00913625353	8.172296515e-06	978.4361934	-3.247195172e-11	332.242377	1.413539544	-229.123803	332.6005613	332.0632859
	0.009188795442	8.173415878e-06	978.3202338	-3.367424376e-11	332.2725168	1.413861768	-221.4712821	332.6171188	332.1002201
	0.009235457431	8.174360918e-06	978.2243143	-3.478742637e-11	332.2980512	1.414134321	-214.8330611	332.630849	332.1316593
	0.009275874292	8.17514218e-06	978.1466026	-3.578616973e-11	332.3192312	1.414360048	-209.2033442	332.6420007	332.1578557
	0.009309729679	8.17576996e-06	978.0853439	-3.664745422e-11	332.3363033	1.414541736	-204.5733624	332.6508127	332.1790596
	0.009336758546	8.176253717e-06	978.0389482	-3.735122465e-11	332.3494948	1.414681951	-200.933097	332.6575015	332.1955039
	0.009356749079	8.176601542e-06	978.0060682	-3.788095916e-11	332.359001	1.414782889	-198.2728237	332.6622507	332.2073897
	0.009369543258	8.176819709e-06	977.9856646	-3.822411283e-11	332.3649734	1.414846258	-196.5845262	332.6652019	332.2148733
	0.009375	8.176911703e-06	977.9771144	-3.83714461e-11	332.3674942	1.414872992	-195.8678614	332.6664396	332.2180358

	0.009375	8.17795488e-06	977.7696475	-2.114035814e-11	332.3973166	1.415180465	-197.1536362	332.7101328	332.240924
	0.009380456742	8.178060644e-06	977.7561516	-2.113845914e-11	332.4000846	1.415210565	-196.6448408	332.7120853	332.2440999
	0.009393250921	8.178307758e-06	977.724632	-2.113408059e-11	332.4065524	1.415280897	-195.4548564	332.7166455	332.2515222
	0.009413241454	8.178691439e-06	977.6757311	-2.11274468e-11	332.4165963	1.415390105	-193.6038633	332.723721	332.2630513
	0.009440270321	8.179205498e-06	977.6102868	-2.111887986e-11	332.4300566	1.415536439	-191.1173056	332.7331914	332.2785076
	0.009474125708	8.17984175e-06	977.5294064	-2.110880205e-11	332.4467217	1.415717582	-188.0289096	332.7448976	332.2976538
	0.009514542569	8.180590189e-06	977.4344423	-2.109772179e-11	332.4663332	1.415930702	-184.3800766	332.758645	332.3201991
	0.009561204558	8.181439217e-06	977.3269586	-2.108621631e-11	332.4885913	1.416172518	-180.2190344	332.7742088	332.3458065
	0.00961374647	8.182375916e-06	977.2086944	-2.107491183e-11	332.513162	1.416439371	-175.5998488	332.7913389	332.3740997
	0.009671757085	8.183386343e-06	977.0815209	-2.106446189e-11	332.5396843	1.416727313	-170.5813297	332.809766	332.4046722
	0.009734782389	8.184455845e-06	976.9473984	-2.105552458e-11	332.5677791	1.417032192	-165.2258627	332.829208	332.4370959
	0.00980232912	8.185569388e-06	976.80833	-2.104873942e-11	332.5970564	1.417349749	-159.5981998	332.8493766	332.4709304
	0.009873868633	8.18671188e-06	976.6663163	-2.104470451e-11	332.6271248	1.417675703	-153.7642383	332.8699834	332.5057323
	0.009948841034	8.187868488e-06	976.5233116	-2.104395484e-11	332.6575986	1.418005848	-147.789823	332.8907467	332.5410642
	0.01002665956	8.189024942e-06	976.3811819	-2.10469424e-11	332.6881066	1.418336129	-141.7395998	332.9113975	332.5765036
	0.01010671518	8.190167803e-06	976.241667	-2.105401867e-11	332.718298	1.418662729	-135.6759509	332.9316842	332.6116501
	0.01018838134	8.191284711e-06	976.1063475	-2.106542016e-11	332.7478495	1.41898213	-129.6580372	332.9513784	332.6461331
	0.0102710189	8.192364587e-06	975.9766169	-2.108125747e-11	332.7764704	1.419291175	-123.7409693	332.9702781	332.6796173
	0.0103539811	8.193397792e-06	975.8536604	-2.110150814e-11	332.8039063	1.419587111	-117.9751261	332.9882111	332.7118072
	0.01043661866	8.19437624e-06	975.7384404	-2.112601369e-11	332.8299426	1.419867622	-112.4056331	333.005037	332.742451
	0.01051828482	8.19529346e-06	975.6316887	-2.115448082e-11	332.8544056	1.420130847	-107.0720095	333.0206485	332.7713421
	0.01059834044	8.196144612e-06	975.5339063	-2.118648692e-11	332.8771636	1.420375383	-102.0079857	333.0349711	332.7983199
	0.01067615897	8.196926451e-06	975.4453698	-2.122148961e-11	332.8981255	1.420600278	-97.24149016	333.0479626	332.8232688
	0.01075113137	8.197637243e-06	975.3661447	-2.125884007e-11	332.9172389	1.420805005	-92.79479614	333.0596111	332.8461165
	0.01082267088	8.198276647e-06	975.2961041	-2.129779988e-11	332.9344873	1.42098943	-88.68481712	333.069932	332.8668303
	0.01089021761	8.198845547e-06	975.2349535	-2.13375607e-11	332.9498859	1.421153768	-84.92353334	333.0789651	332.8854131
	0.01095324291	8.19934587e-06	975.1822592	-2.137726634e-11	332.9634766	1.421298526	-81.51852874	333.0867699	332.901898
	0.01101125353	8.199780363e-06	975.1374801	-2.14160365e-11	332.9753229	1.421424446	-78.4736144	333.0934218	332.9163425
	0.01106379544	8.200152371e-06	975.100002	-2.145299143e-11	332.9855039	1.42153244	-75.7895123	333.0990065	332.9288226
	0.01111045743	8.200465592e-06	975.0691722	-2.148727683e-11	332.9941083	1.421623522	-73.46457175	333.1036154	332.9394256
	0.01115087429	8.20072385e-06	975.0443345	-2.151808821e-11	333.0012289	1.421698745	-71.49549039	333.1073409	332.9482443
	0.01118472968	8.200930862e-06	975.0248623	-2.15446939e-11	333.0069559	1.421759134	-69.87801222	333.110271	332.9553704
	0.01121175855	8.201090035e-06	975.0101888	-2.156645606e-11	333.0113728	1.421805631	-68.60757691	333.1124856	332.9608888
	0.01123174908	8.201204275e-06	974.9998347	-2.158284904e-11	333.0145508	1.421839041	-67.67990041	333.1140523	332.9648727
	0.01124454326	8.201275836e-06	974.9934303	-2.159347358e-11	333.0165451	1.421859985	-67.09150321	333.1150232	332.9673789
	0.01125	8.201305988e-06	974.9907516	-2.159803651e-11	333.0173863	1.421868815	-66.84181541	333.1154298	332.9684375

	0.01125	8.201689049e-06	974.9122378	-2.163245435e-11	333.028603	1.42198312	-67.4014274	333.1322135	332.9768711
	0.01125545674	8.201724624e-06	974.9077199	-2.157654946e-11	333.0295414	1.421993296	-67.22564745	333.1328813	332.9779447
	0.01126825092	8.201807743e-06	974.8971687	-2.144809988e-11	333.0317339	1.422017072	-66.81453829	333.1344412	332.9804537
	0.01128824145	8.201936788e-06	974.8808004	-2.125477757e-11	333.0351385	1.422053989	-66.17509497	333.1368613	332.9843509
	0.01131527032	8.202109668e-06	974.8588967	-2.100769361e-11	333.0397008	1.422103451	-65.31614325	333.1401003	332.9895752
	0.01134912571	8.202323618e-06	974.8318303	-2.072140489e-11	333.045349	1.422164672	-64.24938094	333.1441035	332.9960462
	0.01138954257	8.202575256e-06	974.8000561	-2.041341706e-11	333.051995	1.42223669	-62.98916635	333.1488042	333.0036653
	0.01143620456	8.202860664e-06	974.7641003	-2.010357225e-11	333.0595369	1.422318391	-61.552223	333.1541252	333.0123183
	0.01148874647	8.203175478e-06	974.7245477	-1.981334938e-11	333.0678611	1.422408532	-59.95729553	333.1599807	333.0218774
	0.01154675709	8.203514988e-06	974.6820275	-1.956510092e-11	333.0768449	1.422505774	-58.224769	333.1662781	333.032205
	0.01160978239	8.203874249e-06	974.6371986	-1.938125055e-11	333.0863593	1.422608709	-56.37626261	333.1729209	333.043156
	0.01167732912	8.204248185e-06	974.5907341	-1.928347775e-11	333.0962719	1.42271589	-54.43420869	333.1798099	333.054581
	0.01174886863	8.204631704e-06	974.5433059	-1.929191578e-11	333.1064496	1.422825867	-52.42142828	333.1868464	333.06633
	0.01182384103	8.205019805e-06	974.4955702	-1.942438894e-11	333.1167614	1.422937213	-50.36071446	333.1939337	333.0782548
	0.01190165956	8.205407677e-06	974.4481529	-1.969571412e-11	333.1270813	1.423048557	-48.27443395	333.2009798	333.0902123
	0.01198171518	8.205790797e-06	974.4016371	-2.01170895e-11	333.1372903	1.423158605	-46.18415715	333.2078984	333.1020672
	0.01206338134	8.206165005e-06	974.3565522	-2.069559069e-11	333.1472789	1.423266168	-44.11032553	333.2146115	333.1136941
	0.0121460189	8.20652658e-06	974.3133639	-2.143379123e-11	333.1569484	1.42337018	-42.07196412	333.22105	333.1249798
	0.0122289811	8.206872287e-06	974.2724678	-2.23295206e-11	333.1662129	1.423469714	-40.08644526	333.2271551	333.1358245
	0.01231161866	8.207199422e-06	974.2341839	-2.33757685e-11	333.1749998	1.423563989	-38.16930834	333.2328791	333.1461435
	0.01239328482	8.207505828e-06	974.1987544	-2.456073973e-11	333.1832508	1.423652383	-36.33413815	333.2381855	333.1558672
	0.01247334044	8.207789899e-06	974.1663435	-2.586805915e-11	333.1909216	1.423734427	-34.59250293	333.2430492	333.1649419
	0.01255115897	8.208050574e-06	974.1370398	-2.727712179e-11	333.1979818	1.423809808	-32.95395112	333.2474564	333.1733291
	0.01262613137	8.2082873e-06	974.1108604	-2.876357813e-11	333.2044145	1.423878357	-31.42606422	333.2514033	333.181005
	0.01269767088	8.208499998e-06	974.0877579	-3.029994097e-11	333.2102146	1.423940038	-30.01456119	333.2548959	333.1879592
	0.01276521761	8.208689003e-06	974.0676283	-3.18562958e-11	333.2153881	1.423994935	-28.72344867	333.2579483	333.1941934
	0.01282824291	8.208855002e-06	974.0503207	-3.340109398e-11	333.2199499	1.424043229	-27.55520957	333.2605815	333.1997197
	0.01288625353	8.208998958e-06	974.0356484	-3.49020047e-11	333.2239223	1.424085182	-26.5110218	333.2628219	333.2045583
	0.01293879544	8.209122033e-06	974.0234	-3.632680044e-11	333.2273329	1.424121114	-25.59099789	333.2646995	333.2087356
	0.01298545743	8.209225511e-06	974.0133519	-3.764424901e-11	333.2302126	1.424151378	-24.79443599	333.2662461	333.2122819
	0.01302587429	8.209310711e-06	974.0052792	-3.882498532e-11	333.2325934	1.42417634	-24.1200723	333.2674939	333.2152293
	0.01305972968	8.209378915e-06	973.9989677	-3.984233619e-11	333.2345066	1.424196354	-23.56632543	333.2684734	333.2176094
	0.01308675855	8.209431295e-06	973.9942237	-4.067307267e-11	333.2359809	1.424211748	-23.13152354	333.2692125	333.2194514
	0.01310674908	8.209468853e-06	973.9908835	-4.129806402e-11	333.2370411	1.424222798	-22.81410751	333.2697346	333.2207806
	0.01311954326	8.209492363e-06	973.9888208	-4.170278692e-11	333.237706	1.424229722	-22.61281532	333.2700577	333.2216164
	0.013125	8.209502265e-06	973.987959	-4.187652291e-11	333.2379864	1.424232639	-22.52740492	333.270193	333.2219694

	0.013125	8.209609164e-06	973.9588399	-5.01280385e-11	333.2421544	1.424268998	-22.76807995	333.276379	333.2251286
	0.01313045674	8.209621501e-06	973.9573679	-5.006775494e-11	333.2424609	1.424272449	-22.70869418	333.2765957	333.2254801
	0.01314325092	8.209650303e-06	973.9539318	-4.992588018e-11	333.2431773	1.424280508	-22.56963882	333.2771017	333.2263017
	0.01316324145	8.209694956e-06	973.9486058	-4.97027157e-11	333.2442905	1.424293013	-22.3528847	333.2778866	333.2275789
	0.01319027032	8.20975465e-06	973.9414875	-4.939809083e-11	333.2457834	1.424309751	-22.06081538	333.2789369	333.2292931
	0.01322412571	8.209828321e-06	973.9327058	-4.901184476e-11	333.2476336	1.424330441	-21.6966023	333.2802346	333.2314195
	0.01326454257	8.209914666e-06	973.922418	-4.854391947e-11	333.2498136	1.424354739	-21.26416428	333.2817579	333.2339279
	0.01331120456	8.210012183e-06	973.9108057	-4.799445814e-11	333.2522916	1.42438225	-20.76810507	333.2834814	333.2367832
	0.01336374647	8.210119204e-06	973.8980702	-4.73639143e-11	333.2550319	1.424412531	-20.21363966	333.285377	333.2399458
	0.01342175709	8.210233939e-06	973.8844276	-4.665316861e-11	333.2579961	1.424445107	-19.6065119	333.2874144	333.2433733
	0.01348478239	8.210354518e-06	973.8701034	-4.586364869e-11	333.2611435	1.42447948	-18.95290572	333.2895619	333.2470206
	0.01355232912	8.210479036e-06	973.855327	-4.499744714e-11	333.2644322	1.424515141	-18.25935197	333.2917872	333.250841
	0.01362386863	8.210605601e-06	973.8403264	-4.405743286e-11	333.26782	1.424551581	-17.53263315	333.2940579	333.2547873
	0.01369884103	8.210732372e-06	973.8253227	-4.304735076e-11	333.2712653	1.424588303	-16.77968796	333.2963426	333.2588127
	0.01377665956	8.210857605e-06	973.8105252	-4.197190533e-11	333.2747275	1.42462483	-16.00751791	333.2986112	333.2628717
	0.01385671518	8.210979688e-06	973.796127	-4.083682381e-11	333.2781682	1.424660719	-15.22309793	333.3008357	333.2669204
	0.01393838134	8.211097173e-06	973.7823008	-3.964889539e-11	333.2815517	1.424695566	-14.43329261	333.3029906	333.2709181
	0.0140210189	8.211208803e-06	973.769196	-3.841598356e-11	333.2848455	1.424729013	-13.64477986	333.3050538	333.2748271
	0.0141039811	8.211313535e-06	973.7569362	-3.71470093e-11	333.2880206	1.424760758	-12.8639831	333.3070062	333.2786135
	0.01418661866	8.211410547e-06	973.7456173	-3.585190407e-11	333.2910523	1.424790549	-12.09701313	333.3088326	333.2822477
	0.01426828482	8.211499252e-06	973.7353068	-3.454153203e-11	333.2939199	1.424818199	-11.34962029	333.3105214	333.2857046
	0.01434834044	8.211579293e-06	973.7260445	-3.322758232e-11	333.296607	1.424843574	-10.62715733	333.3120649	333.2889633
	0.01442615897	8.211650536e-06	973.7178426	-3.192243273e-11	333.2991014	1.424866598	-9.934553078	333.3134591	333.2920077
	0.01450113137	8.211713055e-06	973.710688	-3.063898741e-11	333.3013949	1.424887251	-9.276296459	333.3147031	333.2948258
	0.01457267088	8.211767113e-06	973.7045449	-2.939049187e-11	333.303483	1.424905558	-8.656430534	333.3157995	333.2974096
	0.01464021761	8.211813136e-06	973.6993577	-2.819032927e-11	333.3053646	1.424921588	-8.078555468	333.3167534	333.2997549
	0.01470324291	8.211851683e-06	973.6950547	-2.705180285e-11	333.3070415	1.424935446	-7.545839458	333.3175723	333.3018607
	0.01476125353	8.211883413e-06	973.6915521	-2.598790966e-11	333.3085178	1.424947263	-7.061036252	333.3182653	333.3037284
	0.01481379544	8.21190905e-06	973.6887587	-2.501111115e-11	333.3097992	1.424957191	-6.626507835	333.3188428	333.3053618
	0.01486045743	8.211929345e-06	973.68658	-2.413310648e-11	333.3108929	1.424965389	-6.244250701	333.3193155	333.3067659
	0.01490087429	8.211945044e-06	973.6849225	-2.336461438e-11	333.3118066	1.42497202	-5.915924133	333.3196946	333.3079468
	0.01493472968	8.211956851e-06	973.6836981	-2.271516923e-11	333.3125478	1.424977239	-5.642878936	333.3199903	333.3089107
	0.01496175855	8.211965399e-06	973.682828	-2.219293718e-11	333.3131239	1.424981185	-5.426185208	333.3202122	333.3096637
	0.01498174908	8.211971219e-06	973.6822458	-2.18045588e-11	333.3135409	1.424983978	-5.266658502	333.3203682	333.3102112
	0.01499454326	8.211974719e-06	973.6819006	-2.155503886e-11	333.3138038	1.42498571	-5.164889668	333.3204644	333.3105574
	0.015	8.211976159e-06	973.6817598	-2.144839183e-11	333.313915	1.424986435	-5.121563455	333.3205046	333.3107041
