16 0.0008348946987 0.0008348946987 
20 0.0009937445844 0.0009937445844 
24 0.0007205463209 0.0007205463209 
28 0.0002469871095 0.0002469871095 
32 0.0001723873927 0.0001723873927 
36 0.0001201080024 0.0001201080024 
40 4.594251741e-05 4.594251741e-05 
44 1.24711313e-05 1.24711313e-05 
48 2.567207556e-06 2.567207556e-06 
52 4.252577461e-07 4.252577461e-07 
56 6.314998225e-08 6.314998225e-08 
60 4.324635842e-08 4.324635842e-08 
64 4.227023596e-08 4.227023596e-08 
68 4.212121518e-08 4.212121518e-08 
72 4.211330529e-08 4.211330529e-08 
76 4.21767431e-08 4.21767431e-08 
80 4.211582854e-08 4.211582854e-08 
