16 0.0002628523092 0.004084216409 
20 0.005151531596 0.002110315885 
24 0.01415791412 0.001467496924 
28 0.01021412596 0.002017763303 
32 0.01546240907 0.002373974724 
36 0.04240085373 0.003775501553 
40 0.07090091246 0.002977894559 
44 0.08980560469 0.001366104516 
48 0.09572206145 0.0008019893449 
52 0.09169994927 0.0005988484776 
56 0.0809135891 0.00071364737 
60 0.06646028707 0.0006001775051 
64 0.05019961828 0.0004168065245 
68 0.03377971519 0.0002548183976 
72 0.01876325084 0.0001413373468 
76 0.00850832149 7.203995956e-05 
80 0.007237605337 3.434325028e-05 
