16 0.0009895329804 0.002393874585 
20 0.001711658239 0.003154103046 
24 0.004806773824 0.0009909300546 
28 0.005634046231 0.000629135292 
32 0.003894299232 0.0008004432166 
36 0.002560958962 0.0004722108449 
40 0.002157875039 0.00017815889 
44 0.002348685578 5.131527055e-05 
48 0.002167396232 2.024778946e-05 
52 0.001385048471 1.008114241e-05 
56 0.0006946523182 6.507543481e-06 
60 0.0004667261102 3.390298316e-06 
64 0.0002449248768 1.301774196e-06 
68 0.0002024484944 5.301241493e-07 
72 0.000165995187 1.498017753e-07 
76 0.0001111060936 6.401014779e-08 
80 6.459775891e-05 4.658368259e-08 
