16 0.0002714686768 0.001963433475 
20 0.00515372643 0.002841241211 
24 0.01675985127 0.001013047205 
28 0.02751989525 0.001572470807 
32 0.03338078616 0.002822123041 
36 0.0276721854 0.004124621351 
40 0.02713392625 0.003149465449 
44 0.05372631177 0.001399697338 
48 0.0857997188 0.000814178894 
52 0.1012025903 0.000601800415 
56 0.09896335137 0.0007260011027 
60 0.08364145674 0.0005979844553 
64 0.06186310309 0.0004082125197 
68 0.03935162353 0.0002469614883 
72 0.01983293922 0.0001363391849 
76 0.007800460896 6.971934495e-05 
80 0.007352472941 3.393797432e-05 
