16 0.001424911065 0.0007085993649 
20 0.006309994867 0.001039351563 
24 0.01421762346 0.001526780205 
28 0.02062844592 0.0008901244982 
32 0.01934817424 0.001652410985 
36 0.01258933135 0.001561851459 
40 0.009493442765 0.0008394374612 
44 0.02140040771 0.000391869488 
48 0.02559261714 0.0001950951856 
52 0.02316814626 0.000117017032 
56 0.01726143609 9.869504111e-05 
60 0.01069122744 6.241732369e-05 
64 0.005152519592 3.380796937e-05 
68 0.003047356376 1.666146063e-05 
72 0.002434773324 7.505862883e-06 
76 0.001885432885 3.294950606e-06 
80 0.002053392689 1.261572153e-06 
