16 0.0002596048988 0.004058469563 
20 0.005095195719 0.002124744299 
24 0.01362658242 0.001453084714 
28 0.009791882786 0.00193099822 
32 0.01554992891 0.00234876379 
36 0.04047231823 0.003768813459 
40 0.06830572714 0.002976926527 
44 0.087087091 0.001366339875 
48 0.09354332954 0.000801642181 
52 0.09071275538 0.0005983035861 
56 0.08111330193 0.0007137741545 
60 0.0672386945 0.0006001723651 
64 0.05082835099 0.0004167685855 
68 0.03379442115 0.0002547481338 
72 0.01809760612 0.0001413168118 
76 0.008616428124 7.205553805e-05 
80 0.00719961785 3.433587882e-05 
