16 0.001314620277 0.0008214057151 
20 0.004397502339 0.001494791827 
24 0.002489503047 0.002030945347 
28 0.007904576705 0.001185758384 
32 0.01337407726 0.001380684332 
36 0.01844751027 0.001435057804 
40 0.01983448931 0.0008163504366 
44 0.01947588651 0.0003951388287 
48 0.01792213455 0.0002118198922 
52 0.01549201213 0.0001150992684 
56 0.01207010552 0.000103833467 
60 0.008095769334 6.822429037e-05 
64 0.004312156263 3.738611839e-05 
68 0.002616374662 1.825827399e-05 
72 0.001929304802 7.918994715e-06 
76 0.00166368504 3.24937684e-06 
80 0.001889796602 1.163703067e-06 
