16 0.002252677335 0.003827891007 
20 0.008627176938 0.002985924455 
24 0.01556590407 0.0006312393741 
28 0.015697691 0.0008698131054 
32 0.008017861907 0.0009020466546 
36 0.003127990283 0.0004838556795 
40 0.004136677201 0.000165847113 
44 0.004702336204 4.124517223e-05 
48 0.003446297698 1.477479968e-05 
52 0.001880966347 6.905128088e-06 
56 0.000951686801 4.235625658e-06 
60 0.0007107784869 2.330467073e-06 
64 0.0004042669291 9.441432623e-07 
68 0.000232142107 4.425855061e-07 
72 0.000183551154 1.54047191e-07 
76 0.0001191850041 6.896136336e-08 
80 6.829821766e-05 4.784890466e-08 
