16 0.0008346611899 0.0008346611899 
20 0.001004325957 0.001004325957 
24 0.0007173846443 0.0007173846443 
28 0.0002181540295 0.0002181540295 
32 0.0001826769041 0.0001826769041 
36 0.0001233752075 0.0001233752075 
40 4.671338134e-05 4.671338134e-05 
44 1.260569807e-05 1.260569807e-05 
48 2.586177153e-06 2.586177153e-06 
52 4.273325168e-07 4.273325168e-07 
56 6.33447432e-08 6.33447432e-08 
60 4.323505143e-08 4.323505143e-08 
64 4.227026427e-08 4.227026427e-08 
68 4.2121182e-08 4.2121182e-08 
72 4.211330077e-08 4.211330077e-08 
76 4.217674321e-08 4.217674321e-08 
80 4.211582854e-08 4.211582854e-08 
