1 0 0 68933.2 8.55171e+20 5.66978e-05 -0.217324 -106.574 33144.8 4.11187e+20 5.71962e-05 0.140881 -89.6603 341.849 4.03618 368.614 2.09264 102078 1.26636e+21 0.000113894 -0.0374378 -98.0801 350.697 6.13156 
2 2e-05 0 68720.9 8.52537e+20 5.65232e-05 -0.305438 -112.307 33005.1 4.09454e+20 5.69551e-05 0.0590527 -94.7148 342.638 4.03304 372.234 2.10428 101726 1.26199e+21 0.000113478 -0.122499 -103.477 352.41 6.14027 
3 4e-05 0 68549.6 8.50412e+20 5.63823e-05 0.150664 -116.715 32895.4 4.08094e+20 5.67658e-05 0.270274 -99.2853 344.798 4.04834 375.781 2.11728 101445 1.25851e+21 0.000113148 0.210672 -107.971 355.01 6.16848 
4 6e-05 0 68475.9 8.49498e+20 5.63217e-05 0.29633 -120.06 33136.2 4.1108e+20 5.71813e-05 -0.460919 -105.404 347.115 4.07116 376.936 2.13933 101612 1.26058e+21 0.000113503 -0.0851621 -112.677 356.958 6.21255 
5 8e-05 0 68208.3 8.46178e+20 5.61016e-05 -0.225007 -125.3 32781.4 4.06679e+20 5.6569e-05 -0.806955 -110.689 348.534 4.07184 381.33 2.1411 100990 1.25286e+21 0.000112671 -0.517188 -117.964 359.299 6.215 
6 0.0001 0 68248.2 8.46673e+20 5.61344e-05 -0.535289 -130.455 32744.2 4.06218e+20 5.65049e-05 -0.237551 -113.234 349.838 4.08946 383.041 2.14827 100992 1.25289e+21 0.000112639 -0.38593 -121.816 360.767 6.24055 
7 0.00012 0 68370.7 8.48193e+20 5.62352e-05 -0.426978 -133.695 32589.9 4.04304e+20 5.62386e-05 0.179746 -117.953 352.142 4.12378 384.576 2.14671 100961 1.2525e+21 0.000112474 -0.123607 -125.824 362.747 6.27283 
8 0.00014 0 68392.6 8.48464e+20 5.62532e-05 0.00605026 -138.192 32685.2 4.05485e+20 5.6403e-05 0.673184 -121.436 353.178 4.13723 386.521 2.16387 101078 1.25395e+21 0.000112656 0.340061 -129.803 364.113 6.30375 
9 0.00016 0 67984.4 8.434e+20 5.59174e-05 0.305759 -141.407 32431.5 4.02338e+20 5.59653e-05 0.768519 -124.948 355.954 4.14487 387.376 2.15183 100416 1.24574e+21 0.000111883 0.537238 -133.174 366.252 6.29926 
10 0.00018 0 67856 8.41807e+20 5.58118e-05 0.660392 -144.941 32122.8 3.98509e+20 5.54327e-05 0.686093 -129.37 355.969 4.13722 388.44 2.1372 99978.8 1.24032e+21 0.000111244 0.673198 -137.182 366.534 6.27668 
11 0.0002 0 67544.3 8.37941e+20 5.55555e-05 0.68589 -148.872 32193.7 3.99388e+20 5.55549e-05 0.23466 -133.959 356.372 4.12288 393.977 2.17245 99738 1.23733e+21 0.00011111 0.460276 -141.416 368.631 6.29739 
12 0.00022 0 67386.8 8.35987e+20 5.54259e-05 1.00503 -153.024 32442.6 4.02476e+20 5.59844e-05 -0.197844 -138.222 357.957 4.13156 396.782 2.20483 99829.4 1.23846e+21 0.00011141 0.400578 -145.586 370.694 6.33844 
13 0.00024 0 67353.3 8.35571e+20 5.53984e-05 0.78272 -157.282 32449 4.02556e+20 5.59955e-05 -0.312354 -141.316 359.926 4.15222 400.556 2.22624 99802.3 1.23813e+21 0.000111394 0.232248 -149.256 373.276 6.38085 
14 0.00026 0 67384 8.35953e+20 5.54237e-05 0.686289 -160.893 32201.6 3.99487e+20 5.55686e-05 0.12511 -144.252 360.902 4.16538 402.407 2.21948 99585.7 1.23544e+21 0.000110992 0.405333 -152.562 374.474 6.38743 
15 0.00028 0 67546.5 8.37968e+20 5.55573e-05 -0.00962274 -165.155 32154.3 3.989e+20 5.5487e-05 -0.345823 -149.143 361.319 4.18025 403.708 2.22338 99700.9 1.23687e+21 0.000111044 -0.177616 -157.154 375.129 6.40601 
16 0.0003 0 67532.1 8.37789e+20 5.55454e-05 0.160061 -169.66 32243.1 4.00001e+20 5.56401e-05 0.67363 -151.565 362.449 4.19242 404.119 2.23179 99775.2 1.23779e+21 0.000111186 0.417064 -160.605 376.092 6.42724 
17 0.00032 0 67410 8.36275e+20 5.5445e-05 -0.430887 -172.814 32058.6 3.97712e+20 5.53218e-05 0.627232 -155.665 363.742 4.19977 407.684 2.23859 99468.6 1.23399e+21 0.000110767 0.0975838 -164.249 378.064 6.44109 
18 0.00034 0 67277 8.34624e+20 5.53356e-05 -0.216855 -177.875 32079.8 3.97975e+20 5.53583e-05 0.150448 -159.827 364.712 4.20266 408.384 2.24392 99356.8 1.2326e+21 0.000110694 -0.0331653 -168.849 378.99 6.4496 
19 0.00036 0 67088.7 8.32288e+20 5.51807e-05 0.0399025 -180.604 32274.8 4.00394e+20 5.56948e-05 0.833011 -163.781 365.727 4.20257 408.401 2.25766 99363.4 1.23268e+21 0.000110876 0.438295 -172.154 379.743 6.46286 
20 0.00038 0 67220.2 8.33919e+20 5.52888e-05 -0.0529402 -184.996 32026.8 3.97318e+20 5.52669e-05 0.813911 -167.536 366.56 4.22039 413.159 2.26641 99247 1.23124e+21 0.000110556 0.380399 -176.267 381.763 6.48962 
21 0.0004 0 67181.3 8.33437e+20 5.52569e-05 0.0654781 -188.297 32003 3.97022e+20 5.52258e-05 1.47504 -173.595 367.054 4.22363 418.16 2.29214 99184.3 1.23046e+21 0.000110483 0.770063 -180.948 383.662 6.51778 
22 0.00042 0 67077.5 8.3215e+20 5.51715e-05 0.0509464 -191.551 31727.7 3.93607e+20 5.47508e-05 1.07602 -177.914 368.369 4.23222 417.772 2.27031 98805.2 1.22576e+21 0.000109922 0.561522 -184.759 384.337 6.50429 
23 0.00044 0 67297.8 8.34883e+20 5.53527e-05 -0.0136217 -196.434 31924.3 3.96046e+20 5.509e-05 0.788724 -180.412 367.404 4.23499 416.852 2.27935 99222.1 1.23093e+21 0.000110443 0.386597 -188.442 383.453 6.51671 
24 0.00046 0 67215.1 8.33857e+20 5.52847e-05 0.280231 -201.198 31870.4 3.95377e+20 5.4997e-05 1.21199 -184.624 368.634 4.24395 416.337 2.27269 99085.5 1.22923e+21 0.000110282 0.744895 -192.933 384.128 6.51918 
25 0.00048 0 66898.4 8.29928e+20 5.50242e-05 0.630027 -204.934 31778.8 3.94242e+20 5.4839e-05 0.293983 -190.039 370.405 4.24425 422.602 2.30026 98677.2 1.22417e+21 0.000109863 0.462288 -197.499 387.336 6.54655 
26 0.0005 0 66979.9 8.30939e+20 5.50912e-05 0.415618 -208.365 31836.9 3.94962e+20 5.49393e-05 0.152586 -195.463 370.755 4.25343 423.127 2.30733 98816.8 1.2259e+21 0.000110031 0.284284 -201.923 387.719 6.5623 
27 0.00052 0 67098.9 8.32415e+20 5.51891e-05 -0.466037 -213.912 31804.5 3.94561e+20 5.48834e-05 0.612176 -200.268 371.633 4.27108 424.769 2.31393 98903.4 1.22698e+21 0.000110072 0.0715724 -207.109 388.823 6.58674 
28 0.00054 0 67224.9 8.33978e+20 5.52928e-05 -0.403661 -217.764 31861.2 3.95263e+20 5.49811e-05 0.851017 -203.318 372.99 4.29472 427.833 2.33477 99086.1 1.22924e+21 0.000110274 0.221905 -210.561 390.74 6.63146 
29 0.00056 0 67285.7 8.34733e+20 5.53428e-05 -0.24318 -221.834 31866.5 3.9533e+20 5.49904e-05 1.43687 -207.156 373.944 4.30961 427.939 2.33574 99152.3 1.23006e+21 0.000110333 0.59416 -214.518 391.416 6.64736 
30 0.00058 0 67209 8.33781e+20 5.52797e-05 -0.451587 -226.247 32025.4 3.973e+20 5.52645e-05 0.90801 -213.093 371.793 4.27992 426.048 2.33701 99234.4 1.23108e+21 0.000110544 0.228118 -219.671 389.399 6.61858 
31 0.0006 0 67311 8.35046e+20 5.53635e-05 0.0378397 -230.147 32081 3.9799e+20 5.53604e-05 0.804131 -217.418 370.357 4.26987 430.181 2.36378 99392 1.23304e+21 0.000110724 0.420975 -223.782 389.755 6.63514 
32 0.00062 0 67168.6 8.3328e+20 5.52464e-05 0.83839 -234.005 32062.5 3.97761e+20 5.53286e-05 0.332522 -221.981 372.161 4.28159 432.2 2.37351 99231.1 1.23104e+21 0.000110575 0.585268 -227.989 391.639 6.65643 
33 0.00064 0 67129.3 8.32792e+20 5.52141e-05 0.77016 -237.828 32084 3.98027e+20 5.53655e-05 -0.382303 -226.816 372.469 4.28263 430.839 2.36761 99213.2 1.23082e+21 0.00011058 0.193139 -232.315 391.412 6.65137 
34 0.00066 0 67256.7 8.34372e+20 5.53189e-05 1.18883 -242.545 31963.5 3.96533e+20 5.51577e-05 -0.8395 -234.152 372.708 4.29351 431.786 2.36391 99220.2 1.2309e+21 0.000110477 0.176146 -238.355 391.781 6.65811 
35 0.00068 0 67310.2 8.35036e+20 5.53629e-05 1.18347 -247.098 31959.7 3.96486e+20 5.51511e-05 -0.773448 -237.924 372.255 4.2917 433.514 2.37309 99269.9 1.23152e+21 0.000110514 0.206885 -242.52 392.025 6.6656 
36 0.0007 0 67417.1 8.36362e+20 5.54508e-05 0.990482 -253.251 32082.5 3.98008e+20 5.5363e-05 -1.20725 -242.342 372.436 4.30061 434.763 2.38906 99499.5 1.23437e+21 0.000110814 -0.107512 -247.801 392.6 6.69082 
37 0.00072 0 67132.2 8.32829e+20 5.52165e-05 0.604633 -257.207 32217.3 3.99681e+20 5.55956e-05 -1.08851 -246.834 373.271 4.29203 434.251 2.39628 99349.5 1.23251e+21 0.000110812 -0.244834 -252.003 393.106 6.68934 
38 0.00074 0 67455.6 8.3684e+20 5.54825e-05 0.642593 -260.371 32000.8 3.96995e+20 5.5222e-05 -0.740463 -254.154 371.982 4.29782 436.021 2.38988 99456.3 1.23383e+21 0.000110704 -0.0473082 -257.27 392.61 6.68807 
39 0.00076 0 67605.3 8.38697e+20 5.56056e-05 0.171344 -267.14 32089.2 3.98092e+20 5.53745e-05 -0.466784 -257.808 371.768 4.30487 435.937 2.39602 99694.5 1.23679e+21 0.00011098 -0.147055 -262.483 392.47 6.7017 
40 0.00078 0 67560.8 8.38145e+20 5.5569e-05 -0.228704 -271.746 32116 3.98424e+20 5.54208e-05 0.16833 -262.588 372.28 4.30796 435.789 2.3972 99676.8 1.23657e+21 0.00011099 -0.0304517 -267.173 392.788 6.70595 
41 0.0008 0 67648.5 8.39234e+20 5.56412e-05 0.157611 -275.372 32236.5 3.99919e+20 5.56288e-05 -0.0584688 -268.486 372.096 4.31143 437.368 2.41492 99885 1.23915e+21 0.00011127 0.049583 -271.929 393.189 6.72682 
42 0.00082 0 67811.9 8.41261e+20 5.57756e-05 0.379668 -281.033 32117.2 3.98439e+20 5.54228e-05 0.094205 -273.985 371.637 4.31651 435.8 2.39735 99929.1 1.2397e+21 0.000111198 0.237389 -277.52 392.286 6.71433 
43 0.00084 0 67936.6 8.42807e+20 5.58781e-05 0.662561 -286.348 32395.5 4.01892e+20 5.59032e-05 -0.495719 -281.862 370.033 4.30578 434.806 2.41262 100332 1.2447e+21 0.000111781 0.0832908 -284.104 390.96 6.71861 
44 0.00086 0 68068.2 8.4444e+20 5.59864e-05 0.785504 -289.128 32234.1 3.9989e+20 5.56247e-05 -0.288593 -285.602 368.092 4.29149 434.995 2.40164 100302 1.24433e+21 0.000111611 0.250196 -287.37 389.6 6.69326 
45 0.00088 0 68220 8.46324e+20 5.61113e-05 0.113177 -295.045 32449.7 4.02564e+20 5.59966e-05 0.132836 -291.371 367.265 4.2914 434.503 2.41496 100670 1.24889e+21 0.000112108 0.122997 -293.21 388.946 6.7065 
46 0.0009 0 68567.6 8.50636e+20 5.63972e-05 -0.0408417 -301.854 32480.5 4.02947e+20 5.60499e-05 -0.300747 -297.14 365.555 4.29319 432.272 2.40485 101048 1.25358e+21 0.000112447 -0.170393 -299.504 387.013 6.69826 
47 0.00092 0 68503.7 8.49843e+20 5.63446e-05 0.240032 -305.452 32466.6 4.02774e+20 5.60258e-05 -0.326012 -303.664 365.322 4.28644 432.323 2.4041 100970 1.25262e+21 0.00011237 -0.0421873 -304.56 386.868 6.69058 
48 0.00094 0 68770.1 8.53147e+20 5.65637e-05 0.568324 -311.678 32646.4 4.05004e+20 5.63361e-05 -0.544229 -311.929 363.581 4.28261 429.227 2.4001 101416 1.25815e+21 0.0001129 0.0131692 -311.803 384.713 6.68272 
49 0.00096 0 69003.3 8.5604e+20 5.67555e-05 0.676754 -318.013 32946.6 4.08728e+20 5.68541e-05 -0.688214 -318.3 360.421 4.25978 424.365 2.39473 101950 1.26477e+21 0.00011361 -0.00632259 -318.156 381.086 6.65453 
50 0.00098 0 69003.1 8.56039e+20 5.67554e-05 0.21771 -327.063 33180.1 4.11626e+20 5.72571e-05 -0.369917 -326.871 358.261 4.23424 419.568 2.38445 102183 1.26766e+21 0.000114012 -0.0773964 -326.967 378.169 6.61871 
