1 0 0 68682.3 8.52058e+20 5.64915e-05 -0.325211 66.372 32763.4 4.06456e+20 5.65381e-05 -0.673601 51.7699 303.558 3.57104 311.538 1.74827 101446 1.25851e+21 0.00011303 -0.499478 59.0679 306.251 5.32132 
2 2e-05 0 68572.4 8.50695e+20 5.64011e-05 -0.549733 69.1215 32662 4.05198e+20 5.6363e-05 -1.1691 55.8293 304.252 3.57347 312.755 1.74966 101234 1.25589e+21 0.000112764 -0.859311 62.4777 307.092 5.32481 
3 4e-05 0 68508.9 8.49907e+20 5.63488e-05 -0.859657 72.4493 32876.4 4.07858e+20 5.6733e-05 -0.560708 57.3675 305.858 3.58901 312.98 1.76241 101385 1.25776e+21 0.000113082 -0.709675 64.8828 308.291 5.35357 
4 6e-05 0 68367.4 8.48151e+20 5.62324e-05 -1.58025 75.7581 32687.1 4.05509e+20 5.64064e-05 0.165181 61.0645 307.377 3.59938 315.147 1.7644 101054 1.25366e+21 0.000112639 -0.706188 68.3999 310.009 5.36584 
5 8e-05 0 68074.9 8.44523e+20 5.59919e-05 -0.862097 77.5124 32796.2 4.06863e+20 5.65947e-05 0.972133 62.7837 309.084 3.60388 317.429 1.78311 100871 1.25139e+21 0.000112587 0.0599286 70.1086 311.917 5.38906 
6 0.0001 0 67790 8.40989e+20 5.57575e-05 -0.554788 80.565 32771.6 4.06558e+20 5.65522e-05 1.15276 65.3403 309.675 3.59567 318.938 1.79024 100562 1.24755e+21 0.00011231 0.305028 72.8988 312.821 5.38811 
7 0.00012 0 67948.2 8.42951e+20 5.58877e-05 -0.221898 83.2418 32904.1 4.08201e+20 5.67808e-05 0.651296 66.5168 309.784 3.60533 319.393 1.80004 100852 1.25115e+21 0.000112668 0.21816 74.813 313.072 5.408 
8 0.00014 0 68122.9 8.45119e+20 5.60314e-05 -0.124458 87.6154 32758.7 4.06397e+20 5.65299e-05 0.403396 69.1203 310.92 3.62785 320.325 1.79732 100882 1.25152e+21 0.000112561 0.140638 78.3269 314.16 5.42839 
9 0.00016 0 68010.8 8.43727e+20 5.59391e-05 0.237018 89.8078 32771.9 4.06562e+20 5.65528e-05 -0.402698 72.1644 311.738 3.6314 322.817 1.81204 100783 1.25029e+21 0.000112492 -0.084585 80.938 315.511 5.44639 
10 0.00018 0 68033.4 8.44008e+20 5.59577e-05 0.734069 92.9731 32706.4 4.05748e+20 5.64396e-05 -0.247072 74.899 311.82 3.63357 324.529 1.818 100740 1.24976e+21 0.000112397 0.241395 83.8973 316.124 5.45463 
11 0.0002 0 68033.4 8.44009e+20 5.59578e-05 0.348749 95.7257 32389.6 4.01819e+20 5.5893e-05 -0.451032 79.4364 313.25 3.65024 326.483 1.81123 100423 1.24583e+21 0.000111851 -0.0509103 87.5858 317.662 5.46395 
12 0.00022 0 67953.5 8.43016e+20 5.5892e-05 -0.423764 98.6966 32524.5 4.03493e+20 5.61259e-05 -0.314616 81.1126 314.576 3.66138 328.078 1.82766 100478 1.24651e+21 0.000112018 -0.369076 89.8862 319.117 5.49197 
13 0.00024 0 68113.4 8.45e+20 5.60235e-05 -0.154241 101.912 32598.9 4.04416e+20 5.62542e-05 0.161137 83.9752 314.448 3.66851 327.655 1.82948 100712 1.24942e+21 0.000112278 0.00377196 92.925 318.898 5.501 
14 0.00026 0 68098.6 8.44817e+20 5.60113e-05 -0.110374 104.364 32237.8 3.99935e+20 5.5631e-05 -0.531474 87.1892 315.861 3.68418 329.749 1.82078 100336 1.24475e+21 0.000111642 -0.320207 95.8056 320.486 5.50776 
15 0.00028 0 67948.8 8.42959e+20 5.58882e-05 0.12176 107.287 32588.7 4.04289e+20 5.62366e-05 -0.69086 91.168 317.066 3.69011 331.222 1.84882 100538 1.24725e+21 0.000112125 -0.285812 99.2024 321.798 5.54139 
16 0.0003 0 67639.4 8.39121e+20 5.56337e-05 0.428993 110.112 32253.1 4.00126e+20 5.56575e-05 -0.766405 94.004 319.851 3.70558 334.035 1.84532 99892.6 1.23925e+21 0.000111291 -0.168834 102.056 324.575 5.55337 
17 0.00032 0 67400.1 8.36152e+20 5.54369e-05 0.0120014 114.865 32127.6 3.98568e+20 5.54408e-05 -0.41119 95.8003 319.972 3.69386 336.994 1.85442 99527.7 1.23472e+21 0.000110878 -0.199602 105.332 325.664 5.55164 
18 0.00034 0 67399 8.36138e+20 5.54359e-05 -0.370016 117.566 32228.2 3.99816e+20 5.56144e-05 -0.597574 98.1386 321.489 3.71131 338.707 1.86968 99627.1 1.23595e+21 0.00011105 -0.483978 107.837 327.264 5.58449 
19 0.00036 0 67383 8.35939e+20 5.54228e-05 0.24524 121.043 32465.4 4.02759e+20 5.60237e-05 -0.728669 102.582 323.69 3.73583 338.541 1.88252 99848.3 1.2387e+21 0.000111446 -0.24434 111.763 328.705 5.62153 
20 0.00038 0 67632.6 8.39036e+20 5.56281e-05 -0.25454 124.371 32251.4 4.00105e+20 5.56546e-05 -1.03671 107.531 324.791 3.76242 341.462 1.88625 99884 1.23914e+21 0.000111283 -0.645717 115.949 330.332 5.65138 
21 0.0004 0 67682.5 8.39655e+20 5.56691e-05 -0.233656 127.684 32196.4 3.99421e+20 5.55595e-05 -0.611832 108.62 325.238 3.77038 342.863 1.89076 99878.9 1.23908e+21 0.000111229 -0.422557 118.162 331.121 5.66458 
22 0.00042 0 67438.9 8.36633e+20 5.54688e-05 -0.258284 131.989 32193 3.99379e+20 5.55537e-05 -0.353656 113.149 325.799 3.7633 347.689 1.91717 99631.9 1.23601e+21 0.000111022 -0.306006 122.562 333.065 5.68375 
23 0.00044 0 67427.3 8.3649e+20 5.54593e-05 -0.739616 135.972 32108 3.98326e+20 5.54071e-05 0.326552 114.218 326.334 3.76882 350.704 1.92869 99535.4 1.23482e+21 0.000110866 -0.206783 125.1 334.453 5.7019 
24 0.00046 0 67575.6 8.38329e+20 5.55812e-05 -0.0656529 140.444 32246.6 4.00044e+20 5.56462e-05 0.201573 117.437 327.333 3.78867 349.617 1.93101 99822.2 1.23837e+21 0.000111227 0.0680381 128.934 334.819 5.72459 
25 0.00048 0 67635.3 8.3907e+20 5.56303e-05 -0.201286 142.974 32059.5 3.97724e+20 5.53233e-05 -0.0653597 121.115 328.101 3.80092 351.75 1.93152 99694.8 1.23679e+21 0.000110954 -0.133511 132.075 335.967 5.73689 
26 0.0005 0 67482.9 8.37178e+20 5.55049e-05 0.258096 147.02 31968 3.96589e+20 5.51655e-05 -0.216095 127.089 328.565 3.79771 354.099 1.93887 99450.9 1.23377e+21 0.00011067 0.0217279 137.085 336.988 5.74024 
27 0.00052 0 67524.9 8.377e+20 5.55395e-05 0.364429 150.618 32122.4 3.98504e+20 5.54319e-05 -0.368767 131.234 330.227 3.81931 357.008 1.96423 99647.3 1.2362e+21 0.000110971 -0.00181323 140.935 339.066 5.78705 
28 0.00054 0 67619.5 8.38873e+20 5.56173e-05 -0.581307 154.236 32106.4 3.98305e+20 5.54043e-05 -0.397614 134.063 331.931 3.84439 361.675 1.98892 99725.9 1.23718e+21 0.000111022 -0.489637 144.169 341.731 5.83714 
29 0.00056 0 67667 8.39463e+20 5.56564e-05 -0.643559 157.893 31952.2 3.96393e+20 5.51382e-05 -0.0214445 139.62 333.212 3.86194 362.487 1.98381 99619.2 1.23586e+21 0.000110795 -0.333957 148.799 342.783 5.84884 
30 0.00058 0 67409.7 8.36271e+20 5.54448e-05 0.0631417 162.58 32025.7 3.97304e+20 5.5265e-05 -0.51344 144.046 333.851 3.85463 362.897 1.99063 99435.4 1.23358e+21 0.00011071 -0.224681 153.328 343.392 5.84843 
31 0.0006 0 67494.3 8.3732e+20 5.55143e-05 -0.174911 167.334 31991.1 3.96875e+20 5.52053e-05 -0.509743 147.444 334.942 3.87208 365.693 2.0038 99485.4 1.2342e+21 0.00011072 -0.341859 157.417 345.045 5.87953 
32 0.00062 0 67315.8 8.35106e+20 5.53676e-05 -0.0516357 171.391 32148.9 3.98832e+20 5.54775e-05 0.316342 152.893 335.778 3.87148 367.492 2.02359 99464.7 1.23394e+21 0.000110845 0.132536 162.133 346.216 5.89825 
33 0.00064 0 67668.8 8.39485e+20 5.56579e-05 0.690384 174.977 32026.3 3.97311e+20 5.5266e-05 -0.111391 159.198 335.847 3.89258 372.191 2.04165 99695.1 1.2368e+21 0.000110924 0.290913 167.115 347.658 5.93654 
34 0.00066 0 67393.9 8.36075e+20 5.54317e-05 1.06902 179.629 32055.7 3.97677e+20 5.53168e-05 1.24571 162.276 337.157 3.89189 375.788 2.06327 99449.6 1.23375e+21 0.000110749 1.15727 170.961 349.772 5.95794 
35 0.00068 0 67346.8 8.35491e+20 5.5393e-05 1.35673 185.719 31954.3 3.96418e+20 5.51418e-05 0.656537 166.608 339.141 3.91206 379.643 2.07784 99301.1 1.23191e+21 0.000110535 1.00743 176.185 352.372 5.99327 
36 0.0007 0 67182.8 8.33455e+20 5.52581e-05 1.23381 190.024 32069.3 3.97845e+20 5.53403e-05 0.403959 171.885 339.501 3.90667 377.96 2.07608 99252.1 1.2313e+21 0.000110598 0.818574 180.948 352.107 5.9858 
37 0.00072 0 67172.5 8.33328e+20 5.52497e-05 1.05484 194.7 32205.5 3.99535e+20 5.55753e-05 1.12463 178.263 341.835 3.93292 380.979 2.10154 99378 1.23286e+21 0.000110825 1.08984 186.457 354.667 6.03696 
38 0.00074 0 67363.1 8.35693e+20 5.54064e-05 0.533385 201.027 32101.3 3.98242e+20 5.53954e-05 0.504489 183.67 341.679 3.94228 386.92 2.12741 99464.4 1.23393e+21 0.000110802 0.518938 192.349 356.443 6.07247 
39 0.00076 0 67106.3 8.32507e+20 5.51952e-05 0.562554 207.301 32057.4 3.97697e+20 5.53197e-05 0.635456 191.006 343.528 3.94851 386.874 2.12425 99163.7 1.2302e+21 0.000110515 0.599046 199.144 357.685 6.0752 
40 0.00078 0 67341.4 8.35424e+20 5.53886e-05 0.36476 213.246 31931.5 3.96136e+20 5.51025e-05 0.997381 197.435 344.098 3.96892 391.717 2.1424 99272.9 1.23156e+21 0.000110491 0.680251 205.361 359.551 6.11363 
41 0.0008 0 67467.8 8.36991e+20 5.54925e-05 0.261931 218.081 31923.7 3.96038e+20 5.50889e-05 1.50761 201.685 343.95 3.97465 392.66 2.14703 99391.4 1.23303e+21 0.000110581 0.882499 209.913 359.742 6.12418 
42 0.00082 0 67674.1 8.39551e+20 5.56623e-05 0.0260715 224.926 31911.5 3.95887e+20 5.50679e-05 0.318233 210.825 345.285 4.00229 395.551 2.16201 99585.6 1.23544e+21 0.00011073 0.171368 217.913 361.5 6.16613 
43 0.00084 0 67604.9 8.38692e+20 5.56053e-05 0.382327 231.327 32014.7 3.97168e+20 5.5246e-05 -0.0752413 219.432 346.265 4.00954 399.831 2.19247 99619.6 1.23586e+21 0.000110851 0.154284 225.399 363.556 6.20332 
44 0.00086 0 67585.9 8.38457e+20 5.55897e-05 0.284904 237.799 32088.8 3.98088e+20 5.5374e-05 1.62884 224.619 346.987 4.01677 401.799 2.20836 99674.8 1.23654e+21 0.000110964 0.955564 231.222 364.729 6.22678 
45 0.00088 0 67291.8 8.34808e+20 5.53478e-05 0.314809 244.787 31990.9 3.96873e+20 5.5205e-05 2.19715 230.72 348.887 4.02119 405.585 2.22237 99282.7 1.23168e+21 0.000110553 1.25476 237.762 367.266 6.24542 
46 0.0009 0 67650.5 8.39258e+20 5.56428e-05 0.361957 253.091 32211.8 3.99613e+20 5.55862e-05 1.41281 240.951 350.074 4.05637 405.824 2.23903 99862.3 1.23887e+21 0.000111229 0.887113 247.024 368.137 6.29679 
47 0.00092 0 67886.3 8.42183e+20 5.58367e-05 0.167279 260.753 32218.4 3.99695e+20 5.55976e-05 0.341252 250.218 350.065 4.07041 407.429 2.24835 100105 1.24188e+21 0.000111434 0.254079 255.497 368.59 6.31983 
48 0.00094 0 68015.1 8.43781e+20 5.59427e-05 0.400019 267.809 32214.8 3.9965e+20 5.55912e-05 -0.586059 262.153 349.734 4.07428 412.443 2.27576 100230 1.24343e+21 0.000111534 -0.0914663 264.99 369.907 6.35034 
49 0.00096 0 68004.8 8.43654e+20 5.59342e-05 0.430745 277.523 32342.8 4.01238e+20 5.58122e-05 0.326014 274.084 350.293 4.08018 413.338 2.28976 100348 1.24489e+21 0.000111746 0.378436 275.805 370.619 6.37005 
50 0.00098 0 68087.8 8.44683e+20 5.60025e-05 0.509982 289.398 32368.9 4.01562e+20 5.58573e-05 -0.0769493 288.264 351.213 4.09589 416.874 2.31122 100457 1.24625e+21 0.00011186 0.216897 288.832 372.371 6.40712 
