1 0 0 68558.5 8.50522e+20 5.63896e-05 0.346876 117.639 33144.7 4.11186e+20 5.7196e-05 0.590939 110.331 338.426 3.97404 375.029 2.12906 101703 1.26171e+21 0.000113586 0.469774 113.959 350.384 6.1036 
2 2e-05 0 68294.7 8.4725e+20 5.61727e-05 0.0472273 122.847 32919.5 4.08392e+20 5.68074e-05 0.958979 115.35 341.54 3.99518 377.658 2.12941 101214 1.25564e+21 0.00011298 0.505664 119.078 353.318 6.12513 
3 4e-05 0 68039.7 8.44087e+20 5.59629e-05 -0.419985 127.004 32641.6 4.04944e+20 5.63278e-05 0.912799 122.478 342.429 3.99062 380.214 2.12572 100681 1.24903e+21 0.000112291 0.248572 124.734 354.692 6.11657 
4 6e-05 0 67936.6 8.42808e+20 5.58782e-05 -0.289711 132.114 32792.3 4.06814e+20 5.65878e-05 0.934756 128.288 342.631 3.98693 382.989 2.15112 100729 1.24962e+21 0.000112466 0.326386 130.189 355.779 6.13821 
5 8e-05 0 67962 8.43122e+20 5.5899e-05 0.0958408 135.304 32575.8 4.04129e+20 5.62143e-05 -0.0215126 134.538 343.866 4.00279 383.199 2.1381 100538 1.24725e+21 0.000112113 0.0369991 134.92 356.611 6.1409 
6 0.0001 0 67924.6 8.42658e+20 5.58682e-05 -0.531337 140.986 32117.6 3.98445e+20 5.54237e-05 -0.0716579 138.954 344.739 4.01074 389.389 2.14208 100042 1.2411e+21 0.000111292 -0.302416 139.974 359.076 6.15286 
7 0.00012 0 67623.4 8.38922e+20 5.56205e-05 -1.06285 145.87 32500.4 4.03193e+20 5.60842e-05 0.0162183 142.014 345.248 3.99886 388.02 2.15998 100124 1.24212e+21 0.000111705 -0.521078 143.934 359.141 6.159 
8 0.00014 0 67981.1 8.4336e+20 5.59148e-05 -1.00479 149.047 32300.7 4.00716e+20 5.57396e-05 0.0801651 145.258 346.843 4.03858 388.406 2.14885 100282 1.24408e+21 0.000111654 -0.463164 147.155 360.239 6.18757 
9 0.00016 0 67742.5 8.404e+20 5.57185e-05 -0.833652 151.893 32221.4 3.99732e+20 5.56027e-05 0.083504 149.566 347.242 4.02904 387.766 2.14004 99963.9 1.24013e+21 0.000111321 -0.375551 150.73 360.311 6.1692 
10 0.00018 0 67523.8 8.37686e+20 5.55386e-05 -0.271246 154.716 32219.6 3.99709e+20 5.55996e-05 -0.0419971 153.483 346.191 4.00388 389.275 2.14825 99743.4 1.2374e+21 0.000111138 -0.156559 154.099 360.109 6.15214 
11 0.0002 0 67598.2 8.38609e+20 5.55998e-05 -0.0912234 158.03 32264.1 4.00261e+20 5.56764e-05 1.30497 155.674 347.595 4.02454 390.529 2.15814 99862.3 1.23887e+21 0.000111276 0.607353 156.851 361.471 6.18276 
12 0.00022 0 67340.3 8.3541e+20 5.53877e-05 -0.618289 163.376 32251.3 4.00103e+20 5.56544e-05 0.840108 160.198 347.864 4.01229 392.905 2.17042 99591.7 1.23551e+21 0.000111042 0.112661 161.783 362.456 6.18282 
13 0.00024 0 67381.7 8.35923e+20 5.54217e-05 -0.674455 166.8 32293.5 4.00627e+20 5.57272e-05 0.173247 163.971 347.93 4.01552 391.865 2.1675 99675.2 1.23655e+21 0.000111149 -0.249439 165.382 362.17 6.18311 
14 0.00026 0 67427.1 8.36487e+20 5.54591e-05 -0.356576 169.942 32046.6 3.97564e+20 5.53011e-05 -0.0439242 168.383 347.162 4.00935 391.514 2.149 99473.7 1.23405e+21 0.00011076 -0.200473 169.164 361.452 6.15838 
15 0.00028 0 67279.7 8.34657e+20 5.53378e-05 0.544421 172.614 32102.7 3.9826e+20 5.53979e-05 0.195882 171.905 348.754 4.01893 391.133 2.15067 99382.4 1.23292e+21 0.000110736 0.370057 172.259 362.444 6.16961 
16 0.0003 0 67171.9 8.3332e+20 5.52491e-05 0.270515 175.201 32043 3.97518e+20 5.52948e-05 0.48932 175.22 349.839 4.02497 391.097 2.14647 99214.8 1.23084e+21 0.000110544 0.379963 175.21 363.164 6.17145 
17 0.00032 0 67305.3 8.34976e+20 5.53589e-05 0.467025 178.839 31903.2 3.95785e+20 5.50537e-05 0.285836 178.824 349.028 4.02363 392.292 2.14364 99208.6 1.23076e+21 0.000110413 0.376681 178.832 362.941 6.16727 
18 0.00034 0 67293.4 8.34827e+20 5.53491e-05 0.482157 183.302 31912.2 3.95896e+20 5.50692e-05 0.572755 182.985 349.854 4.03243 392.461 2.14516 99205.6 1.23072e+21 0.000110418 0.527341 183.144 363.56 6.1776 
19 0.00036 0 67087 8.32267e+20 5.51793e-05 -0.285432 185.664 32002.1 3.97011e+20 5.52243e-05 0.993085 184.768 350.466 4.0271 392.487 2.15135 99089.1 1.22928e+21 0.000110404 0.354087 185.216 364.04 6.17849 
20 0.00038 0 67053.1 8.31847e+20 5.51514e-05 -0.0984704 188.372 32152.5 3.98877e+20 5.54838e-05 0.0689335 189.623 350.008 4.0198 392.931 2.16391 99205.6 1.23072e+21 0.000110635 -0.014517 189 363.92 6.18373 
21 0.0004 0 67230.1 8.34043e+20 5.52971e-05 0.132207 191.359 32135.9 3.98671e+20 5.54552e-05 -0.488801 193.382 349.417 4.02361 392.008 2.15771 99366 1.23271e+21 0.000110752 -0.17874 192.372 363.194 6.18136 
22 0.00042 0 67204.5 8.33726e+20 5.5276e-05 0.511853 192.884 31848.6 3.95108e+20 5.49595e-05 0.504144 195.865 348.772 4.01465 395.213 2.15591 99053.2 1.22883e+21 0.000110235 0.508009 194.37 363.709 6.17064 
23 0.00044 0 67188.4 8.33526e+20 5.52628e-05 0.60994 195.079 31897.5 3.95714e+20 5.50438e-05 0.366769 198.908 347.669 4.001 392.369 2.14368 99086 1.22924e+21 0.000110307 0.488596 196.99 362.067 6.14482 
24 0.00046 0 67140.1 8.32926e+20 5.5223e-05 1.0116 198.499 31802.2 3.94531e+20 5.48793e-05 0.344323 200.779 347.267 3.9935 391.408 2.13203 98942.3 1.22746e+21 0.000110102 0.679002 199.636 361.464 6.12568 
25 0.00048 0 67273.6 8.34582e+20 5.53328e-05 0.699673 201.273 32006 3.9706e+20 5.5231e-05 1.64454 203.701 347.096 3.99947 389.266 2.13395 99279.5 1.23164e+21 0.000110564 1.17167 202.486 360.695 6.13349 
26 0.0005 0 67278.6 8.34645e+20 5.5337e-05 0.196812 204.42 31911.8 3.95892e+20 5.50685e-05 0.412512 206.485 346.885 3.99734 390.473 2.13428 99190.5 1.23054e+21 0.000110406 0.3044 205.45 360.911 6.13166 
27 0.00052 0 67120.5 8.32683e+20 5.52069e-05 -0.348908 206.85 31913.3 3.9591e+20 5.50711e-05 -0.250606 210.814 346.383 3.98217 389.739 2.13036 99033.9 1.22859e+21 0.000110278 -0.299817 208.829 360.363 6.11269 
28 0.00054 0 67139.4 8.32918e+20 5.52224e-05 -0.493221 208.14 31974.6 3.9667e+20 5.51768e-05 -0.715372 212.999 346.384 3.9833 389.762 2.13457 99114 1.22959e+21 0.000110399 -0.60425 210.569 360.391 6.11809 
29 0.00056 0 67618.4 8.38859e+20 5.56164e-05 -0.441152 211.868 31757.3 3.93974e+20 5.48018e-05 0.105011 215.001 345.185 3.99783 389.19 2.11696 99375.6 1.23283e+21 0.000110418 -0.170085 213.423 359.255 6.11491 
30 0.00058 0 67537.5 8.37857e+20 5.55499e-05 -0.0776498 214.708 31975 3.96676e+20 5.51776e-05 0.304716 218.552 344.99 3.99079 388.457 2.12746 99512.6 1.23453e+21 0.000110727 0.11289 216.624 358.965 6.1184 
31 0.0006 0 67724.6 8.40177e+20 5.57037e-05 -0.446201 217.035 31969 3.966e+20 5.51671e-05 0.444388 219.164 343.994 3.9903 388.245 2.1259 99693.5 1.23678e+21 0.000110871 -0.00306155 218.094 358.187 6.11624 
32 0.00062 0 67749 8.40479e+20 5.57238e-05 -0.758382 220.537 31960.8 3.96499e+20 5.5153e-05 0.957398 221.607 343.339 3.98412 385.22 2.10879 99709.8 1.23698e+21 0.000110877 0.0950919 221.069 356.765 6.09296 
33 0.00064 0 67401.8 8.36173e+20 5.54383e-05 -0.125343 220.746 31887 3.95584e+20 5.50257e-05 0.765251 225.998 342.473 3.95372 385.43 2.10507 99288.9 1.23176e+21 0.000110464 0.318291 223.362 356.284 6.05905 
34 0.00066 0 67107.5 8.32521e+20 5.51962e-05 0.555919 222.124 32171.8 3.99117e+20 5.55172e-05 0.266387 229.655 342.898 3.94134 380.749 2.09808 99279.3 1.23164e+21 0.000110713 0.410733 225.9 355.195 6.03995 
35 0.00068 0 67622.4 8.38909e+20 5.56197e-05 0.367947 224.381 32009.1 3.97098e+20 5.52364e-05 0.00228725 232.429 341.539 3.95584 380.036 2.08356 99631.5 1.23601e+21 0.000110856 0.185749 228.391 353.942 6.04 
36 0.0007 0 67352.9 8.35567e+20 5.53981e-05 0.968797 225.94 32205.9 3.9954e+20 5.5576e-05 -0.0502144 235.351 341.731 3.9423 380.452 2.09866 99558.8 1.23511e+21 0.000110974 0.458475 230.653 354.306 6.0418 
37 0.00072 0 67466 8.36969e+20 5.54911e-05 0.958696 228.747 32074.2 3.97905e+20 5.53486e-05 0.199226 236.021 339.229 3.92 377.051 2.0714 99540.1 1.23487e+21 0.00011084 0.579449 232.379 351.445 5.99189 
38 0.00074 0 67675.1 8.39564e+20 5.56631e-05 0.597151 230.277 32051.2 3.97621e+20 5.53091e-05 0.246804 239.329 338.362 3.9221 372.83 2.04674 99726.4 1.23718e+21 0.000110972 0.422536 234.788 349.485 5.96961 
39 0.00076 0 67947.4 8.42941e+20 5.5887e-05 0.693587 232.608 32172.6 3.99127e+20 5.55185e-05 0.312953 240.485 337.615 3.92918 374.354 2.06289 100120 1.24207e+21 0.000111406 0.5039 236.533 349.455 5.99266 
40 0.00078 0 67872.6 8.42013e+20 5.58255e-05 0.243141 235.314 32413.1 4.02111e+20 5.59336e-05 0.0560936 243.23 336.518 3.91211 371.38 2.0618 100286 1.24412e+21 0.000111759 0.149527 239.276 347.82 5.9745 
41 0.0008 0 68194.6 8.46008e+20 5.60903e-05 -0.100919 236.088 32339.1 4.01192e+20 5.58058e-05 -0.216648 245.653 334.821 3.91084 370.931 2.0546 100534 1.2472e+21 0.000111896 -0.158636 240.858 346.486 5.9663 
42 0.00082 0 68368.5 8.48165e+20 5.62334e-05 0.185639 237.893 32426.9 4.02281e+20 5.59573e-05 -0.284581 245.047 332.991 3.89938 367.223 2.03959 100795 1.25045e+21 0.000112191 -0.0488922 241.461 344.031 5.93945 
43 0.00084 0 68102.8 8.44869e+20 5.60148e-05 -0.53502 240.073 32753.6 4.06334e+20 5.65211e-05 -0.821414 246.736 332.159 3.87452 363.15 2.03729 100856 1.2512e+21 0.000112536 -0.678862 243.42 342.248 5.91223 
44 0.00086 0 68194.7 8.4601e+20 5.60904e-05 -1.32906 241.343 32662.2 4.05201e+20 5.63634e-05 -1.0919 249.193 329.83 3.85255 361.231 2.02087 100857 1.25121e+21 0.000112454 -1.21019 245.278 340.033 5.874 
45 0.00088 0 67859.2 8.41847e+20 5.58145e-05 -0.670263 242.506 32682 4.05446e+20 5.63976e-05 -1.60994 249.059 328.292 3.81572 356.821 1.99741 100541 1.24729e+21 0.000112212 -1.14254 245.799 337.59 5.81356 
46 0.0009 0 68503.9 8.49846e+20 5.63448e-05 -0.412395 241.915 32846 4.0748e+20 5.66805e-05 -1.10229 250.326 326.057 3.82575 354.759 1.99583 101350 1.25733e+21 0.000113025 -0.758367 246.133 335.398 5.82227 
47 0.00092 0 68629 8.51397e+20 5.64477e-05 -0.366986 241.98 32888.8 4.08012e+20 5.67545e-05 -0.694767 250.156 323.166 3.79876 352.016 1.98298 101518 1.25941e+21 0.000113202 -0.531321 246.079 332.549 5.78237 
48 0.00094 0 68840.9 8.54026e+20 5.66219e-05 -0.501156 242.453 32882.9 4.07939e+20 5.67443e-05 -0.246993 249.75 321.586 3.79185 346.707 1.95272 101724 1.26197e+21 0.000113366 -0.373937 246.105 329.735 5.74508 
49 0.00096 0 69005.7 8.5607e+20 5.67575e-05 -0.702574 242.901 33054.6 4.10069e+20 5.70406e-05 -0.605244 249.822 320.016 3.78238 341.645 1.93426 102060 1.26614e+21 0.000113798 -0.653788 246.37 327.047 5.7171 
50 0.00098 0 68956.7 8.55463e+20 5.67172e-05 -0.306404 240.435 33091 4.1052e+20 5.71033e-05 -0.350605 246.548 317.469 3.7496 336.822 1.90905 102048 1.26598e+21 0.00011382 -0.32858 243.502 323.765 5.65901 
