1 0 0 68984.2 8.55804e+20 5.67398e-05 0.277415 -105.835 33417.8 4.14574e+20 5.76672e-05 -1.10572 -91.7194 342.928 4.05192 368.344 2.10833 102402 1.27038e+21 0.000114407 -0.419758 -98.7198 351.333 6.16219 
2 2e-05 0 68860.8 8.54273e+20 5.66383e-05 0.526887 -111.228 33076 4.10334e+20 5.70775e-05 -0.554929 -98.6817 345.124 4.07057 376.616 2.13363 101937 1.26461e+21 0.000113716 -0.0161101 -104.931 355.429 6.20571 
3 4e-05 0 69030.6 8.56379e+20 5.67779e-05 -0.202016 -117.227 33029.8 4.09761e+20 5.69977e-05 0.508173 -99.7578 347.26 4.10586 372.855 2.10937 102060 1.26614e+21 0.000113776 0.153764 -108.475 355.71 6.21814 
4 6e-05 0 68354.8 8.47996e+20 5.62221e-05 -0.321218 -122.457 32906.8 4.08235e+20 5.67855e-05 0.494649 -105.388 347.688 4.07068 376.98 2.12477 101262 1.25623e+21 0.000113008 0.0887491 -113.88 357.366 6.1982 
5 8e-05 0 68404 8.48606e+20 5.62626e-05 0.340049 -127.297 32899.9 4.08149e+20 5.67736e-05 -0.309518 -110.855 349.306 4.09256 380.99 2.14692 101304 1.25676e+21 0.000113036 0.0137971 -119.039 359.744 6.24206 
6 0.0001 0 68034 8.44016e+20 5.59583e-05 0.0416905 -130.408 32505.8 4.0326e+20 5.60935e-05 0.586583 -115.478 351.165 4.0921 385.171 2.14448 100540 1.24728e+21 0.000112052 0.314466 -122.934 362.281 6.23866 
7 0.00012 0 67604.2 8.38684e+20 5.56048e-05 -0.492314 -133.097 32450.8 4.02578e+20 5.59986e-05 2.04736 -118.884 351.585 4.07111 384.217 2.13555 100055 1.24126e+21 0.000111603 0.782002 -125.966 362.282 6.2086 
8 0.00014 0 68129.2 8.45197e+20 5.60366e-05 -0.677927 -137.741 32260.2 4.00213e+20 5.56697e-05 -0.116481 -123.004 353.519 4.12529 386.227 2.13412 100389 1.24541e+21 0.000111706 -0.398126 -130.397 364.152 6.26149 
9 0.00016 0 67487.5 8.37236e+20 5.55088e-05 -0.132044 -142.845 32327.1 4.01043e+20 5.57851e-05 0.41556 -124.937 357.648 4.13416 390.572 2.1626 99814.6 1.23828e+21 0.000111294 0.142438 -133.869 368.486 6.29974 
10 0.00018 0 67539.3 8.37878e+20 5.55513e-05 0.086321 -146.343 32512.3 4.03341e+20 5.61047e-05 -0.235302 -128.57 356.949 4.12925 391.621 2.18083 100052 1.24122e+21 0.000111656 -0.0752876 -137.412 368.39 6.31305 
11 0.0002 0 67128.7 8.32785e+20 5.52136e-05 -0.438589 -151.641 32209 3.99578e+20 5.55813e-05 -1.25086 -133.807 355.772 4.0906 395.639 2.18265 99337.7 1.23236e+21 0.000110795 -0.846072 -142.695 368.871 6.27619 
12 0.00022 0 67786.4 8.40945e+20 5.57546e-05 0.452528 -154.098 32517.3 4.03403e+20 5.61134e-05 0.0562849 -139.724 359.658 4.17581 399.467 2.22486 100304 1.24435e+21 0.000111868 0.253771 -146.888 372.676 6.40261 
13 0.00024 0 67687.3 8.39714e+20 5.56731e-05 1.96526 -157.788 32133.8 3.98646e+20 5.54516e-05 0.547217 -141.557 357.645 4.14636 398.844 2.1952 99821.1 1.23836e+21 0.000111125 1.25765 -149.689 371.052 6.34402 
14 0.00026 0 67788.8 8.40974e+20 5.57566e-05 -0.440651 -161.698 32218.9 3.99701e+20 5.55984e-05 0.578212 -147.79 361.848 4.20138 403.048 2.2242 100008 1.24067e+21 0.000111355 0.0680569 -154.754 375.227 6.4274 
15 0.00028 0 67500 8.37391e+20 5.5519e-05 1.04173 -167.598 32089.2 3.98092e+20 5.53746e-05 0.549055 -148.413 362.387 4.18971 403.503 2.21776 99589.2 1.23548e+21 0.000110894 0.795711 -158.018 375.835 6.41087 
16 0.0003 0 67392 8.36052e+20 5.54302e-05 -0.224067 -169.903 32224 3.99764e+20 5.56072e-05 0.192871 -153.405 360.841 4.16517 406.233 2.24214 99616 1.23582e+21 0.000111037 -0.0152654 -161.641 375.672 6.40983 
17 0.00032 0 67477 8.37106e+20 5.55001e-05 -0.0622859 -175.156 32383.3 4.0174e+20 5.58821e-05 0.609027 -157.288 362.831 4.19341 409.958 2.27388 99860.3 1.23885e+21 0.000111382 0.274521 -166.192 378.288 6.47029 
18 0.00034 0 67844.9 8.41669e+20 5.58027e-05 0.890809 -177.769 31839.9 3.95e+20 5.49444e-05 -0.821989 -161.758 364.293 4.23327 412.251 2.24824 99684.8 1.23667e+21 0.000110747 0.0410467 -169.825 379.752 6.48391 
19 0.00036 0 67492.9 8.37302e+20 5.55131e-05 0.472836 -181.472 32698.7 4.05653e+20 5.64263e-05 0.581666 -166.354 366.736 4.23955 412.575 2.31069 100192 1.24296e+21 0.000111939 0.527695 -173.851 381.826 6.55246 
20 0.00038 0 67323 8.35195e+20 5.53734e-05 0.335543 -184.477 32271.9 4.00358e+20 5.56898e-05 0.356229 -168.038 364.79 4.20644 416.835 2.30407 99594.8 1.23555e+21 0.000111063 0.345915 -176.234 381.804 6.51306 
21 0.0004 0 67329.3 8.35273e+20 5.53786e-05 -2.84463 -189.509 32175.7 3.99165e+20 5.55238e-05 0.788551 -172.574 368.395 4.2484 414.719 2.28554 99504.9 1.23444e+21 0.000110902 -1.02566 -181.031 383.537 6.53672 
22 0.00042 0 67190.4 8.3355e+20 5.52644e-05 0.24979 -193.254 31626.8 3.92355e+20 5.45766e-05 0.446282 -175.412 369.305 4.25011 415.424 2.25037 98817.1 1.2259e+21 0.000109841 0.34742 -184.388 384.238 6.50339 
23 0.00044 0 67186.2 8.33497e+20 5.52609e-05 0.771829 -197.927 31844.3 3.95054e+20 5.4952e-05 0.378474 -182.836 368.801 4.24404 417.832 2.27898 99030.5 1.22855e+21 0.000110213 0.575703 -190.403 384.692 6.52513 
24 0.00046 0 67144.7 8.32984e+20 5.52268e-05 -0.747028 -200.265 32011.4 3.97127e+20 5.52403e-05 1.40778 -183.847 369.441 4.24879 421.917 2.31334 99156.1 1.23011e+21 0.000110467 0.330506 -192.055 386.532 6.56466 
25 0.00048 0 66742.1 8.27988e+20 5.48956e-05 0.176583 -205.613 32110.4 3.98355e+20 5.54112e-05 0.430523 -190.934 371.931 4.25177 421.21 2.31661 98852.5 1.22634e+21 0.000110307 0.304146 -198.239 388.057 6.57038 
26 0.0005 0 67129.1 8.3279e+20 5.5214e-05 0.265703 -208.626 32064.5 3.97785e+20 5.53319e-05 0.222206 -195.415 371.67 4.27343 422.792 2.32198 99193.6 1.23058e+21 0.000110546 0.243932 -202.013 388.294 6.59708 
27 0.00052 0 67021 8.31449e+20 5.51251e-05 0.521031 -212.889 31832.3 3.94905e+20 5.49313e-05 -0.36572 -200.339 372.768 4.27915 425.809 2.32162 98853.3 1.22635e+21 0.000110056 0.0784357 -206.625 389.934 6.60223 
28 0.00054 0 66962.9 8.30728e+20 5.50773e-05 -0.832869 -217.882 31975.1 3.96677e+20 5.51778e-05 -0.271632 -205.403 369.44 4.23726 428.011 2.3441 98938 1.2274e+21 0.000110255 -0.551995 -211.637 388.454 6.5828 
29 0.00056 0 67073.4 8.32099e+20 5.51681e-05 0.387943 -222.063 31745.3 3.93825e+20 5.47811e-05 0.454489 -207.985 370.591 4.25748 426.386 2.31841 98818.7 1.22592e+21 0.000109949 0.421099 -215.049 388.623 6.57772 
30 0.00058 0 67384.2 8.35954e+20 5.54237e-05 0.0848398 -224.18 31824.8 3.94812e+20 5.49183e-05 1.63935 -212.303 371.67 4.28967 429.971 2.34375 99208.9 1.23077e+21 0.000110342 0.858535 -218.269 390.452 6.63477 
31 0.0006 0 67176.7 8.33381e+20 5.52531e-05 -0.731295 -230.865 31670.8 3.92902e+20 5.46527e-05 0.324016 -216.829 372.308 4.28379 431.02 2.33811 98847.6 1.22628e+21 0.000109906 -0.206523 -223.885 391.226 6.62371 
32 0.00062 0 66789.9 8.28582e+20 5.4935e-05 0.47602 -234.668 32185 3.99281e+20 5.554e-05 0.597393 -222.08 372.598 4.26245 434.638 2.39602 98974.9 1.22786e+21 0.000110475 0.537039 -228.339 392.86 6.65995 
33 0.00064 0 67528.4 8.37743e+20 5.55423e-05 0.682973 -238.353 31859.5 3.95242e+20 5.49782e-05 0.275032 -226.84 373.056 4.31487 435.643 2.37726 99387.8 1.23298e+21 0.000110521 0.480044 -232.626 393.191 6.69336 
34 0.00066 0 67359.7 8.35651e+20 5.54037e-05 0.983552 -243.306 32050.3 3.97609e+20 5.53075e-05 0.0716906 -233.743 374.147 4.31669 435.416 2.39025 99410 1.23326e+21 0.000110711 0.528017 -238.529 393.951 6.7078 
35 0.00068 0 67079.5 8.32174e+20 5.51732e-05 -0.0197654 -248.318 31984.3 3.96791e+20 5.51937e-05 0.773352 -239.419 374.355 4.30111 435.471 2.38564 99063.9 1.22897e+21 0.000110367 0.376867 -243.868 394.13 6.68748 
36 0.0007 0 67258.8 8.34399e+20 5.53206e-05 1.11515 -250.659 31946.7 3.96325e+20 5.51288e-05 1.68351 -239.944 371.806 4.28325 434.733 2.3788 99205.5 1.23072e+21 0.000110449 1.39884 -245.311 392.134 6.66312 
37 0.00072 0 67528.5 8.37744e+20 5.55424e-05 1.15913 -258.132 32307 4.00793e+20 5.57504e-05 0.703905 -247.121 372.322 4.30639 437.011 2.41822 99835.4 1.23854e+21 0.000111293 0.931094 -252.616 393.325 6.7258 
38 0.00074 0 67422.8 8.36434e+20 5.54555e-05 0.047938 -263.785 31939 3.96228e+20 5.51154e-05 0.930146 -251.842 371.815 4.2938 436.179 2.38613 99361.8 1.23266e+21 0.000110571 0.487685 -257.832 392.584 6.68128 
39 0.00076 0 68134.1 8.45258e+20 5.60406e-05 0.706425 -266.694 31996.6 3.96943e+20 5.52148e-05 2.46029 -255.619 370.385 4.32241 436.794 2.3938 100131 1.2422e+21 0.000111255 1.57685 -261.197 391.675 6.71739 
40 0.00078 0 67818.7 8.41345e+20 5.57812e-05 -0.66117 -271.284 32008.4 3.9709e+20 5.52352e-05 -1.14532 -262.309 371.705 4.31773 437.752 2.39994 99827.1 1.23843e+21 0.000111016 -0.902055 -266.818 392.928 6.71845 
41 0.0008 0 67835.1 8.41549e+20 5.57947e-05 1.75137 -274.233 32265.9 4.00285e+20 5.56796e-05 1.35828 -266.976 370.912 4.30957 435.674 2.40777 100101 1.24183e+21 0.000111474 1.55502 -270.608 391.816 6.71783 
42 0.00082 0 67591.2 8.38522e+20 5.5594e-05 -0.0351146 -281.252 32183 3.99255e+20 5.55364e-05 1.07816 -273.993 371.255 4.29803 437.074 2.40929 99774.1 1.23778e+21 0.00011113 0.521233 -277.625 392.516 6.70784 
43 0.00084 0 67863.8 8.41904e+20 5.58182e-05 -0.132389 -285.608 31749.1 3.93872e+20 5.47876e-05 2.12318 -278.874 371.625 4.31967 432.128 2.34991 99612.9 1.23578e+21 0.000110606 0.984887 -282.272 390.938 6.67007 
44 0.00086 0 68270 8.46944e+20 5.61524e-05 0.222846 -292.905 32096.5 3.98183e+20 5.53872e-05 1.09899 -284.208 369.48 4.32045 434.262 2.38736 100367 1.24513e+21 0.00011154 0.657915 -288.586 390.238 6.70852 
45 0.00088 0 68468.3 8.49403e+20 5.63155e-05 -0.232356 -295.656 32569.3 4.04047e+20 5.6203e-05 2.61998 -291.523 366.791 4.30146 432.307 2.41162 101038 1.25345e+21 0.000112518 1.19238 -293.592 387.924 6.71332 
46 0.0009 0 68364.1 8.48111e+20 5.62297e-05 1.45533 -301.576 32701.9 4.05694e+20 5.6432e-05 -1.94674 -300.034 367.302 4.3009 427.371 2.39379 101066 1.2538e+21 0.000112662 -0.248757 -300.804 386.746 6.69482 
47 0.00092 0 68318.7 8.47548e+20 5.61924e-05 0.089725 -307.688 32445.9 4.02517e+20 5.59901e-05 0.759049 -302.994 364.131 4.26093 429.729 2.38815 100765 1.25006e+21 0.000112183 0.423784 -305.345 385.266 6.6493 
48 0.00094 0 68503.3 8.49838e+20 5.63443e-05 -1.34711 -313.916 32708.4 4.05774e+20 5.64432e-05 0.737972 -310.065 360.27 4.22715 427.064 2.39255 101212 1.25561e+21 0.000112787 -0.303653 -311.989 381.866 6.61988 
49 0.00096 0 68773.6 8.5319e+20 5.65665e-05 1.64116 -317.89 33020.6 4.09647e+20 5.69818e-05 -0.224061 -318.665 360.876 4.25096 422.493 2.38953 101794 1.26284e+21 0.000113548 0.705138 -318.279 380.866 6.64053 
50 0.00098 0 68913.9 8.54932e+20 5.6682e-05 -0.193163 -326.295 33116.7 4.10838e+20 5.71476e-05 -1.05318 -326.099 356.401 4.20682 414.112 2.34894 102031 1.26577e+21 0.00011383 -0.624928 -326.197 375.133 6.55577 
