1 0 0 68788 8.5337e+20 5.65784e-05 -0.557622 115.595 32672.5 4.05328e+20 5.63811e-05 -0.640524 111.93 337.413 3.97542 378.167 2.11628 101460 1.2587e+21 0.00011296 -0.599 113.766 350.544 6.09182 
2 2e-05 0 68520.4 8.5005e+20 5.63583e-05 0.613018 120.91 32917.7 4.0837e+20 5.68042e-05 -0.584699 118.456 338.866 3.977 378.196 2.13233 101438 1.25842e+21 0.000113163 0.0117997 119.678 351.64 6.10952 
3 4e-05 0 68393.8 8.48479e+20 5.62542e-05 1.28876 126.55 32596.9 4.0439e+20 5.62507e-05 1.12547 123.765 342.149 4.00812 378.841 2.11515 100991 1.25287e+21 0.000112505 1.20712 125.158 353.998 6.12335 
4 6e-05 0 67812 8.41262e+20 5.57757e-05 -0.0278922 130.581 32641.2 4.0494e+20 5.63271e-05 -0.506563 127.905 342.393 3.97685 378.17 2.11427 100453 1.2462e+21 0.000112103 -0.268405 129.237 354.024 6.09121 
5 8e-05 0 68020.5 8.43848e+20 5.59471e-05 -0.524847 136.977 32337.1 4.01167e+20 5.58023e-05 -0.764426 132.749 344.446 4.013 382.796 2.12019 100358 1.24502e+21 0.000111749 -0.644481 134.865 356.813 6.13337 
6 0.0001 0 67643.2 8.39167e+20 5.56368e-05 1.79195 140.106 32568.1 4.04033e+20 5.6201e-05 0.261012 136.672 345.141 3.99879 383.519 2.13938 100211 1.2432e+21 0.000111838 1.02262 138.381 357.622 6.13831 
7 0.00012 0 67578.8 8.38369e+20 5.55839e-05 0.549504 145.24 32234.5 3.99894e+20 5.56253e-05 1.40162 140.786 344.979 3.9931 387.654 2.14029 99813.3 1.23826e+21 0.000111209 0.975721 143.012 358.772 6.13358 
8 0.00014 0 67810.8 8.41247e+20 5.57747e-05 0.248204 147.864 32302.6 4.00739e+20 5.57428e-05 0.439049 146.373 344.136 3.99702 387.07 2.14158 100113 1.24199e+21 0.000111517 0.343599 147.119 357.991 6.13864 
9 0.00016 0 67338.4 8.35386e+20 5.53861e-05 -0.573002 151.535 32443.3 4.02485e+20 5.59857e-05 1.94311 147.116 344.603 3.97456 387.135 2.15127 99781.7 1.23787e+21 0.000111372 0.691829 149.314 358.447 6.12609 
10 0.00018 0 67344.5 8.35462e+20 5.53911e-05 0.991341 154.439 32498.9 4.03174e+20 5.60816e-05 -0.00403684 152.09 347.291 4.00593 386.806 2.15313 99843.4 1.23864e+21 0.000111473 0.490569 153.257 360.157 6.15912 
11 0.0002 0 67560.9 8.38146e+20 5.55691e-05 0.270353 158.113 32006.6 3.97067e+20 5.52321e-05 0.076589 155.802 346.365 4.00809 390.983 2.14341 99567.5 1.23521e+21 0.000110801 0.173766 156.961 360.711 6.15155 
12 0.00022 0 67541 8.37899e+20 5.55527e-05 1.45546 160.095 32199 3.99454e+20 5.55641e-05 1.91491 161.689 347.313 4.01787 392.138 2.16267 99740 1.23735e+21 0.000111117 1.6852 160.892 361.785 6.18056 
13 0.00024 0 67371.5 8.35797e+20 5.54134e-05 -1.36762 167.217 32454.8 4.02628e+20 5.60055e-05 2.39184 163.15 350.669 4.04652 391.093 2.17404 99826.4 1.23843e+21 0.000111419 0.522103 165.173 363.829 6.22085 
14 0.00026 0 67222.5 8.33948e+20 5.52908e-05 -0.206504 168.955 32135.4 3.98665e+20 5.54543e-05 0.500562 170.009 347.061 3.99603 391.384 2.15424 99357.9 1.23261e+21 0.000110745 0.147551 169.483 361.399 6.15031 
15 0.00028 0 67606.4 8.38711e+20 5.56066e-05 -0.876116 173.378 32031 3.9737e+20 5.52742e-05 1.15105 170.527 348.752 4.03843 390.279 2.14119 99637.5 1.23608e+21 0.000110881 0.134427 171.957 362.109 6.17973 
16 0.0003 0 67252.4 8.34319e+20 5.53154e-05 0.511186 174.132 32061.7 3.97751e+20 5.53271e-05 0.52467 175.715 348.743 4.01718 391.752 2.15132 99314.1 1.23207e+21 0.000110643 0.517929 174.924 362.63 6.16854 
17 0.00032 0 66954.8 8.30628e+20 5.50706e-05 0.650472 177.389 32119.9 3.98473e+20 5.54276e-05 -1.74864 180.896 350.009 4.01392 394.748 2.17171 99074.8 1.2291e+21 0.000110498 -0.55296 179.148 364.523 6.1858 
18 0.00034 0 66927.6 8.3029e+20 5.50482e-05 0.0535583 179.932 31890.2 3.95624e+20 5.50313e-05 2.11089 180.327 349.093 4.00179 390.139 2.13101 98817.9 1.22591e+21 0.00011008 1.08207 180.13 362.342 6.13284 
19 0.00036 0 67867.2 8.41947e+20 5.58211e-05 -0.813076 185.322 32141.9 3.98746e+20 5.54655e-05 -0.229642 185.497 348.515 4.05125 390.668 2.15073 100009 1.24069e+21 0.000111287 -0.522291 185.409 362.062 6.20199 
20 0.00038 0 67245.2 8.3423e+20 5.53095e-05 -1.49727 186.67 31848.7 3.95109e+20 5.49596e-05 -0.0545641 187.449 349.378 4.02406 394.352 2.15122 99094 1.22934e+21 0.000110269 -0.778206 187.058 363.834 6.17531 
21 0.0004 0 67565.7 8.38207e+20 5.55731e-05 -0.606853 189.145 31708.4 3.93367e+20 5.47174e-05 0.82508 191.061 347.751 4.02442 391.887 2.12834 99274.1 1.23157e+21 0.00011029 0.103558 190.095 361.853 6.15284 
22 0.00042 0 67450.4 8.36775e+20 5.54782e-05 -0.374448 192.194 31758.3 3.93988e+20 5.48037e-05 0.711795 194.694 347.817 4.0183 390.991 2.12683 99208.7 1.23076e+21 0.000110282 0.165351 193.436 361.644 6.14524 
23 0.00044 0 67434.1 8.36573e+20 5.54648e-05 0.85475 195.614 31830.3 3.9488e+20 5.49278e-05 -0.508458 197.986 348.663 4.0271 390.496 2.12895 99264.4 1.23145e+21 0.000110393 0.176462 196.794 362.085 6.15618 
24 0.00046 0 67280 8.34662e+20 5.53381e-05 2.07933 196.766 32189.1 3.99331e+20 5.55469e-05 -0.221785 201.541 346.283 3.99048 390.36 2.15219 99469.1 1.23399e+21 0.000110885 0.926605 199.158 360.562 6.14294 
25 0.00048 0 67303.1 8.34948e+20 5.5357e-05 0.51428 201.256 32051.5 3.97624e+20 5.53095e-05 -0.0549793 203.999 348.612 4.0187 389.655 2.13912 99354.6 1.23257e+21 0.000110667 0.229773 202.627 361.857 6.15791 
26 0.0005 0 66738.4 8.27943e+20 5.48926e-05 -0.66544 203.382 32019.6 3.97229e+20 5.52546e-05 1.17973 206.208 346.596 3.96194 390.574 2.14204 98758.1 1.22517e+21 0.000110147 0.260174 204.8 360.861 6.10408 
27 0.00052 0 67574.9 8.3832e+20 5.55806e-05 1.53478 205.257 32273.5 4.00379e+20 5.56927e-05 0.685599 210.08 345.232 3.99581 389.658 2.15396 99848.4 1.2387e+21 0.000111273 1.10976 207.671 359.605 6.15 
28 0.00054 0 67130.7 8.3281e+20 5.52153e-05 -1.34094 208.567 31946.6 3.96323e+20 5.51285e-05 -0.143177 213.062 346.038 3.97881 390.024 2.13414 99077.4 1.22913e+21 0.000110344 -0.742527 210.813 360.233 6.11316 
29 0.00056 0 66928.7 8.30304e+20 5.50491e-05 -0.272762 210.838 31788.4 3.9436e+20 5.48554e-05 2.14109 214.033 346.493 3.97205 387.126 2.1078 98717.1 1.22466e+21 0.000109905 0.932038 212.432 359.587 6.08 
30 0.00058 0 67276.6 8.34619e+20 5.53353e-05 -0.534217 213.515 32020.9 3.97245e+20 5.52567e-05 0.958335 218.956 345.748 3.98411 387.754 2.12666 99297.5 1.23186e+21 0.000110592 0.211529 216.234 359.313 6.11109 
31 0.0006 0 67110.7 8.32561e+20 5.51988e-05 0.733658 215.793 31836.6 3.94958e+20 5.49387e-05 -0.0829739 222.732 342.891 3.94144 384.388 2.09606 98947.3 1.22752e+21 0.000110137 0.326306 219.254 356.269 6.03795 
32 0.00062 0 67135.8 8.32873e+20 5.52195e-05 -0.612154 219.796 32076.2 3.97931e+20 5.53522e-05 1.46651 222.328 344.559 3.96211 384.487 2.11238 99212 1.2308e+21 0.000110572 0.428425 221.064 357.474 6.07459 
33 0.00064 0 67577.3 8.3835e+20 5.55826e-05 -0.37728 221.333 32068 3.97829e+20 5.5338e-05 1.33657 225.454 341.425 3.95188 381.675 2.0964 99645.3 1.23618e+21 0.000110921 0.477758 223.389 354.391 6.0485 
34 0.00066 0 67703.9 8.3992e+20 5.56867e-05 -0.892497 223.353 32113.1 3.98388e+20 5.54158e-05 0.604427 228.721 341.388 3.95886 378.216 2.08032 99817 1.23831e+21 0.000111103 -0.14586 226.031 353.253 6.03946 
35 0.00068 0 67771.8 8.40763e+20 5.57426e-05 -1.13199 225.574 31877.6 3.95467e+20 5.50094e-05 0.351192 230.282 340.26 3.94973 382.274 2.08722 99649.4 1.23623e+21 0.000110752 -0.39531 227.912 353.714 6.03718 
36 0.0007 0 67939.5 8.42843e+20 5.58805e-05 0.244986 226.143 32099.5 3.98219e+20 5.53923e-05 -0.533512 234.076 337.961 3.93275 375.619 2.06516 100039 1.24106e+21 0.000111273 -0.142556 230.092 350.08 5.99851 
37 0.00072 0 67065.7 8.32004e+20 5.51618e-05 -0.219152 228.282 32124.2 3.98526e+20 5.5435e-05 0.702855 234.594 337.996 3.88258 377.598 2.07764 99189.9 1.23053e+21 0.000110597 0.24299 231.446 350.845 5.96062 
38 0.00074 0 68137.3 8.45297e+20 5.60432e-05 -0.795369 229.853 32118.3 3.98453e+20 5.54248e-05 0.331383 235.371 337.865 3.94308 373.866 2.05673 100256 1.24375e+21 0.000111468 -0.235118 232.597 349.417 6.00012 
39 0.00076 0 68144 8.45381e+20 5.60487e-05 -0.66341 231.08 32397.4 4.01916e+20 5.59065e-05 2.14181 238.647 335.757 3.91887 373.014 2.06987 100541 1.2473e+21 0.000111955 0.73742 234.859 347.8 5.98939 
40 0.00078 0 67728.7 8.40228e+20 5.57071e-05 -0.786731 234.37 32160.8 3.9898e+20 5.54982e-05 -1.34315 244.357 335.289 3.88956 370.423 2.04048 99889.5 1.23921e+21 0.000111205 -1.06442 239.354 346.656 5.93097 
41 0.0008 0 67751.2 8.40507e+20 5.57256e-05 0.820889 235.95 32492.8 4.03099e+20 5.60711e-05 -0.118964 242.006 334.027 3.8762 371.566 2.06791 100244 1.24361e+21 0.000111797 0.349511 238.987 346.217 5.94449 
42 0.00082 0 67721.5 8.40138e+20 5.57012e-05 1.33451 235.928 32424.4 4.0225e+20 5.5953e-05 -0.652557 245.044 331.531 3.84555 368.33 2.04558 100146 1.24239e+21 0.000111654 0.338737 240.496 343.498 5.89203 
43 0.00084 0 68110.2 8.44961e+20 5.60209e-05 -0.580559 238.268 32457.2 4.02658e+20 5.60097e-05 -0.148664 243.75 330.734 3.85832 363.219 2.01924 100567 1.24762e+21 0.000112031 -0.364633 241.008 341.235 5.87785 
44 0.00086 0 67958.2 8.43075e+20 5.58959e-05 0.201286 238.366 32811.5 4.07053e+20 5.66211e-05 -0.563716 245.776 330.673 3.84901 361.495 2.03159 100770 1.25013e+21 0.000112517 -0.18368 242.094 340.741 5.88114 
45 0.00088 0 68457.1 8.49265e+20 5.63063e-05 -0.326095 239.898 32399.2 4.01938e+20 5.59096e-05 1.02855 246.423 327.955 3.8454 356.702 1.97947 100856 1.2512e+21 0.000112216 0.348834 243.149 337.215 5.8253 
46 0.0009 0 68661 8.51795e+20 5.6474e-05 0.647268 238.72 32929.3 4.08514e+20 5.68243e-05 0.31575 247.367 325.512 3.82812 353.726 1.99506 101590 1.26031e+21 0.000113298 0.480997 243.057 334.698 5.82389 
47 0.00092 0 68572.8 8.507e+20 5.64014e-05 1.67668 239.362 32739.9 4.06164e+20 5.64974e-05 -0.472322 247.979 324.746 3.8142 348.092 1.95199 101313 1.25686e+21 0.000112899 0.601266 243.674 332.334 5.76695 
48 0.00094 0 68813 8.53679e+20 5.65989e-05 -0.176449 238.443 32978.8 4.09128e+20 5.69098e-05 1.15783 244.654 322.029 3.79554 346.821 1.95906 101792 1.26281e+21 0.000113509 0.492519 241.557 330.083 5.75498 
49 0.00096 0 69229.2 8.58843e+20 5.69413e-05 0.152764 238.661 32915.4 4.08342e+20 5.68004e-05 -0.374888 247.893 320.03 3.79479 338.753 1.90981 102145 1.26718e+21 0.000113742 -0.110736 243.272 326.113 5.70546 
50 0.00098 0 68940.6 8.55262e+20 5.67039e-05 1.78692 236.745 33279 4.12853e+20 5.74278e-05 0.529075 243.794 315.674 3.72753 339.122 1.93301 102220 1.26811e+21 0.000114132 1.15401 240.292 323.335 5.66103 
