1 0 0 68754.9 8.52959e+20 5.65512e-05 2.84195 -79.9325 32640.8 4.04935e+20 5.63264e-05 -1.52802 -88.6834 306.981 3.61512 338.052 1.88996 101396 1.25789e+21 0.000112878 0.661314 -84.2992 317.035 5.50598 
2 2e-05 0 68239.8 8.46568e+20 5.61275e-05 -0.886766 -83.5388 32276.8 4.0042e+20 5.56984e-05 -0.398718 -94.5444 309.193 3.61389 338.676 1.87234 100517 1.24699e+21 0.000111826 -0.643678 -89.0205 318.727 5.48738 
3 4e-05 0 68209.9 8.46197e+20 5.61029e-05 -1.87741 -87.9659 32347.4 4.01295e+20 5.58202e-05 1.05397 -96.7597 307.842 3.59652 337.39 1.8693 100557 1.24749e+21 0.000111923 -0.415423 -92.3517 317.393 5.46662 
4 6e-05 0 67782.8 8.40899e+20 5.57516e-05 -0.372806 -91.2952 32333.8 4.01126e+20 5.57966e-05 0.305753 -100.114 310.856 3.609 337.383 1.86848 100117 1.24203e+21 0.000111548 -0.0333893 -95.7063 319.466 5.4782 
5 8e-05 0 68138.9 8.45318e+20 5.60446e-05 -1.96747 -92.1051 32315.6 4.00901e+20 5.57653e-05 -0.360498 -103.035 309.581 3.61308 339.501 1.87915 100455 1.24622e+21 0.00011181 -1.16599 -97.5566 319.272 5.49337 
6 0.0001 0 67849.1 8.41722e+20 5.58062e-05 1.66151 -94.744 32069.7 3.9785e+20 5.53409e-05 -1.61045 -107.514 311.045 3.61472 336.22 1.84683 99918.8 1.23957e+21 0.000111147 0.0323781 -101.103 319.22 5.46317 
7 0.00012 0 67683.6 8.39669e+20 5.56701e-05 0.0792187 -96.1085 32401.2 4.01962e+20 5.5913e-05 0.333758 -109.686 311.227 3.60801 339.987 1.88682 100085 1.24163e+21 0.000111583 0.206765 -102.912 320.638 5.49656 
8 0.00014 0 67346.9 8.35492e+20 5.53931e-05 1.17928 -99.944 32240.5 3.99969e+20 5.56357e-05 -1.05004 -112.459 311.719 3.59575 339.226 1.87326 99587.4 1.23546e+21 0.000111029 0.0621839 -106.215 320.712 5.47051 
9 0.00016 0 67476.1 8.37094e+20 5.54994e-05 1.58614 -102.4 32258.9 4.00197e+20 5.56674e-05 -0.140806 -112.632 311.037 3.59476 338.003 1.86757 99734.9 1.23729e+21 0.000111167 0.721364 -107.524 319.818 5.46334 
10 0.00018 0 67389.1 8.36015e+20 5.54278e-05 -0.622735 -101.402 32291.3 4.00599e+20 5.57233e-05 -1.91144 -115.267 310.064 3.57889 339.837 1.87959 99680.4 1.23661e+21 0.000111151 -1.2688 -108.353 319.814 5.46028 
11 0.0002 0 67690.5 8.39754e+20 5.56757e-05 -0.721293 -105.338 32184.9 3.99279e+20 5.55397e-05 -0.702718 -117.607 311.121 3.60716 339.924 1.87388 99875.3 1.23903e+21 0.000111215 -0.712017 -111.465 320.485 5.48245 
12 0.00022 0 68000.8 8.43604e+20 5.59309e-05 -0.730311 -105.425 32201.8 3.99489e+20 5.55689e-05 0.00371368 -119.19 312.133 3.63547 340.726 1.87929 100203 1.24309e+21 0.0001115 -0.364491 -112.285 321.425 5.51653 
13 0.00024 0 67188 8.3352e+20 5.52624e-05 1.1418 -106.019 32056.3 3.97684e+20 5.53179e-05 0.611404 -119.969 311.936 3.58976 339.475 1.86393 99244.3 1.2312e+21 0.00011058 0.87647 -112.997 320.937 5.45549 
14 0.00026 0 66993.7 8.3111e+20 5.51026e-05 0.805641 -109.318 31888 3.95596e+20 5.50275e-05 -0.179112 -124.528 314.01 3.60318 337.255 1.84202 98881.7 1.22671e+21 0.00011013 0.3136 -116.918 321.632 5.44733 
15 0.00028 0 67335.7 8.35353e+20 5.53839e-05 -0.812527 -110.977 31990.8 3.96871e+20 5.52048e-05 0.40269 -123.084 312.656 3.60595 336.566 1.84418 99326.5 1.23222e+21 0.000110589 -0.205902 -117.021 320.438 5.45151 
16 0.0003 0 67392.9 8.36062e+20 5.54309e-05 0.336815 -111.182 31986.6 3.96819e+20 5.51975e-05 0.480294 -125.531 312.207 3.60383 338.372 1.85383 99379.4 1.23288e+21 0.000110628 0.408403 -118.341 320.74 5.45956 
17 0.00032 0 67438 8.36622e+20 5.5468e-05 -1.21032 -112.078 32198.8 3.99451e+20 5.55637e-05 0.584357 -126.078 312.329 3.60766 338.814 1.86857 99636.8 1.23607e+21 0.000111032 -0.312208 -119.084 320.999 5.47811 
18 0.00034 0 67398.1 8.36127e+20 5.54352e-05 -0.420174 -111.695 31951.3 3.96381e+20 5.51366e-05 0.814132 -129.324 313.064 3.614 337.643 1.84779 99349.4 1.23251e+21 0.000110572 0.195312 -120.486 321.138 5.46468 
19 0.00036 0 67105.3 8.32495e+20 5.51944e-05 -1.07879 -115.812 32238 3.99938e+20 5.56314e-05 -0.242202 -131.22 312.735 3.59453 336.601 1.85863 99343.4 1.23243e+21 0.000110826 -0.658848 -123.546 320.611 5.45539 
20 0.00038 0 67299.3 8.34901e+20 5.53539e-05 0.863956 -114.649 32059.2 3.9772e+20 5.53228e-05 -0.32398 -131.758 311.912 3.59542 335.236 1.84082 99358.5 1.23262e+21 0.000110677 0.270155 -123.201 319.597 5.43896 
21 0.0004 0 67621.5 8.38899e+20 5.5619e-05 -0.0148372 -114.072 31917.7 3.95964e+20 5.50786e-05 -0.312937 -131.688 310.971 3.60174 332.133 1.81573 99539.2 1.23486e+21 0.000110698 -0.163159 -122.837 317.924 5.42033 
22 0.00042 0 67495.9 8.3734e+20 5.55156e-05 0.927913 -116.244 32077.3 3.97944e+20 5.53541e-05 -0.0503185 -134.255 309.631 3.57956 336.938 1.85121 99573.2 1.23528e+21 0.00011087 0.43951 -125.236 318.605 5.43379 
23 0.00044 0 67304.4 8.34964e+20 5.53581e-05 -1.16625 -115.675 32124.8 3.98533e+20 5.5436e-05 -0.240353 -133.152 310.838 3.58331 335.809 1.84774 99429.1 1.2335e+21 0.000110794 -0.702974 -124.42 319.072 5.43388 
24 0.00046 0 67355.3 8.35596e+20 5.54e-05 0.0393974 -117.597 32201.9 3.99491e+20 5.55692e-05 0.155702 -135.031 311.962 3.59899 334.658 1.84583 99557.2 1.23509e+21 0.000110969 0.0976381 -126.327 319.468 5.44763 
25 0.00048 0 67830.3 8.41489e+20 5.57907e-05 0.0798406 -116.306 32141.3 3.98739e+20 5.54645e-05 -1.33074 -134.043 312.576 3.63151 334.905 1.84371 99971.6 1.24023e+21 0.000111255 -0.623382 -125.148 319.927 5.47816 
26 0.0005 0 67363.3 8.35695e+20 5.54066e-05 1.27958 -117.233 32047 3.97568e+20 5.53018e-05 -1.25698 -134.775 309.163 3.56712 333.052 1.82813 99410.3 1.23326e+21 0.000110708 0.012498 -125.996 317.035 5.39817 
27 0.00052 0 67229.3 8.34032e+20 5.52963e-05 0.182048 -116.005 32357.8 4.01425e+20 5.58382e-05 0.592027 -135.834 308.639 3.554 332.937 1.84523 99587.1 1.23546e+21 0.000111134 0.388037 -125.968 316.75 5.40291 
28 0.00054 0 67523.2 8.37679e+20 5.55381e-05 -1.13423 -116.478 31860.3 3.95253e+20 5.49797e-05 -1.59071 -136.77 310.309 3.58885 330.244 1.80216 99383.5 1.23293e+21 0.000110518 -1.36132 -126.573 316.924 5.39483 
29 0.00056 0 67175.9 8.33371e+20 5.52525e-05 1.00366 -116.983 32266.3 4.0029e+20 5.56803e-05 0.453639 -134.609 310.813 3.57619 327.991 1.81267 99442.3 1.23366e+21 0.000110933 0.727587 -125.83 316.557 5.39176 
30 0.00058 0 67227.8 8.34014e+20 5.52952e-05 0.269171 -116.943 31926.5 3.96074e+20 5.50938e-05 0.37893 -136.03 308.8 3.55578 329.336 1.80094 99154.3 1.23009e+21 0.000110389 0.32395 -126.469 315.61 5.36007 
31 0.0006 0 67493 8.37305e+20 5.55133e-05 0.313406 -113.936 31969 3.96601e+20 5.51672e-05 0.865411 -135.738 309.136 3.57368 330.961 1.81223 99462 1.23391e+21 0.00011068 0.588545 -124.803 316.408 5.3903 
32 0.00062 0 67645.9 8.39201e+20 5.56391e-05 -0.636318 -114.102 32268.8 4.00321e+20 5.56846e-05 -0.86846 -134.029 308.106 3.56985 329.26 1.81983 99914.8 1.23952e+21 0.000111324 -0.752436 -124.07 315.157 5.39341 
33 0.00064 0 67842.1 8.41635e+20 5.58004e-05 0.499171 -114.49 32145.9 3.98795e+20 5.54724e-05 0.189264 -132.643 307.258 3.57034 327.504 1.80322 99988 1.24043e+21 0.000111273 0.344674 -123.54 313.946 5.37663 
34 0.00066 0 67385.9 8.35975e+20 5.54251e-05 -1.19002 -112.74 32411.9 4.02096e+20 5.59315e-05 -0.92394 -133.259 307.48 3.54889 327.332 1.81719 99797.8 1.23807e+21 0.000111357 -1.05638 -123.046 314.156 5.36999 
35 0.00068 0 67686.5 8.39705e+20 5.56725e-05 -0.0825154 -113.602 32432.1 4.02346e+20 5.59663e-05 0.717683 -132.69 306.949 3.55857 326.779 1.81525 100119 1.24205e+21 0.000111639 0.318637 -123.171 313.571 5.37723 
36 0.0007 0 68023.7 8.43888e+20 5.59498e-05 0.0888122 -112.228 32146.5 3.98803e+20 5.54735e-05 -0.581009 -130.096 306.065 3.566 324.723 1.78795 100170 1.24269e+21 0.000111423 -0.244667 -121.124 312.226 5.35692 
37 0.00072 0 67824.1 8.41411e+20 5.57856e-05 0.280251 -111.558 32130.2 3.98601e+20 5.54454e-05 -0.340274 -128.179 306.084 3.55576 325.331 1.79039 99954.3 1.24001e+21 0.000111231 -0.0290627 -119.843 312.421 5.34871 
38 0.00074 0 67496.1 8.37343e+20 5.55159e-05 -1.00814 -107.066 32288.2 4.00561e+20 5.5718e-05 -0.242844 -129.424 305.594 3.5329 322.151 1.7816 99784.4 1.2379e+21 0.000111234 -0.624796 -118.265 311.223 5.31914 
39 0.00076 0 68095.3 8.44776e+20 5.60086e-05 -0.663302 -107.912 32199.7 3.99463e+20 5.55653e-05 -0.454318 -124.895 305.486 3.563 322.245 1.77724 100295 1.24424e+21 0.000111574 -0.559225 -116.37 311.023 5.34294 
40 0.00078 0 67508.3 8.37493e+20 5.55258e-05 0.316306 -106.094 32247.9 4.00061e+20 5.56485e-05 -0.00815792 -122.513 304.029 3.51543 321.905 1.77802 99756.2 1.23755e+21 0.000111174 0.153895 -114.313 309.955 5.29598 
41 0.0008 0 67967.5 8.43191e+20 5.59036e-05 -0.263305 -102.17 32271.1 4.00349e+20 5.56885e-05 0.344222 -119.424 304.092 3.54009 323.847 1.79003 100239 1.24354e+21 0.000111592 0.039873 -110.78 310.617 5.33295 
42 0.00082 0 67766.1 8.40693e+20 5.57379e-05 0.712548 -97.0061 32290.5 4.00589e+20 5.57219e-05 -0.296837 -116.113 303.467 3.52234 322.256 1.78231 100057 1.24128e+21 0.00011146 0.207928 -106.558 309.729 5.30806 
43 0.00084 0 68095.5 8.44778e+20 5.60088e-05 0.136541 -95.7976 32699.5 4.05663e+20 5.64278e-05 -0.893445 -113.522 303.676 3.5419 318.141 1.78184 100795 1.25044e+21 0.000112437 -0.380371 -104.693 308.54 5.3267 
44 0.00086 0 68374.3 8.48238e+20 5.62382e-05 -0.712654 -93.5047 32412.8 4.02107e+20 5.5933e-05 -0.165878 -110.84 303.792 3.55776 318.594 1.76873 100787 1.25034e+21 0.000112171 -0.440009 -102.149 308.715 5.32931 
45 0.00088 0 68358.2 8.48037e+20 5.62249e-05 -1.79904 -87.3532 32528.5 4.03542e+20 5.61327e-05 0.369357 -106.438 302.873 3.54617 318.205 1.77288 100887 1.25158e+21 0.000112358 -0.715729 -96.8878 308.017 5.32251 
46 0.0009 0 68153 8.45492e+20 5.60561e-05 -0.142158 -85.1104 32812.4 4.07064e+20 5.66226e-05 -1.05642 -101.131 301.874 3.52385 319.481 1.79552 100965 1.25256e+21 0.000112679 -0.601589 -93.161 307.736 5.3218 
47 0.00092 0 68400.8 8.48566e+20 5.62599e-05 0.482495 -80.9955 32846.9 4.07492e+20 5.66821e-05 0.176695 -95.5095 301.228 3.5291 318.398 1.79132 101248 1.25606e+21 0.000112942 0.329024 -88.2796 306.914 5.32243 
48 0.00094 0 68034.7 8.44024e+20 5.59588e-05 0.971216 -76.4211 32789 4.06773e+20 5.65822e-05 0.00849561 -88.0436 299.805 3.49364 318.56 1.78907 100824 1.2508e+21 0.000112541 0.487189 -82.2645 305.979 5.28399 
49 0.00096 0 68132.3 8.45235e+20 5.60391e-05 -1.51674 -67.465 33142.7 4.11162e+20 5.71926e-05 -0.278868 -79.0951 300.913 3.51157 317.959 1.80496 101275 1.2564e+21 0.000113232 -0.891497 -73.3393 306.566 5.31783 
50 0.00098 0 68888.4 8.54615e+20 5.6661e-05 -0.450236 -60.1641 33101.6 4.10652e+20 5.71217e-05 0.0976954 -69.5103 299.552 3.53448 317.109 1.7979 101990 1.26527e+21 0.000113783 -0.175161 -64.8561 305.298 5.33322 
