1 0 0 68192.3 8.45979e+20 5.60884e-05 -0.527408 13.8948 32488.6 4.03046e+20 5.60638e-05 0.053809 30.1192 291.857 3.40889 301.783 1.67932 100681 1.24903e+21 0.000112152 -0.236863 22.0052 295.203 5.09067 
2 2e-05 0 68752.7 8.52932e+20 5.65494e-05 -1.63323 14.3066 32981.2 4.09157e+20 5.69138e-05 -0.175657 33.0312 292.86 3.44872 302.266 1.70751 101734 1.26209e+21 0.000113463 -0.902102 23.699 296.101 5.15956 
3 4e-05 0 68392.6 8.48465e+20 5.62532e-05 0.795172 14.6994 32568.3 4.04036e+20 5.62014e-05 -0.544233 33.3832 294.305 3.44759 303.085 1.6907 100961 1.2525e+21 0.000112455 0.125778 24.037 297.328 5.14159 
4 6e-05 0 67932.9 8.42761e+20 5.58751e-05 -0.283226 15.3634 32406.7 4.0203e+20 5.59224e-05 -1.65482 34.0568 291.896 3.39638 303.039 1.68205 100340 1.24479e+21 0.000111797 -0.969311 24.7141 295.686 5.08172 
5 8e-05 0 68227.9 8.46421e+20 5.61177e-05 -0.851747 15.2343 32399.3 4.01939e+20 5.59097e-05 -1.69666 35.4899 293.511 3.43 304.349 1.68894 100627 1.24836e+21 0.000112027 -1.27342 25.3433 297.227 5.12284 
6 0.0001 0 67777.3 8.40831e+20 5.57471e-05 -1.15063 14.9431 32710.5 4.05799e+20 5.64467e-05 -0.440803 35.6653 294.54 3.41929 308.972 1.73106 100488 1.24663e+21 0.000112194 -0.793503 25.3688 299.471 5.15438 
7 0.00012 0 68114.7 8.45017e+20 5.60246e-05 0.361987 14.8629 32331 4.01092e+20 5.57919e-05 -0.206676 34.402 295.425 3.44663 306.653 1.69814 100446 1.24611e+21 0.000111816 0.0782472 24.6121 299.246 5.14834 
8 0.00014 0 67391.1 8.3604e+20 5.54295e-05 -0.103368 14.2087 32771.4 4.06555e+20 5.65518e-05 0.689892 34.6622 296.331 3.42049 306.115 1.71825 100163 1.2426e+21 0.000111981 0.297238 24.538 299.76 5.14265 
9 0.00016 0 68180.7 8.45836e+20 5.60789e-05 -1.35404 13.9307 32586.7 4.04264e+20 5.62332e-05 -0.487874 33.4573 296.061 3.45741 308.456 1.72164 100767 1.2501e+21 0.000112312 -0.92036 23.7074 300.283 5.18273 
10 0.00018 0 67879.4 8.42098e+20 5.58311e-05 0.739423 13.0683 32248.9 4.00073e+20 5.56502e-05 -1.07019 33.5524 298.107 3.46591 309.068 1.70717 100128 1.24217e+21 0.000111481 -0.163914 23.2937 301.868 5.17705 
11 0.0002 0 67899 8.4234e+20 5.58472e-05 -0.0341352 11.0715 32326.2 4.01032e+20 5.57836e-05 0.178806 34.9149 298.855 3.47561 312.19 1.72855 100225 1.24337e+21 0.000111631 0.0722749 22.9864 303.464 5.20945 
12 0.00022 0 68230.7 8.46456e+20 5.612e-05 0.218322 12.1827 32098.4 3.98206e+20 5.53904e-05 -0.17944 31.6545 299.08 3.49522 313.46 1.72335 100329 1.24466e+21 0.00011151 0.0207426 21.8549 303.886 5.2221 
13 0.00024 0 67941 8.42862e+20 5.58818e-05 1.03236 10.4223 32194.5 3.99399e+20 5.55563e-05 -0.783203 33.8768 299.035 3.47986 312.796 1.72485 100136 1.24226e+21 0.000111438 0.127232 22.1153 303.759 5.20985 
14 0.00026 0 67731.9 8.40268e+20 5.57098e-05 -0.325033 9.08711 32382.9 4.01735e+20 5.58814e-05 0.79828 33.735 300.422 3.48525 312.779 1.73485 100115 1.242e+21 0.000111591 0.237488 21.43 304.75 5.22576 
15 0.00028 0 68174.6 8.4576e+20 5.60739e-05 -1.41401 6.69342 32226.2 3.99792e+20 5.56111e-05 0.501121 32.0097 301.349 3.51885 312.873 1.72697 100401 1.24555e+21 0.000111685 -0.460411 19.2991 305.397 5.25182 
16 0.0003 0 67377.3 8.35869e+20 5.54181e-05 -1.12066 7.16685 32272.6 4.00367e+20 5.5691e-05 -0.595701 32.5541 301.987 3.48506 315.286 1.74279 99649.9 1.23624e+21 0.000111109 -0.857538 19.8916 306.644 5.23383 
17 0.00032 0 67183.8 8.33468e+20 5.52589e-05 0.249661 4.53715 32258 4.00186e+20 5.56658e-05 -0.165481 31.2375 301.259 3.46666 317.839 1.75611 99441.7 1.23365e+21 0.000110925 0.0413281 17.9363 307.024 5.22937 
18 0.00034 0 67157.6 8.33143e+20 5.52374e-05 -0.531865 4.97427 32224.1 3.99766e+20 5.56074e-05 -1.76286 27.1936 303.188 3.4875 317.826 1.7542 99381.7 1.23291e+21 0.000110845 -1.14941 16.121 308.203 5.24627 
19 0.00036 0 67971.5 8.4324e+20 5.59068e-05 -1.44253 3.82106 32117.3 3.9844e+20 5.5423e-05 -0.598906 26.6207 302.762 3.52481 316.216 1.73952 100089 1.24168e+21 0.00011133 -1.02255 15.1713 307.361 5.26916 
20 0.00038 0 67463.3 8.36935e+20 5.54888e-05 -1.36914 1.41916 32074.1 3.97904e+20 5.53485e-05 0.0805311 23.6053 303.987 3.51261 320.235 1.75926 99537.3 1.23484e+21 0.000110837 -0.645222 12.4982 309.491 5.27645 
21 0.0004 0 67220.1 8.33918e+20 5.52888e-05 -1.98671 -1.22112 31956.9 3.9645e+20 5.51462e-05 -0.483886 23.067 304.483 3.50566 322.194 1.76356 99176.9 1.23037e+21 0.000110435 -1.23627 10.9073 310.51 5.27466 
22 0.00042 0 67657.8 8.39348e+20 5.56488e-05 -0.12707 -2.03041 32164.4 3.99024e+20 5.55043e-05 1.39731 24.4674 306.118 3.54744 322.107 1.77453 99822.1 1.23837e+21 0.000111153 0.63413 11.2013 311.652 5.3285 
23 0.00044 0 67676.1 8.39576e+20 5.56639e-05 -0.967959 -4.93119 32272.2 4.00363e+20 5.56904e-05 0.0187242 19.6269 304.879 3.53404 320.786 1.77318 99948.4 1.23994e+21 0.000111354 -0.4745 7.35076 310.343 5.31282 
24 0.00046 0 67409.1 8.36264e+20 5.54443e-05 0.388899 -7.60821 31997.3 3.96952e+20 5.52161e-05 -2.13285 16.629 307.598 3.55149 324.086 1.77616 99406.5 1.23322e+21 0.00011066 -0.869376 4.48542 313.227 5.33312 
25 0.00048 0 67414.1 8.36326e+20 5.54484e-05 -1.85944 -9.87707 32123.2 3.98514e+20 5.54332e-05 -0.39946 18.8573 306.509 3.53918 325.04 1.78839 99537.3 1.23484e+21 0.000110882 -1.12955 4.48814 312.939 5.33523 
26 0.0005 0 67798.9 8.41099e+20 5.57649e-05 0.0286356 -12.8693 31824.2 3.94804e+20 5.49172e-05 -0.931056 13.7596 308.003 3.57672 325.684 1.77525 99623 1.2359e+21 0.000110682 -0.447535 0.3432 314.039 5.35859 
27 0.00052 0 67794.7 8.41047e+20 5.57614e-05 -0.103432 -14.7613 32276.6 4.00417e+20 5.5698e-05 -1.10397 11.9688 308.941 3.58739 325.971 1.80208 100071 1.24146e+21 0.000111459 -0.603416 -1.40385 314.821 5.39612 
28 0.00054 0 67624.1 8.38931e+20 5.56211e-05 2.39088 -17.3879 32044.6 3.97539e+20 5.52977e-05 -1.47861 8.4561 308.796 3.57669 326.101 1.78984 99668.8 1.23647e+21 0.000110919 0.461776 -4.5036 314.73 5.37285 
29 0.00056 0 67461.5 8.36914e+20 5.54874e-05 -0.346122 -18.4756 32263.9 4.00259e+20 5.5676e-05 -1.74804 6.45187 311.489 3.59921 329.823 1.82266 99725.4 1.23717e+21 0.000111163 -1.04827 -5.99069 317.765 5.42774 
30 0.00058 0 67453.4 8.36813e+20 5.54807e-05 0.549107 -22.4691 31901.6 3.95764e+20 5.50508e-05 -0.917749 3.59012 311.828 3.60268 330.322 1.80492 99355 1.23258e+21 0.000110532 -0.181468 -9.49018 318.135 5.41389 
31 0.0006 0 67550.2 8.38013e+20 5.55603e-05 -1.05273 -25.4684 32050.5 3.97612e+20 5.53078e-05 -1.21428 0.930805 311.592 3.60513 333.381 1.83013 99600.7 1.23563e+21 0.000110868 -1.13332 -12.2989 318.982 5.44171 
32 0.00062 0 67383.8 8.3595e+20 5.54235e-05 -2.51444 -30.2345 32469.9 4.02814e+20 5.60315e-05 0.105114 -3.34352 312.509 3.60683 333.402 1.8542 99853.7 1.23876e+21 0.000111455 -1.19752 -16.7156 319.699 5.46781 
33 0.00064 0 67623.1 8.38918e+20 5.56202e-05 -0.885341 -32.8262 32199.6 3.99462e+20 5.55651e-05 0.597614 -4.79384 311.572 3.60878 336.467 1.85567 99822.7 1.23838e+21 0.000111185 -0.144232 -18.817 320.029 5.47175 
34 0.00066 0 67124 8.32726e+20 5.52097e-05 0.38745 -36.5571 32297.3 4.00674e+20 5.57337e-05 -2.36852 -9.12385 316.143 3.6347 337.778 1.86856 99421.3 1.2334e+21 0.000110943 -0.997043 -22.7757 323.584 5.51029 
35 0.00068 0 67368 8.35753e+20 5.54104e-05 -0.514457 -39.9863 32273.8 4.00383e+20 5.56932e-05 -0.85941 -12.4611 315.641 3.64212 338.051 1.8687 99641.8 1.23614e+21 0.000111104 -0.687373 -26.1887 323.311 5.51785 
36 0.0007 0 67342.2 8.35433e+20 5.53892e-05 -0.980012 -42.118 32108.1 3.98326e+20 5.54072e-05 1.15492 -17.5653 317.139 3.65801 340.743 1.87391 99450.3 1.23376e+21 0.000110796 0.0876278 -29.8397 325.089 5.53753 
37 0.00072 0 67394.6 8.36084e+20 5.54324e-05 0.219133 -48.1185 32103.9 3.98274e+20 5.54e-05 1.10214 -24.0369 315.79 3.64529 344.642 1.89511 99498.6 1.23436e+21 0.000110832 0.660508 -36.0812 325.414 5.54576 
38 0.00074 0 66763.4 8.28253e+20 5.49132e-05 -0.752073 -50.0467 32175 3.99156e+20 5.55227e-05 1.3801 -25.5084 317.183 3.62708 344.936 1.90092 98938.4 1.22741e+21 0.000110436 0.319897 -37.7098 326.538 5.53359 
39 0.00076 0 67573.6 8.38304e+20 5.55796e-05 1.04284 -56.4426 32544.4 4.03739e+20 5.61602e-05 -0.181991 -33.6663 317.628 3.67623 347.817 1.93881 100118 1.24204e+21 0.00011174 0.42724 -44.9953 327.724 5.61989 
40 0.00078 0 67480.5 8.37149e+20 5.5503e-05 0.981167 -61.3123 32398 4.01922e+20 5.59074e-05 1.20751 -38.2817 319.333 3.69088 350.508 1.94502 99878.4 1.23907e+21 0.00011141 1.09475 -49.7552 329.734 5.64082 
41 0.0008 0 67574.1 8.3831e+20 5.558e-05 0.471147 -66.8853 32228 3.99813e+20 5.5614e-05 0.0498949 -44.1241 318.744 3.68919 356.055 1.96543 99802.1 1.23812e+21 0.000111194 0.260457 -55.5012 331.074 5.65943 
42 0.00082 0 67554.3 8.38064e+20 5.55637e-05 -0.181293 -70.3767 32082.5 3.98008e+20 5.5363e-05 -0.587911 -51.0341 320.017 3.70283 354.15 1.94609 99636.8 1.23607e+21 0.000110927 -0.384234 -60.7229 331.211 5.65239 
43 0.00084 0 67918.1 8.42578e+20 5.58629e-05 0.63514 -77.2592 32106.8 3.98311e+20 5.5405e-05 1.24754 -56.3948 321.418 3.73908 355.692 1.95604 100025 1.24089e+21 0.000111268 0.94008 -66.8699 332.659 5.69921 
44 0.00086 0 68197.4 8.46043e+20 5.60926e-05 0.475559 -83.6109 32155.7 3.98917e+20 5.54893e-05 -0.295091 -63.0142 320.607 3.74497 363.225 2.00051 100353 1.24496e+21 0.000111582 0.0923173 -73.3683 334.493 5.74944 
45 0.00088 0 67512.9 8.3755e+20 5.55296e-05 -0.838838 -92.346 32140.7 3.98731e+20 5.54635e-05 -0.623169 -72.8948 322.927 3.73421 363.68 2.00208 99653.6 1.23628e+21 0.000110993 -0.731068 -82.6262 336.277 5.73981 
46 0.0009 0 67713.9 8.40044e+20 5.56949e-05 -0.222004 -97.9957 32277.3 4.00426e+20 5.56992e-05 0.24697 -79.5735 323.479 3.75173 368.431 2.03686 99991.2 1.24047e+21 0.000111394 0.0124919 -88.7842 338.174 5.79174 
47 0.00092 0 67565.9 8.38208e+20 5.55732e-05 0.421871 -104.701 32649.5 4.05042e+20 5.63414e-05 -0.348295 -91.5055 326.063 3.77343 370.509 2.07196 100215 1.24325e+21 0.000111915 0.0341445 -98.0579 340.638 5.84703 
48 0.00094 0 68377.4 8.48276e+20 5.62407e-05 0.492614 -113.591 32467.5 4.02786e+20 5.60275e-05 0.751978 -100.046 326.491 3.82376 374.478 2.08249 100845 1.25106e+21 0.000112268 0.62205 -106.831 342.04 5.90798 
49 0.00096 0 68190.3 8.45955e+20 5.60868e-05 -0.189209 -124.086 32330.8 4.01089e+20 5.57915e-05 -0.423749 -112.309 328.416 3.83579 377.592 2.09096 100521 1.24704e+21 0.000111878 -0.306169 -118.213 344.308 5.92805 
50 0.00098 0 68322.2 8.47591e+20 5.61953e-05 -0.696794 -138.935 32437.2 4.02409e+20 5.59751e-05 -0.577948 -130.353 328.593 3.84528 380.849 2.11594 100759 1.25e+21 0.00011217 -0.637488 -134.653 345.455 5.96191 
