1 0 0 68489 8.49661e+20 5.63325e-05 -0.6538 69.8727 32797.8 4.06882e+20 5.65973e-05 0.827728 51.6142 305.06 3.5786 310.585 1.74475 101287 1.25654e+21 0.00011293 0.0887014 60.7221 307.031 5.32651 
2 2e-05 0 68938.3 8.55234e+20 5.6702e-05 -1.64694 72.3972 32956.2 4.08848e+20 5.68707e-05 -0.177003 55.3671 305.835 3.61123 313.267 1.76831 101894 1.26408e+21 0.000113573 -0.910882 63.8695 308.397 5.38231 
3 4e-05 0 68477.3 8.49515e+20 5.63229e-05 -1.07834 72.4393 32660.9 4.05184e+20 5.63611e-05 -0.750873 57.8069 305.985 3.58884 314.158 1.75745 101138 1.2547e+21 0.000112684 -0.914551 65.1206 308.742 5.34834 
4 6e-05 0 68431 8.4894e+20 5.62847e-05 0.646718 76.3247 32799.4 4.06903e+20 5.66002e-05 -1.72861 60.7788 307.793 3.60761 317.769 1.78519 101230 1.25584e+21 0.000112885 -0.544264 68.53 311.16 5.39514 
5 8e-05 0 68338.9 8.47798e+20 5.6209e-05 0.069808 78.7741 32644.5 4.04981e+20 5.63328e-05 -0.207788 63.9885 309.15 3.61863 318.023 1.77818 100983 1.25278e+21 0.000112542 -0.0691427 71.3732 312.137 5.39887 
6 0.0001 0 67894.5 8.42285e+20 5.58435e-05 -0.685403 83.1929 32447.7 4.0254e+20 5.59933e-05 -0.216949 66.5554 310.072 3.60583 318.93 1.77251 100342 1.24483e+21 0.000111837 -0.450862 74.863 313.087 5.38092 
7 0.00012 0 67974.9 8.43282e+20 5.59096e-05 0.322169 85.2953 32598.7 4.04413e+20 5.62538e-05 1.16859 67.2257 310.959 3.62043 318.278 1.77711 100574 1.2477e+21 0.000112163 0.746678 76.2328 313.51 5.40061 
8 0.00014 0 68551.1 8.50431e+20 5.63836e-05 -0.286882 89.686 32922.6 4.0843e+20 5.68127e-05 -0.485261 72.1492 311.698 3.65979 323.437 1.82386 101474 1.25886e+21 0.000113196 -0.386447 80.8843 315.676 5.48659 
9 0.00016 0 68052.8 8.44249e+20 5.59737e-05 -0.102559 90.8873 32663.3 4.05215e+20 5.63654e-05 -1.17112 73.864 313.382 3.65281 323.542 1.81008 100716 1.24946e+21 0.000112339 -0.638701 82.346 316.835 5.46563 
10 0.00018 0 68136.2 8.45284e+20 5.60423e-05 0.176189 93.2893 32443.8 4.02492e+20 5.59866e-05 -0.399178 75.7393 312.088 3.64219 323.28 1.79646 100580 1.24778e+21 0.000112029 -0.111351 84.5187 315.866 5.44154 
11 0.0002 0 68066.5 8.44419e+20 5.5985e-05 1.49556 97.6715 32590.7 4.04314e+20 5.624e-05 0.382387 79.2784 317 3.69573 325.467 1.8168 100657 1.24873e+21 0.000112225 0.93771 88.4541 319.927 5.51574 
12 0.00022 0 67901.5 8.42373e+20 5.58493e-05 0.202236 100.915 32418.3 4.02175e+20 5.59425e-05 2.08904 80.7263 314.447 3.65708 326.119 1.81082 100320 1.24455e+21 0.000111792 1.14642 90.8122 318.442 5.47174 
13 0.00024 0 67970.9 8.43233e+20 5.59064e-05 -0.784287 103.922 32103.7 3.98271e+20 5.53996e-05 -1.12035 83.7586 317.21 3.69299 329.178 1.81006 100075 1.2415e+21 0.000111306 -0.951554 93.8864 321.272 5.50686 
14 0.00026 0 67781.9 8.40888e+20 5.57509e-05 -0.349781 106.897 32369.6 4.0157e+20 5.58584e-05 0.889265 87.7056 316.537 3.67491 332.46 1.84325 100151 1.24246e+21 0.000111609 0.270339 97.292 321.884 5.52159 
15 0.00028 0 67953 8.43011e+20 5.58916e-05 -0.208611 109.514 32470.6 4.02823e+20 5.60327e-05 -0.17464 89.2293 317.274 3.69276 336.998 1.87424 100424 1.24583e+21 0.000111924 -0.191604 99.3586 323.875 5.57083 
16 0.0003 0 67714.3 8.40049e+20 5.56952e-05 0.101435 113.182 32385 4.01761e+20 5.5885e-05 -0.287149 93.1781 319.054 3.70042 335.276 1.85975 100099 1.24181e+21 0.00011158 -0.0931873 103.163 324.52 5.56391 
17 0.00032 0 67627.8 8.38977e+20 5.56242e-05 -0.634272 116.728 32361.9 4.01475e+20 5.58452e-05 0.232261 95.0525 322.167 3.73177 334.203 1.85248 99989.8 1.24045e+21 0.000111469 -0.200146 105.869 326.318 5.58861 
18 0.00034 0 67857.3 8.41823e+20 5.58129e-05 -0.518372 119.578 32176 3.99169e+20 5.55244e-05 -0.276337 99.9246 322.318 3.74618 342.434 1.8872 100033 1.24099e+21 0.000111337 -0.397668 109.777 328.998 5.63696 
19 0.00036 0 67250.2 8.34292e+20 5.53136e-05 0.447667 120.912 32226.1 3.99791e+20 5.56109e-05 0.209226 103.458 322.852 3.71882 344.734 1.90283 99476.4 1.23408e+21 0.000110924 0.328127 112.162 330.106 5.62447 
20 0.00038 0 67855 8.41795e+20 5.5811e-05 0.651694 126.381 32468.9 4.02803e+20 5.60299e-05 0.97746 103.718 324.65 3.77316 342.277 1.90351 100324 1.2446e+21 0.000111841 0.814895 115.027 330.634 5.68146 
21 0.0004 0 67049.7 8.31804e+20 5.51486e-05 -0.287481 130.311 32400.5 4.01954e+20 5.59118e-05 -0.525954 109.479 326.625 3.75105 341.76 1.89662 99450.2 1.23376e+21 0.00011106 -0.407537 119.824 331.793 5.65172 
22 0.00042 0 67563.7 8.38181e+20 5.55714e-05 -1.55302 135.063 32204.9 3.99527e+20 5.55742e-05 0.301924 113.925 327.745 3.79277 346.732 1.9126 99768.5 1.23771e+21 0.000111146 -0.625527 124.494 334.118 5.70954 
23 0.00044 0 67527.1 8.37727e+20 5.55413e-05 -0.328226 137.603 32172.3 3.99123e+20 5.5518e-05 -0.334976 116.392 327.255 3.78506 348.998 1.92315 99699.4 1.23685e+21 0.000111059 -0.3316 127 334.515 5.71237 
24 0.00046 0 67382.7 8.35936e+20 5.54226e-05 -0.710862 140.274 32375.7 4.01646e+20 5.58689e-05 0.876782 119.667 328.48 3.7911 353.2 1.95861 99758.4 1.23758e+21 0.000111292 0.0861436 129.929 336.736 5.75369 
25 0.00048 0 67612.3 8.38784e+20 5.56114e-05 -2.15488 144.268 32259.4 4.00204e+20 5.56684e-05 -1.67028 125.966 330.498 3.82739 354.644 1.95955 99871.8 1.23899e+21 0.00011128 -1.91246 135.112 338.48 5.79006 
26 0.0005 0 67349.5 8.35523e+20 5.53952e-05 -0.931406 146.775 32015.3 3.97176e+20 5.52471e-05 -0.723485 128.274 332.283 3.8331 359.461 1.97114 99364.8 1.2327e+21 0.000110642 -0.827585 137.537 341.226 5.80741 
27 0.00052 0 67443.4 8.36689e+20 5.54725e-05 -0.264893 153.229 32052 3.97631e+20 5.53104e-05 0.231308 131.761 332.453 3.84041 357.476 1.9625 99495.4 1.23432e+21 0.000110783 -0.0171553 142.511 340.767 5.80722 
28 0.00054 0 67562.1 8.38161e+20 5.55701e-05 -0.11418 155.285 32216.2 3.99668e+20 5.55938e-05 0.0135128 137.488 332.193 3.84416 361.641 1.99554 99778.3 1.23783e+21 0.000111164 -0.0503202 146.385 341.873 5.84264 
29 0.00056 0 67389.7 8.36023e+20 5.54283e-05 0.20768 159.543 32103.9 3.98274e+20 5.53999e-05 0.319718 139.146 333.953 3.85466 364.361 2.00354 99493.6 1.2343e+21 0.000110828 0.263685 149.347 343.993 5.86209 
30 0.00058 0 67624.8 8.3894e+20 5.56217e-05 0.347884 163.388 32359.2 4.01442e+20 5.58405e-05 -2.65564 148.279 334.369 3.87294 368.089 2.04013 99984 1.24038e+21 0.000111462 -1.15683 155.818 345.411 5.91527 
31 0.0006 0 67086.8 8.32265e+20 5.51792e-05 1.57335 169.532 31987 3.96824e+20 5.51982e-05 -0.488231 149.83 335.19 3.85155 366.591 2.00846 99073.8 1.22909e+21 0.000110377 0.542382 159.68 345.541 5.86362 
32 0.00062 0 67028.6 8.31543e+20 5.51313e-05 -0.146567 172.744 32166.2 3.99048e+20 5.55075e-05 1.35606 155.55 337.656 3.87652 373.984 2.06045 99194.9 1.23059e+21 0.000110639 0.607303 164.118 349.598 5.93972 
33 0.00064 0 67574.2 8.38311e+20 5.558e-05 -0.0613076 178.904 32084.4 3.98033e+20 5.53664e-05 -0.0521916 159.765 338.333 3.91591 371.663 2.04245 99658.6 1.23634e+21 0.000110946 -0.0567584 169.353 349.263 5.96177 
34 0.00066 0 67322.9 8.35194e+20 5.53734e-05 0.9546 181.777 32020.7 3.97242e+20 5.52563e-05 0.902223 161.175 340.267 3.92366 376.378 2.06425 99343.6 1.23244e+21 0.00011063 0.928439 171.487 352.139 5.99185 
35 0.00068 0 66950.8 8.30577e+20 5.50673e-05 0.60545 188.6 31929.1 3.96106e+20 5.50984e-05 -1.58372 170.156 339.397 3.89199 378.973 2.07254 98879.9 1.22668e+21 0.000110166 -0.489442 179.376 352.367 5.96776 
36 0.0007 0 67780.1 8.40866e+20 5.57494e-05 1.87271 190.25 32341.1 4.01218e+20 5.58094e-05 -0.437219 174.774 341.313 3.96245 382.332 2.11789 100121 1.24208e+21 0.000111559 0.717124 182.508 354.697 6.08263 
37 0.00072 0 67341.1 8.35419e+20 5.53883e-05 2.55935 195.302 31893.9 3.95669e+20 5.50375e-05 -0.593382 182.549 343.326 3.95999 387.619 2.11748 99234.9 1.23109e+21 0.000110426 0.987992 188.946 357.655 6.07906 
38 0.00074 0 67716 8.4007e+20 5.56967e-05 0.453932 201.701 32192 3.99368e+20 5.55521e-05 0.474537 185.889 343.637 3.98564 384.445 2.11978 99908 1.23944e+21 0.000111249 0.464221 193.805 356.921 6.10774 
39 0.00076 0 67314.3 8.35087e+20 5.53663e-05 -1.09586 208.946 31776.6 3.94214e+20 5.48352e-05 0.0979205 192.9 345.305 3.98124 390.251 2.12402 99090.9 1.2293e+21 0.000110201 -0.501845 200.962 359.858 6.10764 
40 0.00078 0 67581.9 8.38407e+20 5.55864e-05 -0.109232 213.82 32123 3.98511e+20 5.54329e-05 -0.199878 200.057 345.559 4.00001 392.914 2.16183 99704.9 1.23692e+21 0.000111019 -0.154492 206.948 360.919 6.16359 
41 0.0008 0 67514 8.37565e+20 5.55306e-05 -2.37477 220.648 31726.5 3.93593e+20 5.47487e-05 -0.440242 204.85 345.784 3.99859 397.372 2.15937 99240.6 1.23116e+21 0.000110279 -1.41436 212.805 362.415 6.16031 
42 0.00082 0 67672.7 8.39534e+20 5.56611e-05 -0.842936 225.667 31886.2 3.95574e+20 5.50243e-05 -0.343925 212.78 345.392 4.00345 398.727 2.17764 99558.9 1.23511e+21 0.000110685 -0.594866 219.261 362.565 6.18263 
43 0.00084 0 67480.6 8.3715e+20 5.55031e-05 0.005036 235.7 32205.9 3.99539e+20 5.55759e-05 -0.404611 219.13 348.418 4.02705 402.755 2.22169 99686.4 1.23669e+21 0.000111079 -0.199922 227.409 366.122 6.25129 
44 0.00086 0 67201.6 8.33689e+20 5.52736e-05 1.42878 239.795 31920 3.95992e+20 5.50825e-05 -0.0788845 226.668 348.378 4.00994 403.771 2.20752 99121.5 1.22968e+21 0.000110356 0.67625 233.243 366.311 6.21907 
45 0.00088 0 67488.1 8.37244e+20 5.55093e-05 -0.848469 249.082 32211.2 3.99605e+20 5.55851e-05 -0.888486 235.39 350.346 4.04979 408.77 2.25524 99699.3 1.23685e+21 0.000111094 -0.868491 242.232 369.323 6.30676 
46 0.0009 0 67183.7 8.33467e+20 5.52588e-05 -1.95398 254.72 32016.6 3.97191e+20 5.52493e-05 -0.632126 245.106 349.71 4.0242 409.343 2.24476 99200.2 1.23066e+21 0.000110508 -1.29311 249.914 369.008 6.26983 
47 0.00092 0 67604.8 8.38691e+20 5.56052e-05 -1.44418 262.771 32246.3 4.00041e+20 5.56457e-05 0.69139 252.03 351.129 4.06585 412.638 2.27906 99851.1 1.23873e+21 0.000111251 -0.376007 257.398 371.058 6.34603 
48 0.00094 0 67942.7 8.42884e+20 5.58832e-05 -1.60553 272.038 32002.3 3.97014e+20 5.52246e-05 -0.759256 264.748 349.912 4.07201 409.712 2.24578 99945 1.2399e+21 0.000111108 -1.1849 268.415 369.089 6.3183 
49 0.00096 0 67927 8.42689e+20 5.58703e-05 0.444695 279.119 32182.1 3.99245e+20 5.55349e-05 0.504153 275.798 350.812 4.08155 416.536 2.29602 100109 1.24193e+21 0.000111405 0.474334 277.463 371.951 6.37775 
50 0.00098 0 68532.5 8.502e+20 5.63682e-05 1.40235 291.485 32411.7 4.02093e+20 5.59311e-05 -0.134629 291.098 350.721 4.11686 419.596 2.32938 100944 1.25229e+21 0.000112299 0.636851 291.292 372.839 6.44629 
