1 0 0 68327.7 8.47659e+20 5.61998e-05 -0.367841 -82.4105 32744.2 4.06218e+20 5.65049e-05 0.0184683 -87.5294 309.734 3.62487 337.191 1.89112 101072 1.25388e+21 0.000112705 -0.174163 -84.9769 318.644 5.51625 
2 2e-05 0 68112.8 8.44993e+20 5.6023e-05 -1.02906 -84.8155 32680.1 4.05422e+20 5.63942e-05 0.0109978 -93.1936 310.451 3.62184 339.107 1.89813 100793 1.25042e+21 0.000112417 -0.507312 -89.0183 319.781 5.52065 
3 4e-05 0 68338.1 8.47788e+20 5.62083e-05 -0.374059 -88.7088 32536.8 4.03644e+20 5.61469e-05 0.227128 -96.5455 309.897 3.62734 338.411 1.88593 100875 1.25143e+21 0.000112355 -0.0736298 -92.625 319.129 5.51387 
4 6e-05 0 68246.3 8.4665e+20 5.61329e-05 -0.1459 -91.9542 32329.9 4.01078e+20 5.579e-05 0.844533 -100.114 309.605 3.61906 337.387 1.86827 100576 1.24773e+21 0.000111923 0.347799 -96.0214 318.572 5.48796 
5 8e-05 0 67917.3 8.42569e+20 5.58623e-05 0.0747199 -95.1653 32332.7 4.01113e+20 5.57948e-05 0.741713 -101.726 309.817 3.60408 340.155 1.88377 100250 1.24368e+21 0.000111657 0.408015 -98.4435 319.628 5.48829 
6 0.0001 0 67699.2 8.39862e+20 5.56828e-05 -0.00456975 -96.7101 32198.1 3.99443e+20 5.55625e-05 -0.25115 -106.243 311.406 3.61092 341.971 1.88593 99897.3 1.2393e+21 0.000111245 -0.127727 -101.472 321.31 5.49775 
7 0.00012 0 67834.6 8.41542e+20 5.57942e-05 -0.287503 -98.0575 32253.5 4.00131e+20 5.56582e-05 -0.169588 -109.443 312.166 3.62697 340.88 1.88316 100088 1.24167e+21 0.000111452 -0.228617 -103.743 321.489 5.51133 
8 0.00014 0 67568.1 8.38235e+20 5.5575e-05 -0.474552 -100.647 32110.7 3.98358e+20 5.54116e-05 0.335025 -112.208 312.162 3.61268 341.164 1.87638 99678.7 1.23659e+21 0.000110987 -0.0703595 -106.419 321.58 5.49034 
9 0.00016 0 67538.3 8.37866e+20 5.55505e-05 -0.336049 -102.137 32402 4.01973e+20 5.59144e-05 0.491516 -114.201 312.282 3.61247 341.377 1.89459 99940.3 1.23984e+21 0.000111465 0.0790842 -108.189 321.795 5.50842 
10 0.00018 0 67544 8.37936e+20 5.55552e-05 -0.352821 -103.618 32261.6 4.00231e+20 5.56721e-05 0.392607 -116.583 313.102 3.62227 342.139 1.89058 99805.6 1.23817e+21 0.000111227 0.020285 -110.107 322.582 5.51446 
11 0.0002 0 67157.3 8.33139e+20 5.52371e-05 -0.478165 -104.517 32189.6 3.99338e+20 5.55479e-05 -0.082276 -119.294 312.458 3.59412 339.959 1.87435 99346.9 1.23248e+21 0.000110785 -0.279665 -111.926 321.49 5.47053 
12 0.00022 0 67142.1 8.32951e+20 5.52246e-05 -0.686949 -107.279 31971.8 3.96635e+20 5.5172e-05 -0.971312 -119.831 311.53 3.58263 339.679 1.86013 99113.9 1.22959e+21 0.000110397 -0.829063 -113.552 320.695 5.44421 
13 0.00024 0 67286.1 8.34737e+20 5.53431e-05 -0.519905 -108.323 32053.9 3.97655e+20 5.53137e-05 -1.49022 -122.807 311.096 3.58531 342.207 1.87879 99340 1.23239e+21 0.000110657 -1.00493 -115.563 321.249 5.46606 
14 0.00026 0 67488.9 8.37253e+20 5.55099e-05 -0.557436 -110.341 32121.9 3.98497e+20 5.5431e-05 -1.12731 -124.74 313.119 3.61951 341.08 1.87657 99610.8 1.23575e+21 0.000110941 -0.842168 -117.536 322.248 5.498 
15 0.00028 0 67458.2 8.36872e+20 5.54846e-05 -0.155469 -111.733 32338.9 4.01189e+20 5.58054e-05 -0.526338 -126.902 313.432 3.62147 337.473 1.86927 99797 1.23806e+21 0.00011129 -0.341438 -119.339 321.347 5.49288 
16 0.0003 0 67427.6 8.36492e+20 5.54594e-05 -0.118161 -111.115 32220.6 3.99722e+20 5.56013e-05 0.708037 -127.181 312.691 3.61127 339.027 1.87101 99648.1 1.23621e+21 0.000111061 0.295466 -119.158 321.347 5.48468 
17 0.00032 0 67438.2 8.36624e+20 5.54682e-05 0.0264557 -113.359 31953.9 3.96413e+20 5.51411e-05 1.21941 -130.44 312.636 3.61121 340.727 1.86482 99392.1 1.23304e+21 0.000110609 0.621167 -121.874 321.826 5.47874 
18 0.00034 0 67141.8 8.32947e+20 5.52244e-05 0.0671322 -114.367 31948.1 3.96341e+20 5.51311e-05 0.948904 -131.162 312.926 3.59868 338.593 1.85281 99089.8 1.22929e+21 0.000110355 0.507645 -122.757 321.355 5.45409 
19 0.00036 0 67607.7 8.38727e+20 5.56076e-05 0.361747 -117.043 32042.8 3.97516e+20 5.52945e-05 1.31381 -130.355 311.736 3.60986 336.444 1.8465 99650.4 1.23624e+21 0.000110902 0.836435 -123.68 319.778 5.45802 
20 0.00038 0 67406.6 8.36233e+20 5.54422e-05 0.341211 -117.385 31897.4 3.95712e+20 5.50436e-05 0.633046 -133.889 311.077 3.59152 339.935 1.8572 99304 1.23194e+21 0.000110486 0.486602 -125.607 320.494 5.45123 
21 0.0004 0 67335.3 8.35347e+20 5.53835e-05 0.076314 -117.412 31761.3 3.94024e+20 5.48087e-05 0.314596 -134.713 312.093 3.59943 336.493 1.83055 99096.5 1.22937e+21 0.000110192 0.194834 -126.017 320.077 5.43276 
22 0.00042 0 67539.4 8.3788e+20 5.55514e-05 -0.221784 -117.676 31820.4 3.94757e+20 5.49107e-05 -1.4208 -134.764 311.78 3.60673 337.15 1.83754 99359.8 1.23264e+21 0.000110462 -0.817817 -126.17 320.066 5.44701 
23 0.00044 0 67543.6 8.37932e+20 5.55549e-05 -0.100979 -119.178 32056.8 3.9769e+20 5.53187e-05 -1.57298 -135.084 311.838 3.60762 336.381 1.84697 99600.4 1.23562e+21 0.000110874 -0.835414 -127.114 319.877 5.45697 
24 0.00046 0 67209.1 8.33782e+20 5.52798e-05 0.559197 -118.319 32192.2 3.99369e+20 5.55523e-05 -0.631043 -136.779 311.585 3.58684 333.98 1.84153 99401.3 1.23315e+21 0.000110832 -0.0373864 -127.572 319.024 5.43154 
25 0.00048 0 67275.8 8.3461e+20 5.53346e-05 0.172347 -118.597 32310.6 4.00839e+20 5.57567e-05 -0.60125 -137.326 311.057 3.58432 332.525 1.84025 99586.4 1.23545e+21 0.000111091 -0.215921 -127.997 318.213 5.42783 
26 0.0005 0 67269.3 8.34529e+20 5.53292e-05 -0.279355 -120.153 31948.5 3.96347e+20 5.51318e-05 -0.830184 -136.965 311.06 3.584 332.291 1.81835 99217.8 1.23088e+21 0.000110461 -0.554277 -128.544 318.049 5.40495 
27 0.00052 0 67292.3 8.34814e+20 5.53482e-05 -0.346951 -119.122 32208.1 3.99567e+20 5.55798e-05 -1.32784 -138.354 310.268 3.57611 331.92 1.83108 99500.4 1.23438e+21 0.000110928 -0.838419 -128.758 317.478 5.41061 
28 0.00054 0 67556.5 8.38091e+20 5.55655e-05 -0.19077 -118.348 32192.7 3.99376e+20 5.55532e-05 -1.2839 -136.951 309.873 3.58558 330.526 1.82251 99749.1 1.23747e+21 0.000111119 -0.737274 -127.648 316.727 5.4113 
29 0.00056 0 67466.7 8.36977e+20 5.54916e-05 -0.280426 -118.326 32069.8 3.97852e+20 5.53411e-05 0.234967 -137.648 308.85 3.56899 331.584 1.82137 99536.5 1.23483e+21 0.000110833 -0.0230792 -127.974 316.377 5.39381 
30 0.00058 0 67194.9 8.33605e+20 5.5268e-05 -0.159461 -118.974 32222 3.9974e+20 5.56038e-05 -0.515388 -135.675 309.764 3.56513 329.293 1.81737 99416.9 1.23335e+21 0.000110872 -0.337963 -127.35 316.247 5.38511 
31 0.0006 0 67787.9 8.40962e+20 5.57558e-05 0.1359 -118.176 31957.2 3.96454e+20 5.51468e-05 -0.398283 -137.596 309.113 3.58903 331.322 1.81353 99745 1.23742e+21 0.000110903 -0.129725 -127.833 316.433 5.40606 
32 0.00062 0 67670.3 8.39503e+20 5.56591e-05 -0.441077 -117.852 32002.4 3.97015e+20 5.52248e-05 -0.274244 -135.609 308.887 3.58019 329.824 1.80789 99672.7 1.23652e+21 0.000110884 -0.357987 -126.696 315.781 5.391 
33 0.00064 0 67660.3 8.39379e+20 5.56508e-05 -0.0155891 -116.76 32085.7 3.98048e+20 5.53685e-05 -0.631024 -136.855 307.566 3.56434 327.553 1.80012 99746 1.23743e+21 0.000111019 -0.322524 -126.782 314.214 5.3682 
34 0.00066 0 67545.7 8.37958e+20 5.55566e-05 -0.224507 -116.427 32016.2 3.97186e+20 5.52486e-05 0.243934 -135.886 307.831 3.56137 327.225 1.79442 99561.9 1.23514e+21 0.000110805 0.00906236 -126.13 314.272 5.35929 
35 0.00068 0 67754.4 8.40547e+20 5.57283e-05 -0.660582 -115.814 32284.3 4.00512e+20 5.57113e-05 0.131899 -134.546 306.567 3.55771 327.088 1.80869 100039 1.24106e+21 0.00011144 -0.264402 -125.179 313.382 5.36969 
36 0.0007 0 67609.6 8.38751e+20 5.56092e-05 -0.399209 -113.747 32361.3 4.01467e+20 5.58441e-05 -1.16124 -133.314 305.721 3.54031 324.04 1.79611 99970.9 1.24022e+21 0.000111453 -0.78103 -123.551 311.86 5.34001 
37 0.00072 0 67904 8.42403e+20 5.58513e-05 -0.942663 -111.502 32177.4 3.99186e+20 5.55267e-05 -0.84109 -132.359 305.24 3.55014 323.528 1.78308 100081 1.24159e+21 0.000111378 -0.892024 -121.9 311.356 5.33725 
38 0.00074 0 67904.8 8.42413e+20 5.5852e-05 -1.27109 -110.38 32403.1 4.01987e+20 5.59163e-05 -0.869448 -129.07 305.482 3.55299 322.453 1.78962 100308 1.2444e+21 0.000111768 -1.07016 -119.73 311.154 5.34587 
39 0.00076 0 67666.9 8.39461e+20 5.56563e-05 -0.46165 -108.952 32463.3 4.02733e+20 5.60201e-05 -0.25572 -128.117 305.171 3.53693 322.993 1.79595 100130 1.24219e+21 0.000111676 -0.35835 -118.566 311.15 5.33632 
40 0.00078 0 67897.4 8.42321e+20 5.58459e-05 -0.0378341 -107.12 32527 4.03523e+20 5.61301e-05 0.463543 -125.247 305.248 3.54988 322.403 1.79619 100424 1.24584e+21 0.000111976 0.213491 -116.206 310.984 5.34916 
41 0.0008 0 67847.7 8.41705e+20 5.5805e-05 0.260711 -104.546 32460.4 4.02697e+20 5.60152e-05 -0.23085 -122.777 304.939 3.54369 322.029 1.79043 100308 1.2444e+21 0.00011182 0.0144686 -113.679 310.65 5.33723 
42 0.00082 0 67748.6 8.40475e+20 5.57235e-05 0.198478 -102.903 32475.9 4.0289e+20 5.60419e-05 0.3514 -118.313 303.985 3.52744 321.047 1.78582 100224 1.24336e+21 0.000111765 0.275157 -110.63 309.643 5.31549 
43 0.00084 0 67930 8.42725e+20 5.58727e-05 0.00460256 -99.9046 32568.5 4.04038e+20 5.62017e-05 0.591562 -115.943 303.728 3.53389 319.128 1.78021 100499 1.24676e+21 0.000112074 0.298944 -107.947 308.859 5.31651 
44 0.00086 0 67841.2 8.41624e+20 5.57997e-05 0.24097 -96.6968 32311.6 4.00851e+20 5.57583e-05 0.194782 -112.789 303.951 3.53187 318.048 1.76019 100153 1.24247e+21 0.000111558 0.217884 -104.74 308.639 5.29447 
45 0.00088 0 68210.5 8.46205e+20 5.61034e-05 -0.22042 -92.8254 32963.9 4.08944e+20 5.68841e-05 0.679298 -109.214 304.091 3.55274 317.543 1.79287 101174 1.25515e+21 0.000112987 0.232547 -101.076 308.621 5.34815 
46 0.0009 0 68511.6 8.49941e+20 5.63511e-05 -0.532983 -88.6335 32663.2 4.05213e+20 5.63651e-05 -0.309378 -103.317 303.063 3.55635 317.301 1.77516 101175 1.25515e+21 0.000112716 -0.421166 -95.9761 307.776 5.33354 
47 0.00092 0 68532.6 8.50201e+20 5.63683e-05 -0.884744 -84.5079 32495.7 4.03135e+20 5.60761e-05 0.0486753 -98.4402 302.828 3.55469 317.267 1.76587 101028 1.25334e+21 0.000112444 -0.419247 -91.456 307.578 5.32239 
48 0.00094 0 68153.8 8.45502e+20 5.60568e-05 -1.11788 -78.9999 32573.5 4.041e+20 5.62103e-05 0.465541 -91.7371 300.874 3.51223 316.482 1.76572 100727 1.2496e+21 0.000112267 -0.325088 -85.3772 306.014 5.27954 
49 0.00096 0 68706.7 8.52361e+20 5.65115e-05 -0.923483 -72.3896 32899 4.08138e+20 5.6772e-05 0.0599583 -84.4576 300.805 3.53991 317.289 1.78791 101606 1.2605e+21 0.000113284 -0.430631 -78.4374 306.222 5.3292 
50 0.00098 0 68583.8 8.50836e+20 5.64104e-05 -0.174151 -62.8661 33108.5 4.10737e+20 5.71335e-05 -0.177683 -73.2711 300.426 3.52913 316.093 1.79251 101692 1.26157e+21 0.000113544 -0.175928 -68.1018 305.586 5.32266 
