1 0 0 68375.7 8.48255e+20 5.62393e-05 0.065666 16.8464 32807.9 4.07008e+20 5.66148e-05 0.22088 31.4727 291.506 3.41395 300.913 1.69093 101184 1.25526e+21 0.000112854 0.143531 24.1839 294.673 5.10691 
2 2e-05 0 68214.7 8.46258e+20 5.61069e-05 -0.365124 17.5865 32814.3 4.07088e+20 5.66259e-05 -0.368845 32.7431 293.068 3.42416 302.996 1.70297 101029 1.25335e+21 0.000112733 -0.366993 25.1997 296.417 5.1293 
3 4e-05 0 68232.7 8.4648e+20 5.61217e-05 -0.232087 17.7233 32544.1 4.03735e+20 5.61596e-05 -0.673599 33.729 292.682 3.42055 304.58 1.69778 100777 1.25022e+21 0.000112281 -0.452918 25.7288 296.663 5.12073 
4 6e-05 0 67920.9 8.42613e+20 5.58652e-05 -0.813779 16.7903 32627.1 4.04764e+20 5.63027e-05 -1.03682 34.4879 294.019 3.42048 305.265 1.70594 100548 1.24738e+21 0.000112168 -0.925732 25.6736 297.839 5.12935 
5 8e-05 0 67843.3 8.4165e+20 5.58014e-05 -0.679076 15.6753 32595 4.04367e+20 5.62475e-05 -0.890453 34.4243 295.011 3.42809 305.965 1.70817 100438 1.24602e+21 0.000112049 -0.785186 25.0871 298.757 5.13955 
6 0.0001 0 67787.2 8.40954e+20 5.57553e-05 -0.548093 15.1973 32447.5 4.02537e+20 5.59929e-05 0.36942 34.7892 294.973 3.42482 307.029 1.70635 100235 1.24349e+21 0.000111748 -0.0883608 25.0141 299.085 5.13476 
7 0.00012 0 68133.4 8.45249e+20 5.604e-05 -0.28225 15.4485 32253.7 4.00132e+20 5.56584e-05 -0.112346 36.5566 295.456 3.44795 307.335 1.69785 100387 1.24538e+21 0.000111698 -0.197588 25.9665 299.514 5.14995 
8 0.00014 0 67916.2 8.42554e+20 5.58613e-05 -0.121789 14.8619 32419.7 4.02192e+20 5.59449e-05 0.329892 35.7431 296.66 3.45097 307.806 1.7092 100336 1.24475e+21 0.000111806 0.10422 25.3103 300.498 5.16423 
9 0.00016 0 68059.6 8.44333e+20 5.59793e-05 -0.265044 16.2073 32222.2 3.99742e+20 5.56041e-05 0.500863 35.9658 297.289 3.46558 307.947 1.69957 100282 1.24407e+21 0.000111583 0.116622 26.0533 300.926 5.1688 
10 0.00018 0 68431.7 8.4895e+20 5.62854e-05 0.0597985 15.6492 32151.7 3.98867e+20 5.54824e-05 -0.0410679 35.4046 297.016 3.48133 310.551 1.71019 100583 1.24782e+21 0.000111768 0.00972762 25.456 301.554 5.19516 
11 0.0002 0 68137.6 8.45301e+20 5.60435e-05 -0.0668865 14.5411 32518.2 4.03414e+20 5.61149e-05 -0.980427 35.8625 297.643 3.47368 309.253 1.72245 100656 1.24872e+21 0.000112158 -0.523948 25.2086 301.641 5.2004 
12 0.00022 0 67568.7 8.38244e+20 5.55755e-05 0.13034 13.1162 32470.1 4.02817e+20 5.60319e-05 -1.11879 36.8236 299.011 3.46051 312.838 1.73985 100039 1.24106e+21 0.000111607 -0.49678 25.0184 303.805 5.2056 
13 0.00024 0 68005.8 8.43666e+20 5.59351e-05 -0.050136 12.4953 32299.2 4.00697e+20 5.5737e-05 -0.11317 34.7082 298.441 3.47626 312.288 1.72765 100305 1.24436e+21 0.000111672 -0.081597 23.582 303.167 5.2085 
14 0.00026 0 67895.3 8.42296e+20 5.58442e-05 -0.084748 12.7735 32391.7 4.01845e+20 5.58966e-05 -0.523923 34.7441 300.805 3.4981 311.911 1.7305 100287 1.24414e+21 0.000111741 -0.304439 23.764 304.654 5.2331 
15 0.00028 0 67931.6 8.42745e+20 5.5874e-05 0.0426583 9.03602 32087.6 3.98072e+20 5.53718e-05 -0.766883 34.8014 299.506 3.48485 314.699 1.72958 100019 1.24082e+21 0.000111246 -0.360285 21.8606 304.74 5.2206 
16 0.0003 0 67430.7 8.36532e+20 5.54621e-05 -0.0815398 7.21387 32172.3 3.99123e+20 5.5518e-05 -0.431665 32.8906 301.188 3.47859 316.22 1.74253 99603 1.23565e+21 0.00011098 -0.256691 20.0587 306.402 5.22723 
17 0.00032 0 67333.6 8.35327e+20 5.53822e-05 -0.534966 7.54364 32058.7 3.97713e+20 5.53219e-05 -0.275763 31.8457 302.263 3.48598 315.902 1.73463 99392.3 1.23304e+21 0.000110704 -0.405435 19.6881 306.983 5.22607 
18 0.00034 0 67568.7 8.38243e+20 5.55755e-05 -0.318408 6.22001 32169.6 3.99089e+20 5.55133e-05 -0.545043 31.1481 303.065 3.50743 315.186 1.73668 99738.3 1.23733e+21 0.000111089 -0.431662 18.6771 307.311 5.24987 
19 0.00036 0 67562.4 8.38165e+20 5.55704e-05 -0.0696963 4.74061 32080 3.97977e+20 5.53586e-05 -0.592963 28.4797 303.237 3.5091 314.407 1.72756 99642.4 1.23614e+21 0.000110929 -0.33083 16.5875 307.14 5.2419 
20 0.00038 0 67571.3 8.38276e+20 5.55777e-05 0.0751594 2.23971 32307.1 4.00796e+20 5.57507e-05 -0.849829 27.6837 304.224 3.52098 316.565 1.75174 99878.5 1.23907e+21 0.000111328 -0.388054 14.9815 308.567 5.27873 
21 0.0004 0 67764.9 8.40678e+20 5.57369e-05 -0.0361669 2.15396 32191 3.99355e+20 5.55503e-05 -1.20459 26.6886 303.896 3.52727 318.334 1.7552 99956 1.24003e+21 0.000111287 -0.619397 14.4007 308.873 5.28806 
22 0.00042 0 67592.5 8.38539e+20 5.55951e-05 0.109847 -0.559587 32236.8 3.99922e+20 5.56292e-05 -0.146773 24.4126 304.513 3.52543 318.349 1.75777 99829.3 1.23846e+21 0.000111224 -0.0185026 11.9303 309.319 5.28899 
23 0.00044 0 67538.1 8.37863e+20 5.55503e-05 -0.22547 -3.95895 32178.7 3.99202e+20 5.55291e-05 -0.498437 24.1104 305.633 3.53554 320.76 1.76789 99716.8 1.23707e+21 0.000111079 -0.361927 10.073 310.942 5.31074 
24 0.00046 0 67217.3 8.33883e+20 5.52865e-05 -0.467916 -6.77654 32083.2 3.98017e+20 5.53642e-05 -0.109499 22.3642 306.615 3.53005 321.668 1.76764 99300.4 1.2319e+21 0.000110651 -0.288582 7.80408 311.939 5.30553 
25 0.00048 0 67446.8 8.36731e+20 5.54752e-05 -0.21274 -7.32088 31964.2 3.96541e+20 5.51589e-05 -0.76847 18.4912 306.561 3.54148 322.628 1.76634 99410.9 1.23327e+21 0.000110634 -0.48981 5.54825 312.088 5.31396 
26 0.0005 0 67348.8 8.35515e+20 5.53947e-05 -0.41646 -8.64572 31856.1 3.95201e+20 5.49724e-05 -0.67273 18.2456 307.982 3.55274 324.466 1.77039 99204.9 1.23072e+21 0.000110367 -0.544104 4.7485 313.667 5.32978 
27 0.00052 0 67468.8 8.37003e+20 5.54933e-05 -0.234886 -11.7932 31788.3 3.94359e+20 5.48553e-05 -0.536892 13.8783 308.865 3.56927 327.57 1.78352 99257 1.23136e+21 0.000110349 -0.385016 0.968336 315.212 5.35886 
28 0.00054 0 67359.4 8.35647e+20 5.54034e-05 -0.533235 -14.5583 31921.5 3.96011e+20 5.50851e-05 -0.208005 10.6259 309.722 3.57337 327.886 1.79272 99280.9 1.23166e+21 0.000110489 -0.371088 -2.00249 315.906 5.37193 
29 0.00056 0 67832.5 8.41516e+20 5.57925e-05 -0.238437 -16.9662 32064.7 3.97788e+20 5.53324e-05 -0.779345 9.22513 309.526 3.59619 329.343 1.80877 99897.2 1.2393e+21 0.000111125 -0.507771 -3.92474 316.258 5.41132 
30 0.00058 0 67406.1 8.36226e+20 5.54418e-05 -0.0226044 -19.791 32253.7 4.00133e+20 5.56585e-05 -0.503332 6.5434 309.691 3.57548 330.171 1.82401 99659.8 1.23636e+21 0.0001111 -0.263437 -6.59811 316.696 5.40594 
31 0.0006 0 67473.9 8.37067e+20 5.54976e-05 -0.923713 -22.7203 32341.8 4.01225e+20 5.58104e-05 -0.726684 2.49101 311.114 3.59553 331.578 1.83678 99815.7 1.23829e+21 0.000111308 -0.824922 -10.0792 318.089 5.43821 
32 0.00062 0 67328.6 8.35264e+20 5.5378e-05 -0.937444 -26.6166 32019 3.97221e+20 5.52534e-05 -0.761632 -0.690616 310.514 3.58086 333.445 1.82869 99347.5 1.23248e+21 0.000110631 -0.849637 -13.6682 318.269 5.41575 
33 0.00064 0 67478.5 8.37124e+20 5.55013e-05 -0.948065 -29.601 32374.6 4.01632e+20 5.58671e-05 -1.6795 -3.21687 312.352 3.61008 336.293 1.86479 99853 1.23876e+21 0.000111368 -1.31498 -16.3656 320.492 5.48134 
34 0.00066 0 68056.5 8.44295e+20 5.59767e-05 -0.425445 -32.028 32350 4.01328e+20 5.58247e-05 -1.63149 -7.30928 312.608 3.644 338.023 1.87296 100407 1.24562e+21 0.000111801 -1.02765 -19.6855 321.129 5.52267 
35 0.00068 0 67704.3 8.39926e+20 5.56871e-05 -0.432649 -37.3856 32189.9 3.99341e+20 5.55483e-05 -0.888239 -12.1002 313.541 3.63596 339.018 1.86917 99894.2 1.23927e+21 0.000111235 -0.66016 -24.7587 322.097 5.51106 
36 0.0007 0 67463.5 8.36938e+20 5.5489e-05 -0.994924 -39.6508 32096.4 3.98182e+20 5.53871e-05 -0.251324 -14.2323 314.313 3.63194 340.494 1.87186 99559.9 1.23512e+21 0.000110876 -0.623465 -26.9532 323.105 5.5098 
37 0.00072 0 67530.1 8.37765e+20 5.55438e-05 -1.142 -45.5262 32257.1 4.00175e+20 5.56644e-05 -1.1979 -20.6292 315.077 3.64437 343.209 1.89624 99787.2 1.23794e+21 0.000111208 -1.16998 -33.0642 324.508 5.54637 
38 0.00074 0 67472 8.37043e+20 5.5496e-05 -0.254699 -48.6982 31942.2 3.96268e+20 5.51209e-05 -0.863147 -24.8659 317.184 3.66558 347.091 1.89896 99414.2 1.23331e+21 0.000110617 -0.557892 -36.8225 327.101 5.56978 
39 0.00076 0 67319.4 8.35151e+20 5.53705e-05 -0.323235 -51.9277 32132.9 3.98634e+20 5.545e-05 -0.882478 -30.746 317.316 3.65881 347.672 1.9135 99452.3 1.23378e+21 0.00011082 -0.603057 -41.3293 327.367 5.57645 
40 0.00078 0 67424.3 8.36452e+20 5.54567e-05 -0.549453 -58.4834 32081.1 3.97992e+20 5.53607e-05 -1.17005 -35.0659 318.547 3.67873 350.717 1.92714 99505.4 1.23444e+21 0.000110817 -0.859482 -46.7848 329.216 5.61094 
41 0.0008 0 67432.5 8.36554e+20 5.54635e-05 -0.221034 -63.9692 32212.8 3.99625e+20 5.55878e-05 -1.13294 -42.5642 318.851 3.68268 352.811 1.9466 99645.3 1.23618e+21 0.000111051 -0.677498 -53.2547 330.078 5.63353 
42 0.00082 0 67396.2 8.36104e+20 5.54337e-05 -0.349002 -69.5249 32297 4.0067e+20 5.57332e-05 -0.264801 -47.7127 319.644 3.68987 354.695 1.96212 99693.3 1.23677e+21 0.000111167 -0.306788 -58.5894 331.258 5.6564 
43 0.00084 0 67487.1 8.37231e+20 5.55084e-05 -0.535144 -74.1922 32306.4 4.00786e+20 5.57493e-05 -0.401962 -51.9258 321.736 3.71902 359.334 1.98836 99793.4 1.23802e+21 0.000111258 -0.468409 -63.0349 334.178 5.71198 
44 0.00086 0 67782.9 8.409e+20 5.57517e-05 -0.160046 -82.001 32499.9 4.03187e+20 5.60833e-05 -0.279255 -62.399 321.761 3.73561 359.753 2.0026 100283 1.24409e+21 0.000111835 -0.219827 -72.1709 334.283 5.74181 
45 0.00088 0 68101.4 8.44852e+20 5.60137e-05 0.530029 -87.9742 32564.1 4.03983e+20 5.61941e-05 0.160437 -68.1808 322.386 3.76045 361.666 2.01722 100665 1.24883e+21 0.000112208 0.344936 -78.0616 335.305 5.78134 
46 0.0009 0 67684.6 8.39681e+20 5.56708e-05 0.373356 -95.2994 32158.5 3.98952e+20 5.54942e-05 0.479778 -78.3255 323.285 3.74786 363.987 2.00488 99843.1 1.23863e+21 0.000111165 0.426482 -86.8259 336.551 5.75542 
47 0.00092 0 67654.5 8.39308e+20 5.56461e-05 -0.0458263 -103.961 32590 4.04305e+20 5.62388e-05 0.0965869 -88.0044 324.326 3.75825 367.686 2.05244 100245 1.24361e+21 0.000111885 0.0257575 -95.9402 338.561 5.81306 
48 0.00094 0 67718.6 8.40103e+20 5.56988e-05 0.258815 -113.669 32600 4.04429e+20 5.6256e-05 0.0645486 -99.7141 324.375 3.76239 370.982 2.07147 100319 1.24453e+21 0.000111955 0.161198 -106.657 339.627 5.83568 
49 0.00096 0 67928.3 8.42704e+20 5.58713e-05 0.797358 -123.894 32572.5 4.04087e+20 5.62086e-05 0.404753 -109.539 327.047 3.80512 377.034 2.10348 100501 1.24679e+21 0.00011208 0.600465 -116.695 343.359 5.91053 
50 0.00098 0 68497.4 8.49764e+20 5.63394e-05 0.735051 -135.604 32607 4.04516e+20 5.62682e-05 0.337745 -126.822 327.418 3.84135 380.755 2.1265 101104 1.25428e+21 0.000112608 0.536523 -131.216 344.662 5.96858 
