2.000000000000000164e-05	5.988854222700517124e-06	4.199037762237886159e-06	5.276272189349198236e-06	3.174201183432013258e-06
2.199999999999999943e-05	6.537698179682747051e-06	4.381692936368801228e-06	5.420820668692894820e-06	3.309006168608513900e-06
2.400000000000000061e-05	6.904520930232318302e-06	4.367250509164814434e-06	5.597708905452968028e-06	3.079987240829277053e-06
2.599999999999999840e-05	6.824590867300201039e-06	4.136522457977507948e-06	5.536639503298548093e-06	3.438418803418896015e-06
2.799999999999999958e-05	6.770665855883466955e-06	4.444572105419143779e-06	5.610869052300555140e-06	3.845081640780644342e-06
3.000000000000000076e-05	6.849400184558337697e-06	4.950329815303276026e-06	5.862267871815737406e-06	3.758038147138827273e-06
3.199999999999999855e-05	7.128860435339091212e-06	4.988128946493667227e-06	6.169027237353875279e-06	3.755254764682872545e-06
3.399999999999999973e-05	7.647266483516673263e-06	4.396543643819671441e-06	6.169096411586808911e-06	3.653959121877470572e-06
3.600000000000000091e-05	7.660832473340371660e-06	4.462694023193715253e-06	6.064496387590490217e-06	3.587499070977444864e-06
3.800000000000000209e-05	7.119833759590981835e-06	4.898355091383931464e-06	6.048817295464395300e-06	3.492575976845251126e-06
4.000000000000000327e-05	7.458580040187308268e-06	4.883618613732340235e-06	6.433976555455224638e-06	3.872346570396970800e-06
4.199999999999999768e-05	8.017408207343196903e-06	4.695531914893458526e-06	6.140344234078939710e-06	4.184360641525622872e-06
4.399999999999999886e-05	7.315663600525776425e-06	4.722152297042252058e-06	5.629333333333414340e-06	3.911247974068160413e-06
4.600000000000000004e-05	8.046517341040614456e-06	4.899405811296230352e-06	6.098581196581391891e-06	4.361771351107212611e-06
4.800000000000000122e-05	8.240059193488505698e-06	4.856194174757175904e-06	6.393655913978346701e-06	4.828674337168451568e-06
5.000000000000000240e-05	7.461534338358307951e-06	5.319220134703850727e-06	6.292786596119719845e-06	4.165558912386582035e-06
5.199999999999999680e-05	7.654391752577497404e-06	5.199182259182341883e-06	6.984963289280641669e-06	3.918798213560826279e-06
5.399999999999999798e-05	7.831518987341920787e-06	4.847948303715789621e-06	7.121996007984137276e-06	3.910583468395551729e-06
5.599999999999999916e-05	7.609935087119693049e-06	5.681544869367512951e-06	6.490441109595103838e-06	3.843823178016596292e-06
5.800000000000000034e-05	7.726021505376125609e-06	5.687369219105217802e-06	5.991570109151817356e-06	4.329690444145242311e-06
6.000000000000000152e-05	8.082888243831815958e-06	5.004442961974811452e-06	6.304098939929434839e-06	4.388722146430320355e-06
6.200000000000000270e-05	8.156294397656751286e-06	5.260308555399853832e-06	6.556123105190767979e-06	4.161655886157935821e-06
6.399999999999999710e-05	8.535325670498317518e-06	5.394793239841875508e-06	6.304187279152148130e-06	4.488613953488484539e-06
6.600000000000000506e-05	8.463541033434358949e-06	5.521383879278468701e-06	6.394587813619923392e-06	4.615456719272949929e-06
6.799999999999999946e-05	8.196791758645851595e-06	5.743292496171372150e-06	7.360639504899103908e-06	4.478292343387290393e-06
6.999999999999999387e-05	8.039841212558816093e-06	5.257623554153661054e-06	7.620523224773257751e-06	4.604255725190913094e-06
7.200000000000000182e-05	8.162872847196974641e-06	5.145852487135644974e-06	6.799733206288954971e-06	4.578026565465028453e-06
7.399999999999999623e-05	8.074838709677613531e-06	5.680272624006214963e-06	6.787028055159455017e-06	4.152203098106842875e-06
7.600000000000000418e-05	8.242471328153689504e-06	6.065329559239542133e-06	6.973385442110110404e-06	4.362495479204216639e-06
7.799999999999999859e-05	8.644594489716473000e-06	5.900896931549763873e-06	6.976070381231489052e-06	4.654799807042792666e-06
8.000000000000000654e-05	9.001648484848621598e-06	5.714438095238250563e-06	6.720527306968186633e-06	4.487925581395461251e-06
8.200000000000000095e-05	8.765413060582525218e-06	5.442104499274428797e-06	7.169141135108109707e-06	4.402208029197173363e-06
8.399999999999999535e-05	8.173074101246986876e-06	5.260652402665574996e-06	7.423047321892674408e-06	4.713805569125431877e-06
8.600000000000000331e-05	8.592657153875456639e-06	5.418251445086514479e-06	7.052332015810037934e-06	4.521705716963313028e-06
8.799999999999999771e-05	8.958761560112823088e-06	5.772979214780774453e-06	6.966656905807808960e-06	4.257864077669983107e-06
9.000000000000000567e-05	8.941123595505894635e-06	6.235925155925378164e-06	7.069717682021029103e-06	5.099957716702037650e-06
9.200000000000000007e-05	9.072019543973683833e-06	6.478444924405840169e-06	7.997333333333110284e-06	4.880566514921425086e-06
9.399999999999999448e-05	8.944841429144705983e-06	5.793078408651802956e-06	7.699546925566058147e-06	4.359909624943397915e-06
9.600000000000000243e-05	9.146699507389358214e-06	5.635776024051212202e-06	6.593404157044043163e-06	5.278271334792242115e-06
9.799999999999999684e-05	8.934210104250367866e-06	5.457088791848768854e-06	8.046674182638361423e-06	5.035615866388403009e-06
1.000000000000000048e-04	8.677040498442632573e-06	5.734791586998270149e-06	8.124917472965522460e-06	4.694793187348111365e-06
1.019999999999999992e-04	9.169234567901015151e-06	6.414080410607103252e-06	6.946822384427993059e-06	4.548835454973942664e-06
1.039999999999999936e-04	9.159030004109824485e-06	6.041998388396258531e-06	8.033517163758917737e-06	4.423402109124056232e-06
1.060000000000000016e-04	9.319146800502086189e-06	6.061196443007449231e-06	7.984496644295542141e-06	4.594000000000093573e-06
1.079999999999999960e-04	9.261064006650245408e-06	6.113379535263084808e-06	7.112944693572689493e-06	4.998528497409504021e-06
1.100000000000000039e-04	9.004040404040052086e-06	6.332567567567411200e-06	7.351225540679477890e-06	5.126014877789476420e-06
1.119999999999999983e-04	9.612338222605415331e-06	6.090901705929911876e-06	7.149263895843551956e-06	4.595788470700171837e-06
1.140000000000000063e-04	1.031192966219380847e-05	5.607808526552074608e-06	7.362846828262196593e-06	4.488785481619465126e-06
1.160000000000000007e-04	1.000172351885125569e-05	6.019365716579868656e-06	7.797094483888716984e-06	4.642463907603602944e-06
1.179999999999999951e-04	9.327618250314127448e-06	6.178376596621512351e-06	7.684090419806414242e-06	5.161348314606827701e-06
1.200000000000000030e-04	9.363008403361082588e-06	6.383295019156906264e-06	8.061998870694310774e-06	5.566162723600490189e-06
1.219999999999999974e-04	9.047535525781241566e-06	6.132220858895557331e-06	7.712890329551352648e-06	5.490267501422744332e-06
1.240000000000000054e-04	9.030226904376218718e-06	5.632456799399057928e-06	7.578174097664741380e-06	4.995629207664559857e-06
1.259999999999999998e-04	9.309139515455537527e-06	6.304676198486275915e-06	7.306980552712586218e-06	5.197068965517342889e-06
1.279999999999999942e-04	8.854270957488824062e-06	6.518452173912836794e-06	7.199536056479876127e-06	5.677645673925664335e-06
1.299999999999999886e-04	8.733244514106372930e-06	6.143934426229329830e-06	7.721709031908878583e-06	5.180365198710922961e-06
1.320000000000000101e-04	9.519658265698588946e-06	6.072806804374385408e-06	7.420706860707002154e-06	5.305522552255381205e-06
1.340000000000000045e-04	1.043861358313843751e-05	5.828693623639310865e-06	7.558327157226216515e-06	5.228314363143761920e-06
1.359999999999999989e-04	1.009765292251962932e-05	6.513171155517102003e-06	8.310756693830272324e-06	5.108580508474686275e-06
1.379999999999999933e-04	9.160345252774024241e-06	7.787948051947858174e-06	8.616704888352225061e-06	5.870797321971863260e-06
1.399999999999999877e-04	9.439881406183522102e-06	6.934542090656685434e-06	7.999081232492774010e-06	5.430878378378217240e-06
1.420000000000000092e-04	9.685510647544773511e-06	6.296144477110534449e-06	7.311029185868088766e-06	4.798507462686671880e-06
1.440000000000000036e-04	9.761944809461436335e-06	6.096185441236362203e-06	7.697315363881541826e-06	4.876177957532959463e-06
1.459999999999999981e-04	9.883370288248029780e-06	6.267558528427899282e-06	8.690273889226722854e-06	5.218917748917565936e-06
1.479999999999999925e-04	9.392313527180457295e-06	6.645443262411147631e-06	9.043141228625460059e-06	5.552538860103455468e-06
1.499999999999999869e-04	9.703143230300731228e-06	6.489367965368177075e-06	8.539641148325600442e-06	5.319602868174471518e-06
1.520000000000000084e-04	9.959106344951220758e-06	6.450240963855623694e-06	8.571260504201941421e-06	5.168252947481409293e-06
1.540000000000000028e-04	9.252154420921271521e-06	6.704364937387958769e-06	8.103904653802187076e-06	5.293391877057970167e-06
1.559999999999999972e-04	9.627231101511570603e-06	6.994661689220461044e-06	7.777559912853788176e-06	5.258276990185210404e-06
1.579999999999999916e-04	1.044000000000026427e-05	6.907870967742142101e-06	8.216363636363839220e-06	5.001950207469045377e-06
1.600000000000000131e-04	9.444118644068000867e-06	6.469123867069642943e-06	7.519368088467809333e-06	5.159785981808589505e-06
1.620000000000000075e-04	9.823728514764429822e-06	6.411137724550992771e-06	7.398569948186722933e-06	5.091531151003267328e-06
1.640000000000000019e-04	1.043518726591731246e-05	6.513672316383981155e-06	7.690317716747185740e-06	5.669229864785261150e-06
1.659999999999999963e-04	9.968586762074785164e-06	6.522924281984214312e-06	7.410607161390529485e-06	6.348334430546244367e-06
1.679999999999999907e-04	9.264937655860549815e-06	7.427215064420447911e-06	8.874928527035651801e-06	5.658990610328750402e-06
1.700000000000000122e-04	8.998611223254090685e-06	6.834546283629880621e-06	9.043774540848875345e-06	5.858371810449714901e-06
1.720000000000000066e-04	9.734165938864898369e-06	6.192942148760458168e-06	7.748714053174345716e-06	5.746650774731972752e-06
1.740000000000000010e-04	1.014163785259299432e-05	6.313984835720089144e-06	8.109142532651664499e-06	5.548515535097648955e-06
1.759999999999999954e-04	1.059444866920120674e-05	6.364399150742956408e-06	8.515563506260929148e-06	6.445962566844748223e-06
1.779999999999999898e-04	9.607844827586468485e-06	6.320961619570006507e-06	8.395390946502277933e-06	6.572978868439109082e-06
1.800000000000000113e-04	1.048553151458153258e-05	6.401964972234201497e-06	8.712385600976419001e-06	5.257775354416684348e-06
1.820000000000000057e-04	1.133820956256323613e-05	6.724001794526409656e-06	9.050063371355880233e-06	4.816723276723161287e-06
1.840000000000000001e-04	1.018371859296461817e-05	6.069825840421038506e-06	8.400117647058577842e-06	4.743177570093305251e-06
1.859999999999999945e-04	1.074798457087780310e-05	6.443370593293421060e-06	8.307457824316625129e-06	5.006728971962724962e-06
1.879999999999999890e-04	9.692208695652317036e-06	7.039567872240678311e-06	8.341682242990824269e-06	5.548032220943749349e-06
1.900000000000000105e-04	9.441507835662554980e-06	6.964089219330609577e-06	9.177686375321076779e-06	5.324704583103078222e-06
1.920000000000000049e-04	9.978281110116094457e-06	6.596144366196990686e-06	8.707829268292438714e-06	4.764110671936639829e-06
1.939999999999999993e-04	1.064072553699317739e-05	6.546911314984885138e-06	7.644775160599764284e-06	5.491343963553685710e-06
1.959999999999999937e-04	1.045188935771238359e-05	6.625251989390069815e-06	8.365834797891236559e-06	6.310497382199068843e-06
1.979999999999999881e-04	9.066140707604912678e-06	7.353110893032523922e-06	8.734605504587416333e-06	5.303894389439048545e-06
2.000000000000000096e-04	9.824451300131977548e-06	7.866582677165113766e-06	8.495538370017641447e-06	5.203734484619386050e-06
2.020000000000000040e-04	1.114132933533195365e-05	7.006133707339706075e-06	8.864903786467704912e-06	5.681979964643356818e-06
2.039999999999999984e-04	1.077388110198184357e-05	6.666120996441440476e-06	8.707609756097693066e-06	6.285554106910211200e-06
2.059999999999999928e-04	1.015196721311501260e-05	6.371445578231427666e-06	7.380733850129369975e-06	5.420191118606057550e-06
2.079999999999999872e-04	1.032112962962991296e-05	6.566730937774062803e-06	7.727467532467754976e-06	4.799502239920456866e-06
2.100000000000000087e-04	1.057582542694470531e-05	7.466646736422319542e-06	8.734923547400400074e-06	5.398902575587761894e-06
2.120000000000000031e-04	1.052039641340223362e-05	7.310029268292462024e-06	1.014993603411478489e-05	5.516292906178343970e-06
2.139999999999999975e-04	1.062058122915694334e-05	7.837196652719846118e-06	9.521013333333542902e-06	5.722136498516464649e-06
2.159999999999999919e-04	1.059623574144512961e-05	7.125649072753377507e-06	7.715656401945145845e-06	6.176579115951450109e-06
2.180000000000000134e-04	1.036435146443485607e-05	6.447900172116842175e-06	8.655054545454330802e-06	6.208242112041007825e-06
2.200000000000000078e-04	1.048581373471275588e-05	6.820373236231034019e-06	8.476320474777201857e-06	5.678492343933856998e-06
2.220000000000000022e-04	1.115893893893922529e-05	6.689232142857300012e-06	8.147062179121702984e-06	5.112046659597177170e-06
2.239999999999999966e-04	1.057622390891862456e-05	7.440258192651636535e-06	8.756713672593712490e-06	5.468542257515748732e-06
2.259999999999999910e-04	9.993168982518728716e-06	6.689089285714080146e-06	8.848426270136019580e-06	6.090890713834288570e-06
2.280000000000000126e-04	1.042238429172484699e-05	6.368176795579906780e-06	9.096917197451954450e-06	5.671294117646891730e-06
2.300000000000000070e-04	1.012056286881550269e-05	7.057710786622906493e-06	7.983275572945952188e-06	5.674726309594011180e-06
2.320000000000000014e-04	1.008745701357490265e-05	7.305899561189847403e-06	7.711857451404075098e-06	5.582628836132132608e-06
2.339999999999999958e-04	1.008868778280567107e-05	7.031365556077105538e-06	8.222751871042215989e-06	6.501119352663722525e-06
2.359999999999999902e-04	1.035082636954468825e-05	6.917710064635075595e-06	8.298314933178118838e-06	6.936172661870328480e-06
2.380000000000000117e-04	1.038931966449181525e-05	6.866397800183129035e-06	8.246235565819634900e-06	5.786770708283115108e-06
2.400000000000000061e-04	1.011129251700707350e-05	6.822695810564780991e-06	8.588262176789162401e-06	5.615096097845230842e-06
2.420000000000000005e-04	1.005238954012648685e-05	6.845006852444215818e-06	9.087128586880627897e-06	5.480773166572037314e-06
2.439999999999999949e-04	1.090763209393374607e-05	6.605679012345869616e-06	8.655581141679997908e-06	5.379843750000136612e-06
2.460000000000000164e-04	1.077124637681123478e-05	6.894726184997498543e-06	9.215951474478731469e-06	5.863074677693850608e-06
2.480000000000000108e-04	1.001260889088431206e-05	7.424142715559722589e-06	9.214658064515785863e-06	5.611618160651718586e-06
2.500000000000000052e-04	1.065274725274756796e-05	6.965169688517093265e-06	7.908327796234962474e-06	6.024671916010601759e-06
2.519999999999999996e-04	1.131839593908590239e-05	6.468618307426397037e-06	8.234949553185158224e-06	5.942085798816433647e-06
2.539999999999999940e-04	1.099999999999966429e-05	6.907570308897935411e-06	8.872833447225887468e-06	5.034076549527311215e-06
2.559999999999999884e-04	1.033238183503270206e-05	7.144701955174239724e-06	9.002256539552709515e-06	5.984084419615249511e-06
2.579999999999999828e-04	1.066786602870832365e-05	6.281693920335577832e-06	9.324854736567477761e-06	5.968945022288427197e-06
2.599999999999999772e-04	1.061771428571449944e-05	6.964816364481818881e-06	8.681903835633307352e-06	5.335303558581117931e-06
2.620000000000000258e-04	1.003438343834357549e-05	8.059429800968014631e-06	8.937947434292565520e-06	5.361935483870801891e-06
2.640000000000000202e-04	9.492277564920971385e-06	7.513319959879388551e-06	9.407047355594770269e-06	6.098273135555529287e-06
2.660000000000000146e-04	1.027051128512230090e-05	6.643334811530087359e-06	9.189165540758175780e-06	6.763853223882822616e-06
2.680000000000000090e-04	1.183513800424659309e-05	6.742232223222514821e-06	9.705102942175890973e-06	5.439882631757265659e-06
2.700000000000000035e-04	1.121668008048315380e-05	7.082874704491927214e-06	9.153547394731934174e-06	5.710068704098712956e-06
2.719999999999999979e-04	1.011667876587992917e-05	6.738929374718628694e-06	8.531382152669680994e-06	6.339839537024721092e-06
2.739999999999999923e-04	1.067957854406097990e-05	7.339813816756258699e-06	8.806313582834741021e-06	5.571426920187062103e-06
2.759999999999999867e-04	1.176099156118169441e-05	7.662813299232958407e-06	8.484762074496771187e-06	5.867827145465726310e-06
2.779999999999999811e-04	1.164950888192234047e-05	7.592843385706808024e-06	8.862368927219426101e-06	6.442852369177105360e-06
2.799999999999999755e-04	1.134778625954224024e-05	7.761886010362825750e-06	8.472705700895938224e-06	5.908991725406215863e-06
2.820000000000000241e-04	1.117646115288245095e-05	7.670250896057550626e-06	8.552302257350096802e-06	5.897235135796577020e-06
2.840000000000000185e-04	1.066005736137639733e-05	7.039812030074990093e-06	9.519936012797206113e-06	6.536804990506999543e-06
2.860000000000000129e-04	1.114324837581241654e-05	6.666844681798104976e-06	8.657574104382809762e-06	5.807928666104514045e-06
2.880000000000000073e-04	1.169913955928612050e-05	6.663736654804068490e-06	8.631921194173865274e-06	6.043229689066999910e-06
2.900000000000000017e-04	1.088204978038033209e-05	7.616471784443092227e-06	8.439919640746603173e-06	5.777538055855042316e-06
2.919999999999999961e-04	1.014909421939034523e-05	7.307512195122127117e-06	8.857497209475623232e-06	5.616991026687036069e-06
2.939999999999999905e-04	1.068962607861959703e-05	6.521323465389816025e-06	9.303934340802707322e-06	5.780666826577225982e-06
2.959999999999999849e-04	1.065879541109007846e-05	6.561717038983979936e-06	8.983634190829819109e-06	5.962050838023486341e-06
2.979999999999999793e-04	1.017747147421242320e-05	6.652007104795509994e-06	9.077097102185814208e-06	6.383206410171345761e-06
2.999999999999999737e-04	1.136289426751563357e-05	7.357787710594598264e-06	7.991540312202533378e-06	6.236630652778503268e-06
3.020000000000000223e-04	1.062452830188704821e-05	7.712485197961400015e-06	8.293972825456001581e-06	5.486846149467935028e-06
3.040000000000000167e-04	1.087386385800686537e-05	7.183482806580179890e-06	1.043330898466060449e-05	5.417072211295437760e-06
3.060000000000000111e-04	1.175249538866958158e-05	7.529341979590966397e-06	1.080199637023624114e-05	6.905358166189293295e-06
3.080000000000000055e-04	1.137916113889135447e-05	8.159533667465437639e-06	9.565764800428302385e-06	6.400584290551549469e-06
3.099999999999999999e-04	1.094560447651269253e-05	7.268109472049470511e-06	8.864494507540230924e-06	5.809015306737202452e-06
3.119999999999999944e-04	1.112826347305415398e-05	7.131777925911988857e-06	8.721240612980266118e-06	6.337019262376085433e-06
3.139999999999999888e-04	1.048157165013838064e-05	6.394501366120033480e-06	9.088419445151154944e-06	6.288752609603131685e-06
3.159999999999999832e-04	9.828339724095119350e-06	6.807380811707306595e-06	8.814365049981207626e-06	5.603743968373756317e-06
3.179999999999999776e-04	1.117864554614288837e-05	8.383387439830014285e-06	8.900243005794956485e-06	5.556216496628178236e-06
3.200000000000000262e-04	1.002585982106750075e-05	7.312556141378786483e-06	9.718990270123417039e-06	5.826305609284465782e-06
3.220000000000000206e-04	1.082137137865797815e-05	7.133631774454888923e-06	9.227285059104913347e-06	6.528610132755509729e-06
3.240000000000000150e-04	1.156150775133479912e-05	7.570523123578281149e-06	8.764950604405429680e-06	6.122146713242120715e-06
3.260000000000000094e-04	1.044169124877063643e-05	9.652529157806316189e-06	8.301871440195070662e-06	5.438988884500211763e-06
3.280000000000000038e-04	1.062756648555928059e-05	8.852529550827637788e-06	8.626259210049764826e-06	6.497553083923323099e-06
3.299999999999999982e-04	1.100276297612021291e-05	6.313077928098930208e-06	9.839206502273229788e-06	8.198128933492334662e-06
3.319999999999999926e-04	1.148014001853214898e-05	7.118425930326633841e-06	9.843522601984780834e-06	6.163780534595350738e-06
3.339999999999999870e-04	1.085183707236333375e-05	7.945424645907182154e-06	9.739570405727680924e-06	5.564072962364160406e-06
3.359999999999999814e-04	1.011232429491219855e-05	7.523267028330147892e-06	9.678455284552572700e-06	5.470450031212616360e-06
3.379999999999999758e-04	1.059238149520302692e-05	8.199726252395462287e-06	9.201623397539334867e-06	5.008729993764425066e-06
3.400000000000000244e-04	1.168612901535426192e-05	7.544253047245056329e-06	8.771751412429587113e-06	5.752118391216273623e-06
3.420000000000000188e-04	1.103374233128861827e-05	6.555346434980690757e-06	8.830042653149761974e-06	6.116504854369084273e-06
3.440000000000000132e-04	1.033073609116568111e-05	6.955170652426076815e-06	9.244576753818013837e-06	6.538126568540809308e-06
3.460000000000000076e-04	1.165464617957525829e-05	6.859796647430393709e-06	9.379120157583416679e-06	6.469808027923022687e-06
3.480000000000000020e-04	1.149409885069348837e-05	6.784634201585675946e-06	1.071981988742987693e-05	6.543062720608333511e-06
3.499999999999999964e-04	1.045505860290642312e-05	7.286277180522238834e-06	1.048429242513181155e-05	6.143037409980029779e-06
3.519999999999999908e-04	1.102926949898573174e-05	7.343956852169403288e-06	9.098948977641592233e-06	5.457712344280708577e-06
3.539999999999999853e-04	1.141159494448167843e-05	7.289979072370839471e-06	8.485084645084840061e-06	5.696064295000754020e-06
3.559999999999999797e-04	1.138467350793925383e-05	7.437080436941605964e-06	8.723424523693426387e-06	5.680405445223777656e-06
3.579999999999999741e-04	1.044500023418130883e-05	7.702370545585627914e-06	9.623202856565657730e-06	6.357261574990248268e-06
3.600000000000000227e-04	1.047538519353594281e-05	8.523735275706808732e-06	9.537321404726660536e-06	6.906477500716313719e-06
3.620000000000000171e-04	1.143475719193854005e-05	7.225393150023902662e-06	9.103103690013068631e-06	6.434632843791532812e-06
3.640000000000000115e-04	1.169869911875814349e-05	6.273854402278782849e-06	8.172504147834753517e-06	6.533007997831284129e-06
3.660000000000000059e-04	1.022652480968563838e-05	7.571549893843067022e-06	7.794117968025534240e-06	5.545713956967110373e-06
3.680000000000000003e-04	1.012143051647477672e-05	8.515049178463983566e-06	8.563275582998835196e-06	5.789200552585865454e-06
3.699999999999999947e-04	1.092078354554329502e-05	6.854752642899455759e-06	9.339261196469119823e-06	7.040876552227703069e-06
3.719999999999999891e-04	1.121691982697886753e-05	6.952487931674501951e-06	9.091216904276718677e-06	5.681956970232666774e-06
3.739999999999999835e-04	1.131920207096110719e-05	8.233921600967812707e-06	8.788433616340812570e-06	4.924498033004763703e-06
3.759999999999999779e-04	1.109253879824938049e-05	7.359060534591401547e-06	1.064489491727550977e-05	5.790880144187576164e-06
3.780000000000000265e-04	1.085320225812759540e-05	6.659825715810227208e-06	1.100678070581015568e-05	6.065466901585845141e-06
3.800000000000000209e-04	1.091179176044587649e-05	6.802743459302125106e-06	9.518224828413154347e-06	6.250447412786758028e-06
3.820000000000000153e-04	1.149554100726805340e-05	6.837416115042017995e-06	9.736596005725253216e-06	6.725671620961369484e-06
3.840000000000000097e-04	1.087984779745382253e-05	6.954599062079379339e-06	8.770749677657250389e-06	5.954630258849823908e-06
3.860000000000000041e-04	1.066985645932984377e-05	7.625190917421631237e-06	9.110402449135515890e-06	5.556854606249100509e-06
3.879999999999999985e-04	1.092578258952594977e-05	7.286008951157588110e-06	8.910311271910361329e-06	6.437964199839533599e-06
3.899999999999999929e-04	1.124279088525939286e-05	7.258408452069577397e-06	7.857901974806309655e-06	6.978105994787321024e-06
3.919999999999999873e-04	1.156980544747108809e-05	7.232179245738743987e-06	9.226611548895717710e-06	6.645687099221003242e-06
3.939999999999999817e-04	1.122623577972440932e-05	7.523287120755644344e-06	1.037232266027757886e-05	6.846799744263844996e-06
3.959999999999999762e-04	1.189945040285969316e-05	8.036917793517658825e-06	1.024816701341531557e-05	5.635951113969778106e-06
3.980000000000000248e-04	1.256159522334215925e-05	8.285704801947074398e-06	8.505650491217378110e-06	5.678355131377230887e-06
4.000000000000000192e-04	1.119763016518576301e-05	7.180553291461078560e-06	8.131261384335359904e-06	6.718087405032565078e-06
4.020000000000000136e-04	1.088547442405336030e-05	7.003853348297984226e-06	9.743591842302920189e-06	7.035888450868916972e-06
4.040000000000000080e-04	1.046314801782808974e-05	8.397241379310549500e-06	8.669587910420781775e-06	6.697741644083271095e-06
4.060000000000000024e-04	1.046832519714579134e-05	7.758851872959713169e-06	8.606904862324273625e-06	6.423084099693269773e-06
4.079999999999999968e-04	1.129396394571570532e-05	6.501784396300780436e-06	8.800418925578851718e-06	6.215658454791499677e-06
4.099999999999999912e-04	1.134174125305151380e-05	7.134397180012559991e-06	8.494422642407151069e-06	5.621978534764485328e-06
4.119999999999999856e-04	1.105726610144247027e-05	8.151804474443150229e-06	9.791267393241185379e-06	5.882714843749825089e-06
4.139999999999999800e-04	1.081353696969665459e-05	7.596915897331614690e-06	8.953867368684687378e-06	6.264673383165223130e-06
4.159999999999999744e-04	1.118764044943845043e-05	7.409806540992732975e-06	8.467765263782075198e-06	5.764794545128447745e-06
4.180000000000000230e-04	1.179916415383831393e-05	7.622437137330937042e-06	9.867348207501805630e-06	5.898604651162942651e-06
4.200000000000000174e-04	1.192918271288007743e-05	7.367383283317924073e-06	1.050958581622919053e-05	6.143625701173014830e-06
4.220000000000000118e-04	1.050339533788523881e-05	6.897669276830738553e-06	9.931836195508296467e-06	6.022922134732984621e-06
4.240000000000000062e-04	1.043005985783730971e-05	7.447595364798102583e-06	8.727370478983130313e-06	6.408404255318963174e-06
4.260000000000000006e-04	1.085286875273763783e-05	7.271447298150401505e-06	9.906220095694009525e-06	6.501976657896657314e-06
4.279999999999999950e-04	1.161625084639855257e-05	7.706983685862975030e-06	9.895732889997450066e-06	5.539855155765157212e-06
4.299999999999999894e-04	1.070281683382145828e-05	8.460810123722024370e-06	9.340770287059665741e-06	5.990080795525323421e-06
4.319999999999999838e-04	9.992042654240472803e-06	7.299639341066165814e-06	9.160805437988711651e-06	5.680579949313203438e-06
4.339999999999999782e-04	1.184554097838174644e-05	6.839163393917056497e-06	8.969071388208444851e-06	5.417458265414928326e-06
4.360000000000000269e-04	1.069997601113110075e-05	7.484931780698873108e-06	9.537005140530288290e-06	7.196714456392060196e-06
4.380000000000000213e-04	1.028201014292326224e-05	8.228150752664739094e-06	9.003882516072306958e-06	7.086852941176659033e-06
4.400000000000000157e-04	1.170622014592437252e-05	7.477457686354972886e-06	8.868909858455659560e-06	6.312962599070039370e-06
4.420000000000000101e-04	1.132012993604675326e-05	7.213621694523158870e-06	9.508880308880022190e-06	6.458348968104861230e-06
4.440000000000000045e-04	1.081868723620983816e-05	7.398241454257823679e-06	1.057595142899419098e-05	5.993234672304253440e-06
4.459999999999999989e-04	1.134273943339635472e-05	7.390407579196870011e-06	9.270660003894062642e-06	6.061911949685689660e-06
4.479999999999999933e-04	1.206824306044008344e-05	7.663555419097102110e-06	8.942447574334626422e-06	6.299065420560564598e-06
4.499999999999999877e-04	1.089670673311801368e-05	7.923711776531340792e-06	9.706108581911782493e-06	5.875306309051941130e-06
4.519999999999999821e-04	1.001269641734782635e-05	7.575799271550161410e-06	9.321318107667444757e-06	6.943736042072071692e-06
4.539999999999999765e-04	1.103984951240064466e-05	7.415774619993258519e-06	1.011562101685337487e-05	6.397106066640271255e-06
4.560000000000000251e-04	1.156300290335989935e-05	6.995991965245184686e-06	9.435799207397852775e-06	6.217571926203224804e-06
4.580000000000000195e-04	1.137747168656225191e-05	7.255852713178072743e-06	8.498352073293820400e-06	6.159698344730430817e-06
4.600000000000000139e-04	1.194583534201044447e-05	7.147029348603933305e-06	8.777952562369154891e-06	6.089057366691748513e-06
4.620000000000000083e-04	1.109868126399629078e-05	7.221389652345998726e-06	8.686391827800282300e-06	6.367600422833138932e-06
4.640000000000000027e-04	1.071988079215561461e-05	8.016292014558110701e-06	8.712968159082804735e-06	6.423004131680823072e-06
4.659999999999999971e-04	1.120014062578500643e-05	7.843171344784439705e-06	9.133435622043439581e-06	6.261287598259105467e-06
4.679999999999999915e-04	1.085139882255599428e-05	8.072789995687559774e-06	9.867283780049442569e-06	5.718208246810864851e-06
4.699999999999999859e-04	1.100982376462424999e-05	8.445474538994841504e-06	8.608846571049521900e-06	6.644560871363367736e-06
4.719999999999999803e-04	1.159931342973086446e-05	8.617688014270300520e-06	8.730737497020765091e-06	6.373359254630606331e-06
4.739999999999999747e-04	1.253539430048931606e-05	7.497041597837694812e-06	1.020759435782398017e-05	6.273826184881323467e-06
4.760000000000000234e-04	1.155488316667557424e-05	6.513142558928574224e-06	9.956452647132867442e-06	7.362105842092581558e-06
4.780000000000000178e-04	1.061340718850644706e-05	7.444559317652921335e-06	9.232572868868072996e-06	6.683428793320839968e-06
4.800000000000000122e-04	1.057434399567532259e-05	7.708905978154337326e-06	1.035177831241454113e-05	5.587528335468590751e-06
4.820000000000000066e-04	1.101649871566911113e-05	6.929344708255624228e-06	1.033462832338603998e-05	5.826370291559252381e-06
4.840000000000000010e-04	1.160666590334197077e-05	7.680476710614477504e-06	8.840721601633549112e-06	5.857822670337309190e-06
4.859999999999999954e-04	1.200975814659801817e-05	7.334952740094791622e-06	1.080939481529651377e-05	6.174431119311010629e-06
4.879999999999999898e-04	1.162530558205264778e-05	6.860634711228544981e-06	1.009649147606821137e-05	6.733662162728796644e-06
4.899999999999999842e-04	1.067262007312570432e-05	7.487978401620058641e-06	9.302501855879783408e-06	5.356660923692676986e-06
4.920000000000000328e-04	1.038200489726020784e-05	7.297344701583613160e-06	9.403939330103454087e-06	5.644196927906064864e-06
4.939999999999999730e-04	1.052830562807728428e-05	7.274878684988781134e-06	8.380066289267340150e-06	6.866632706494854741e-06
4.960000000000000216e-04	1.258484437391755533e-05	7.471001892471093260e-06	8.876855880000504538e-06	6.439198677735228278e-06
4.979999999999999618e-04	1.245047944903445385e-05	7.633007511899972771e-06	8.948205499231304242e-06	5.389362652699728052e-06
5.000000000000000104e-04	1.018120785757565211e-05	7.751835592218284189e-06	8.185008562982802079e-06	5.318181115934609763e-06
5.019999999999999506e-04	1.063936149251008389e-05	7.673675150621115461e-06	8.996879241444901275e-06	6.295591781917341827e-06
5.039999999999999992e-04	1.146235332212878333e-05	8.098772107206969118e-06	1.014644401985947382e-05	7.408139579570527468e-06
5.060000000000000478e-04	1.067325870230035138e-05	6.789019437191556312e-06	9.883743297007141927e-06	7.380668678112284808e-06
5.079999999999999880e-04	1.068038946173655703e-05	6.281719203476139902e-06	9.932624581945852582e-06	5.474246184777864093e-06
5.100000000000000366e-04	1.103080545278244774e-05	7.704915502739179638e-06	9.563234703440603218e-06	5.748684854051434404e-06
5.119999999999999768e-04	1.189211786411315729e-05	8.684099448026555445e-06	9.751812459894019502e-06	6.421356998187982146e-06
5.140000000000000254e-04	1.172546071137545254e-05	7.488484654539818319e-06	9.750351511842429995e-06	6.349376161052046746e-06
5.159999999999999656e-04	1.052573154615789092e-05	6.556886437264493335e-06	8.960383370549446799e-06	7.446730589444022397e-06
5.180000000000000143e-04	1.104789739880840720e-05	7.000920866268888336e-06	9.499321682228306220e-06	6.499396473246054808e-06
5.199999999999999544e-04	1.148483584395485456e-05	8.358380212518719688e-06	9.374818703855335763e-06	6.315546672782485471e-06
5.220000000000000031e-04	1.135659435787786029e-05	8.140065217391494954e-06	9.080558115882370033e-06	6.504217558539869022e-06
5.240000000000000517e-04	1.164025052192095070e-05	7.786327008058424972e-06	9.850732682826152049e-06	5.239840602795556963e-06
5.259999999999999919e-04	1.101002320643821858e-05	7.512363946431040388e-06	9.016904217848258987e-06	6.125915192190179359e-06
5.280000000000000405e-04	1.077398908159840780e-05	7.644850464428071973e-06	8.557800143781662150e-06	7.914180146153417306e-06
5.299999999999999807e-04	1.140827748503573893e-05	7.952176682947306166e-06	8.598687774634072192e-06	6.211664625893994220e-06
5.320000000000000293e-04	1.051869811320723340e-05	7.849819191866014585e-06	9.252050003238273661e-06	5.718927257624127420e-06
5.339999999999999695e-04	9.602704332099102456e-06	7.744542681350685464e-06	9.770451436388740164e-06	6.639443411173267729e-06
5.360000000000000181e-04	1.103240488794306369e-05	7.401610751519127150e-06	9.422902374669906030e-06	6.514131242819298187e-06
5.379999999999999583e-04	1.211946301429454178e-05	6.939936990363399969e-06	9.287620286086057620e-06	6.357707275245849989e-06
5.400000000000000069e-04	1.184276990069595192e-05	6.794375396897552340e-06	9.175001605755241714e-06	6.939236861051283795e-06
5.419999999999999471e-04	1.220699622269631130e-05	7.439773517432972617e-06	9.156794871794604010e-06	6.932844195079640841e-06
5.439999999999999957e-04	1.189745504988558132e-05	8.094763577411709149e-06	8.958123785038156326e-06	5.841624242424383580e-06
5.460000000000000443e-04	1.054071377924809494e-05	7.339291489048733318e-06	1.015688282138762890e-05	6.079934397274780198e-06
5.479999999999999845e-04	9.310826270302088024e-06	6.938984621085961968e-06	1.195424267782456323e-05	6.980156431054631640e-06
5.500000000000000331e-04	9.799912103366666523e-06	8.299667553191704582e-06	9.479700046453201179e-06	6.216769865841221224e-06
5.519999999999999733e-04	1.156624306239915415e-05	7.832545492574537611e-06	8.614074654766663069e-06	5.771031674749838258e-06
5.540000000000000219e-04	1.141407585606824904e-05	6.810475107979242793e-06	9.528046421663680619e-06	6.035921843687528836e-06
5.559999999999999621e-04	1.182124681933807722e-05	7.158841521697363202e-06	8.219933248935198247e-06	5.284921592279704232e-06
5.580000000000000107e-04	1.137498469700027127e-05	7.948317945452374855e-06	8.559971236816622396e-06	5.370689847319571349e-06
5.599999999999999509e-04	1.036858551102044376e-05	7.832679738562275259e-06	9.318833583404223598e-06	6.289741581832561452e-06
5.619999999999999996e-04	1.161790049492084220e-05	6.574806882022642364e-06	1.010432199193631511e-05	6.144638531174445286e-06
5.640000000000000482e-04	1.198522977694195617e-05	7.888850265971647036e-06	9.920194444444706776e-06	5.937974371611783985e-06
5.659999999999999884e-04	1.142648083623659254e-05	8.762840762840484152e-06	7.988791946308472321e-06	5.563315248758924577e-06
5.680000000000000370e-04	1.078802186638254740e-05	7.804804335365300280e-06	8.502714285714024179e-06	6.304146500980833696e-06
5.699999999999999772e-04	1.078243883570280509e-05	7.485845661735494706e-06	9.821879942240510151e-06	6.843822777620166557e-06
5.720000000000000258e-04	1.113554379306867265e-05	6.160658030022435948e-06	9.513106020244782197e-06	5.846900400339507376e-06
5.739999999999999660e-04	1.115250812703203891e-05	6.804015626419710044e-06	9.136296770067366246e-06	5.722559962004416734e-06
5.760000000000000146e-04	1.065237412821273320e-05	8.015497404613034234e-06	9.820129245153551300e-06	7.220224719101313944e-06
5.779999999999999548e-04	1.167692952141552281e-05	7.781723725907613539e-06	9.388130134735192618e-06	6.479456843237226621e-06
5.800000000000000034e-04	1.181846512613977179e-05	7.754711120314962584e-06	8.868164887012874333e-06	6.068551281244244064e-06
5.820000000000000520e-04	1.167039614841139554e-05	8.290723931812915069e-06	9.554833099203667677e-06	7.264661994121434108e-06
5.839999999999999922e-04	1.145173848287225804e-05	7.637999082147959955e-06	8.937020584371115910e-06	6.681555416926752893e-06
5.860000000000000408e-04	1.010787779893051944e-05	7.252793647719732972e-06	9.051273602838893611e-06	6.641229158054451660e-06
5.879999999999999810e-04	1.014171366199715866e-05	7.627006109979382714e-06	1.065719615011532186e-05	6.626866492506335994e-06
5.900000000000000296e-04	1.022093684114058033e-05	7.169120321623602619e-06	9.290484552845751495e-06	6.781454903616321280e-06
5.919999999999999698e-04	1.111888307155290803e-05	7.164206800898927320e-06	9.695519956556857816e-06	7.208585103200511931e-06
5.940000000000000184e-04	1.159405188998041009e-05	7.154472942637228139e-06	1.028436892504829526e-05	6.478037634408406674e-06
5.959999999999999586e-04	1.108664611713258710e-05	7.716608283536151132e-06	8.359316479400956504e-06	6.074741618351532681e-06
5.980000000000000072e-04	1.020849661234174705e-05	7.478675919915903147e-06	8.474802729160222845e-06	5.092086634970787350e-06
5.999999999999999474e-04	1.068567594766884360e-05	7.376040179231046381e-06	9.444300449616730385e-06	5.229468887321788638e-06
6.019999999999999961e-04	1.157607973421955473e-05	7.626965376782273643e-06	9.107141035450393998e-06	6.322009443861636054e-06
6.040000000000000447e-04	1.131838392041382052e-05	7.706183763761481436e-06	8.981251178874292607e-06	5.994676616915242236e-06
6.059999999999999849e-04	1.141167801033752485e-05	7.558421636895908919e-06	9.523109747966613064e-06	5.606304158185661208e-06
6.080000000000000335e-04	1.163416110183605684e-05	7.422149546603018425e-06	9.275142857142585574e-06	5.722916171930474358e-06
6.099999999999999737e-04	1.149244962119289712e-05	7.319761532447421013e-06	8.332446622331302511e-06	6.246698204912353265e-06
6.120000000000000223e-04	1.043791424826837779e-05	6.477457297297449831e-06	8.878543013426389461e-06	6.504446393630829460e-06
6.139999999999999625e-04	1.080606706726076824e-05	7.246867592278814646e-06	9.090027365875144548e-06	6.414265752877576961e-06
6.160000000000000111e-04	1.124546417225582110e-05	8.198390892671679055e-06	9.433205653150415922e-06	6.692557622882676833e-06
6.179999999999999513e-04	1.155297652971313150e-05	7.879017410972368116e-06	9.902717692734041592e-06	6.873240641711026606e-06
6.199999999999999999e-04	1.082641161334202248e-05	6.799618719077814284e-06	8.869423745653477661e-06	5.346392324330464682e-06
6.220000000000000485e-04	1.032907499189427657e-05	6.776871917839350312e-06	9.509454061251903657e-06	5.251797777293657151e-06
6.239999999999999887e-04	1.182290562036019184e-05	7.579739918028405882e-06	9.126701169254041815e-06	6.251922952201648531e-06
6.260000000000000373e-04	1.128220591955502441e-05	7.127011466907923177e-06	9.609823050528344695e-06	5.793749248707912055e-06
6.279999999999999775e-04	1.094436592069068403e-05	6.725844109195207070e-06	9.597204864610384706e-06	6.067673716011906209e-06
6.300000000000000261e-04	1.220389667250403029e-05	7.437176050044471632e-06	9.452918596955403892e-06	7.136304412199948997e-06
6.319999999999999663e-04	1.111191947378937805e-05	7.163653754184764434e-06	9.700074702886448376e-06	6.437772138373317862e-06
6.340000000000000149e-04	1.033270006023785107e-05	7.048273266208511703e-06	8.417632152748873099e-06	6.661221669430447321e-06
6.359999999999999551e-04	1.123003777386076141e-05	7.752225212171604273e-06	9.365980327869089775e-06	5.969975846906708389e-06
6.380000000000000037e-04	1.167139118601518791e-05	6.978597717214217661e-06	9.235458424932345135e-06	5.137330135891396799e-06
6.400000000000000524e-04	1.210994406126072388e-05	6.880389455313469727e-06	8.698684531059415272e-06	5.841594958186705363e-06
6.419999999999999925e-04	1.108385942237933551e-05	7.199423298731438859e-06	9.277188880228822760e-06	6.952931842769769198e-06
6.440000000000000412e-04	1.028779182430528336e-05	8.169655322861867278e-06	9.884567474048156944e-06	6.995312386619050221e-06
6.459999999999999814e-04	1.021645743608565505e-05	8.638809757222994885e-06	1.028453341013853841e-05	6.259619505227068452e-06
6.480000000000000300e-04	1.077475718772676991e-05	7.157513498017273672e-06	9.015741968061818704e-06	6.125970642435166037e-06
6.499999999999999702e-04	1.138075843413431586e-05	7.016449648711710923e-06	8.401858823529165411e-06	5.861308365758572914e-06
6.520000000000000188e-04	1.056375953384840179e-05	7.131086356279350045e-06	8.730338040222713767e-06	5.648277478322144868e-06
6.539999999999999590e-04	1.083516034985390417e-05	6.594189629368593030e-06	9.092010949137155975e-06	6.228010335917133638e-06
6.560000000000000076e-04	1.068929478881980637e-05	6.574886987052711552e-06	8.918846009741250797e-06	6.695791082094536460e-06
6.579999999999999478e-04	9.733391539704214476e-06	6.934567672653365748e-06	9.066886744540603263e-06	5.827113931701566371e-06
6.599999999999999964e-04	1.025348537796603341e-05	8.387614781635085930e-06	9.827482281703919876e-06	5.974222332383328597e-06
6.620000000000000450e-04	1.159199376137281802e-05	8.918221322698015777e-06	1.030736811719729436e-05	6.212139175257891579e-06
6.639999999999999852e-04	1.168132858340283902e-05	7.481861765880753752e-06	9.736951186255509046e-06	5.740749121657658124e-06
6.660000000000000338e-04	1.168179389112971937e-05	7.108460260972535328e-06	8.487739941760028269e-06	6.053368493752556891e-06
6.679999999999999740e-04	1.050358017712481718e-05	7.569179466451279819e-06	8.595594607607354751e-06	6.265228409903345172e-06
6.700000000000000226e-04	1.001406628940958911e-05	7.703197943444442476e-06	8.254991040980060588e-06	6.316221174004008715e-06
6.719999999999999628e-04	1.129912329600194793e-05	7.368112520901106170e-06	8.643854021666965093e-06	5.589055072463893751e-06
6.740000000000000114e-04	1.142670014861910857e-05	6.954414631882076492e-06	9.577120633004966953e-06	5.283810150170033286e-06
6.759999999999999516e-04	1.099240780911029200e-05	6.469784514401510370e-06	9.115093496712970819e-06	5.826457968211586319e-06
6.780000000000000002e-04	1.094951875859386286e-05	6.978146250582417316e-06	8.838292079208137492e-06	6.148000765257462828e-06
6.800000000000000488e-04	1.072060393325930567e-05	9.115375722543045343e-06	8.107169211556779616e-06	6.677703123917538308e-06
6.819999999999999890e-04	1.114788521147910667e-05	7.773723536737369748e-06	9.009082881291986561e-06	5.705148538288681865e-06
6.840000000000000377e-04	1.116754482620473548e-05	6.526700065345408431e-06	9.420897097625548057e-06	4.845250778972864743e-06
6.859999999999999779e-04	1.130071971616802086e-05	6.479439494853230338e-06	9.204201572367318475e-06	5.791158097068544940e-06
6.880000000000000265e-04	1.061708408723013117e-05	6.502725694444616745e-06	9.297838541666893699e-06	6.134487146856883145e-06
6.899999999999999667e-04	1.048087246744665833e-05	7.588694154593999266e-06	8.798718580581290112e-06	5.499982885503872295e-06
6.920000000000000153e-04	1.096541752729381860e-05	7.357646596601264343e-06	8.973198467047565518e-06	6.463471207347098310e-06
6.939999999999999555e-04	1.136454638124384617e-05	7.392904021712484364e-06	9.278373286559057676e-06	7.265199698568336962e-06
6.960000000000000041e-04	1.124869582765783351e-05	7.584609932668624314e-06	9.427353135313737276e-06	6.025473407912160404e-06
6.980000000000000527e-04	1.108253889358352495e-05	6.933086534012230540e-06	9.201778235938664618e-06	5.475397546569880709e-06
6.999999999999999929e-04	1.129400202634211590e-05	7.093693181817975574e-06	8.764528996624497325e-06	6.591385204430277719e-06
7.020000000000000415e-04	1.060281502615278995e-05	6.926675913083460989e-06	9.580574188354923088e-06	6.133104325699579023e-06
7.039999999999999817e-04	1.064727793696298510e-05	6.895075931891567711e-06	1.002926760761201240e-05	5.588662184094748680e-06
7.060000000000000303e-04	1.050172397550600479e-05	8.091058315334531434e-06	8.754735487034585086e-06	6.277179503873785306e-06
7.079999999999999705e-04	1.070317810849764548e-05	7.469312063808768265e-06	8.579491800324574221e-06	6.109860583016627676e-06
7.100000000000000191e-04	1.067727969348684591e-05	6.725188509874506601e-06	8.116458285974287266e-06	5.423649864986599076e-06
7.119999999999999593e-04	1.045220815752428577e-05	7.518374310085107403e-06	8.753763177249090883e-06	5.419843723649295300e-06
7.140000000000000079e-04	1.149280412371167467e-05	8.188262295082174202e-06	8.636173429280039751e-06	6.047776174644170362e-06
7.159999999999999481e-04	1.066148254423691734e-05	6.917543859648869813e-06	8.712908735968548368e-06	5.801504302304407545e-06
7.179999999999999967e-04	1.028328413284153222e-05	6.428485628485776264e-06	9.995633004409263804e-06	5.706054329171003371e-06
7.200000000000000453e-04	1.111278165503508387e-05	7.270354196991953678e-06	8.078171842298948564e-06	6.300562018037023328e-06
7.219999999999999855e-04	1.097200787401547838e-05	6.808668786914823308e-06	7.472505624443827579e-06	6.160715654951845204e-06
7.240000000000000342e-04	1.059595057034246719e-05	6.737805755395836192e-06	8.771698808500399253e-06	6.619759697906027460e-06
7.259999999999999743e-04	1.021191021529969202e-05	7.061903864278795528e-06	9.823206547905405755e-06	6.235612185498814852e-06
7.280000000000000230e-04	1.029679445727452247e-05	7.684861538461297453e-06	1.020992279096339510e-05	5.649124040545932859e-06
7.299999999999999632e-04	1.078587324625088446e-05	8.656961294049903653e-06	9.172845215157606453e-06	5.564836940837093251e-06
7.320000000000000118e-04	1.104071322436816004e-05	7.653912155260235461e-06	8.477976967825956187e-06	5.671242868066430339e-06
7.339999999999999520e-04	1.163532359081452174e-05	7.218921001926919043e-06	8.396308054085963862e-06	5.925998770743874582e-06
7.360000000000000006e-04	1.106356327543454921e-05	7.263984488609040288e-06	8.290856313498023953e-06	5.770351307678638907e-06
7.380000000000000492e-04	1.020194050343216274e-05	7.749265770423812718e-06	9.562453133368774914e-06	6.946840550471718634e-06
7.399999999999999894e-04	1.013201818181839850e-05	7.318164062500159353e-06	9.273475748328177762e-06	6.499831456886845802e-06
7.420000000000000380e-04	1.037783985102388274e-05	6.631451327433404838e-06	8.606508376521423731e-06	5.262107733449605912e-06
7.439999999999999782e-04	1.109612742658071617e-05	6.815698044565905171e-06	9.400552922591145510e-06	5.708425602463243766e-06
7.460000000000000268e-04	1.027644075610910337e-05	6.916234425473190506e-06	9.288917793964840592e-06	5.905892441504454356e-06
7.479999999999999670e-04	1.069172182254160665e-05	7.106477003318878437e-06	9.125597444089114611e-06	6.110222447556684630e-06
7.500000000000000156e-04	1.110135458167352123e-05	6.993691087261029315e-06	8.206677009711164263e-06	5.914753696092412414e-06
7.519999999999999558e-04	1.085295034079816419e-05	7.342675159235435572e-06	7.663772471156233518e-06	5.870871894787957365e-06
7.540000000000000044e-04	1.164593521421137348e-05	6.913191881918955177e-06	7.877065637065817962e-06	6.052705586943023190e-06
7.560000000000000530e-04	1.005519170049640181e-05	6.324050632911543614e-06	9.001777497636540121e-06	5.632126168224472087e-06
7.579999999999999932e-04	9.065327368848894317e-06	7.212338787295239000e-06	9.520799999999695460e-06	5.648529584065440875e-06
7.600000000000000418e-04	1.106310669975206855e-05	7.455900497512600255e-06	8.250699017908933881e-06	6.075311909262854639e-06
7.619999999999999820e-04	1.128024291497934419e-05	7.187856115107731982e-06	9.267436729396237910e-06	5.941121380160015338e-06
7.640000000000000306e-04	1.078496371552944711e-05	6.922956120092174656e-06	9.488850498338525727e-06	5.469268292682780609e-06
7.659999999999999708e-04	1.044054332552719644e-05	6.772272932670766245e-06	8.723762981063111247e-06	5.692184179457060460e-06
7.680000000000000195e-04	9.574810996563319976e-06	6.754628210905619821e-06	8.864382371197786318e-06	5.377936419408664466e-06
7.699999999999999597e-04	1.049985869053256764e-05	6.429652509652657548e-06	8.235986159169793560e-06	5.330547263681739618e-06
7.720000000000000083e-04	1.074226506024124720e-05	6.894333026679114118e-06	8.086274065685336292e-06	5.787947178871663743e-06
7.739999999999999485e-04	1.061478095238059047e-05	7.195698511761623847e-06	8.225783410137983194e-06	5.709437537003948897e-06
7.759999999999999971e-04	1.018747714808069258e-05	6.754520054078585586e-06	7.673573347662747041e-06	6.829178470255146460e-06
7.780000000000000457e-04	9.333735343383327388e-06	6.340135363790003206e-06	8.288032501450714855e-06	6.511141120864110285e-06
7.799999999999999859e-04	1.056365876777275430e-05	6.739928057554109547e-06	8.897545171339739411e-06	5.408524957936189705e-06
7.820000000000000345e-04	1.051437735849083431e-05	7.206538461538631664e-06	8.686009732360280887e-06	5.798965724594259310e-06
7.839999999999999747e-04	9.306488517744972594e-06	7.516970912737964462e-06	9.314807566862095601e-06	5.819577549788626557e-06
7.860000000000000233e-04	9.754030634573525237e-06	7.322618466048089298e-06	8.540693779904547978e-06	5.542298850574807703e-06
7.879999999999999635e-04	1.001329739442917379e-05	6.548658802970550606e-06	8.004932735425774725e-06	4.802649402390271102e-06
7.900000000000000121e-04	1.006717253839170790e-05	6.506041666666487238e-06	8.178465063000906884e-06	4.960884773662405963e-06
7.919999999999999523e-04	1.077235379410373557e-05	6.831941659070349686e-06	8.612110977081079263e-06	5.423892013498459832e-06
7.940000000000000009e-04	1.090483365949147350e-05	6.618030905077380460e-06	8.941490294301985468e-06	5.121656930430291743e-06
7.960000000000000495e-04	1.033329624478467539e-05	6.357404580152844126e-06	9.363200000000127465e-06	6.357679630850519479e-06
7.979999999999999897e-04	1.099999999999965412e-05	7.064147031102545917e-06	8.369683470105243058e-06	6.725355648535375711e-06
8.000000000000000383e-04	1.101199604743045657e-05	7.263217054263337043e-06	8.163682104059258172e-06	5.138327117740934876e-06
8.019999999999999785e-04	1.002573099415234479e-05	6.930670365233628153e-06	8.696297198538620909e-06	4.656996619990445117e-06
8.040000000000000271e-04	9.313949017968794065e-06	6.314844144902950803e-06	8.272607184240809788e-06	5.264497816593696269e-06
8.059999999999999673e-04	1.068385426653905962e-05	6.156599589322553267e-06	8.215811277330465994e-06	5.838305084745951305e-06
8.080000000000000160e-04	1.163223382045961327e-05	7.176448061273455458e-06	7.968058035714409949e-06	5.489311326124237615e-06
8.099999999999999561e-04	9.488190719454744841e-06	7.625208545269282191e-06	9.077380801016931162e-06	5.673199999999833298e-06
8.120000000000000048e-04	9.259061071873982070e-06	7.313229268292921356e-06	9.094318471337798528e-06	6.150892857142987292e-06
8.140000000000000534e-04	9.736391437308601876e-06	6.774369633980838057e-06	8.952250783698717171e-06	5.607418604650976186e-06
8.159999999999999936e-04	9.891557922769850372e-06	6.465131522208017678e-06	8.923950000000307811e-06	4.769930761622284559e-06
8.180000000000000422e-04	1.073574181117563368e-05	6.541326352530735002e-06	8.173394390383731910e-06	5.160321027287455560e-06
8.199999999999999824e-04	1.048274694261483311e-05	6.627975243147393882e-06	8.026216975828829971e-06	6.258585334198398035e-06
8.220000000000000310e-04	9.795991208791483018e-06	7.035288596903009897e-06	7.718378378378545587e-06	5.863100303951498969e-06
8.239999999999999712e-04	1.021404216315278834e-05	7.421445544554299884e-06	7.499327731092198941e-06	5.646861826697670865e-06
8.260000000000000198e-04	1.059735615786938493e-05	6.513136403127522050e-06	7.998924369747675527e-06	6.116169942929424274e-06
8.279999999999999600e-04	9.865126162018862188e-06	6.099576891782107171e-06	7.680537923615027250e-06	5.630332749562352173e-06
8.300000000000000086e-04	1.002957695769543250e-05	6.561610503282069253e-06	8.012525252524995743e-06	5.166084627744889036e-06
8.319999999999999488e-04	9.564566523605359712e-06	6.501769297484908637e-06	8.907199001871738471e-06	5.479977272727401167e-06
8.339999999999999974e-04	9.092272541819857153e-06	6.070526315789624022e-06	8.131047835991118058e-06	5.530733944954252641e-06
8.360000000000000460e-04	1.015739288969886262e-05	6.759819657348815477e-06	7.840329489291358007e-06	4.702935153583481443e-06
8.379999999999999862e-04	1.029295150115498893e-05	7.414817012858689834e-06	7.875565361279828828e-06	5.111499735029298542e-06
8.400000000000000348e-04	1.020861200183206989e-05	6.757205948625257964e-06	8.829956709956461700e-06	5.182783449758048062e-06
8.419999999999999750e-04	9.912989323843731339e-06	6.263224728488043803e-06	8.205310344827808968e-06	4.941413934426309742e-06
8.440000000000000236e-04	9.478843045512810650e-06	5.729415361100688363e-06	7.204137235116222082e-06	5.972185758514069777e-06
8.459999999999999638e-04	1.007406871609374902e-05	5.736327467482651482e-06	7.659399141630639796e-06	5.800360793746080124e-06
8.480000000000000124e-04	1.026435743896836905e-05	6.856442615455068677e-06	7.499159663865715133e-06	4.610803059273513874e-06
8.499999999999999526e-04	9.253604651162509036e-06	7.325549584758000336e-06	7.949265033407385537e-06	4.725957863792149744e-06
8.520000000000000013e-04	9.438238034731401320e-06	6.397457337884091361e-06	8.544775583483173810e-06	5.440270727580538210e-06
8.540000000000000499e-04	1.020269230769260010e-05	6.658792184724823152e-06	8.080271646859265176e-06	5.166513122656792267e-06
8.559999999999999901e-04	1.005525270758082634e-05	6.528689595123949201e-06	8.753182096872820614e-06	5.147321237993436343e-06
8.580000000000000387e-04	9.173388225607382844e-06	5.701612167300483620e-06	8.647946698970495222e-06	5.052613933996954554e-06
8.599999999999999789e-04	8.717746478873060386e-06	5.562670623145224610e-06	7.814143404487974593e-06	5.158737967914252238e-06
8.620000000000000275e-04	9.214921422663167143e-06	5.864982401251351700e-06	8.079773627617174744e-06	6.032820512820317471e-06
8.639999999999999677e-04	9.969700223713827791e-06	6.357422636710601198e-06	7.810240700218996167e-06	5.329679558011204282e-06
8.660000000000000163e-04	9.696536118363465416e-06	6.597606687197349738e-06	7.389523809523621803e-06	4.995857068876096773e-06
8.679999999999999565e-04	9.330686767169358567e-06	6.466942647693140703e-06	7.827083333333546738e-06	4.954720082177804894e-06
8.700000000000000051e-04	9.020955465587267663e-06	6.719157706093291863e-06	7.302179028133137372e-06	4.801851667496366217e-06
8.720000000000000537e-04	9.056926829268070121e-06	6.537820401045960113e-06	7.036155741744503775e-06	5.178421900160896953e-06
8.739999999999999939e-04	9.880869179601116229e-06	6.338934911242777111e-06	8.011290684624278044e-06	5.048519099947828134e-06
8.760000000000000425e-04	1.020584516720082878e-05	6.610242397531842032e-06	8.223248847926001987e-06	4.924696273608838785e-06
8.779999999999999827e-04	9.267787021630799677e-06	6.234098088113187323e-06	7.113243647234807243e-06	4.902093495935043750e-06
8.800000000000000313e-04	9.401383966244878881e-06	6.149651496515114604e-06	7.712263641275162438e-06	5.206454398273202857e-06
8.819999999999999715e-04	1.009909338168596204e-05	6.259732888146740250e-06	8.482281639928427810e-06	4.962901234567755577e-06
8.840000000000000201e-04	9.038052738336894857e-06	6.195588599752301907e-06	7.264936386768678332e-06	4.299215686274629046e-06
8.859999999999999603e-04	8.799273301737505024e-06	6.223900414937582304e-06	6.940223626640584762e-06	4.563935666981901806e-06
8.880000000000000089e-04	9.131065573770227460e-06	6.312912457912256946e-06	7.708142548595880604e-06	4.895038051750171978e-06
8.899999999999999491e-04	9.001098989899253936e-06	6.402099871959153146e-06	7.687194399569285310e-06	4.880040465351634301e-06
8.919999999999999978e-04	9.130163934426460855e-06	6.080551276854612760e-06	8.134313390313527406e-06	4.867790110999110219e-06
8.940000000000000464e-04	9.404204305614469406e-06	5.864331508991526035e-06	9.109738353542186530e-06	4.807414050822295198e-06
8.959999999999999866e-04	9.197836498761063651e-06	5.959856972586243871e-06	7.227605063290995942e-06	4.683475728155210498e-06
8.980000000000000352e-04	9.321740585773749551e-06	5.701573546180035304e-06	6.372732142856946526e-06	4.692743190661327912e-06
8.999999999999999754e-04	9.111263803681254623e-06	5.309989380531124384e-06	6.797809523809661303e-06	4.814730538922311585e-06
9.020000000000000240e-04	8.101003636363333175e-06	5.351951480556378600e-06	7.970251256281088678e-06	4.757573964496902545e-06
9.039999999999999642e-04	8.334081556304019579e-06	6.332798649219177641e-06	8.447076923077103948e-06	4.498107226107313918e-06
9.060000000000000128e-04	9.177997527812364813e-06	6.163483976992724992e-06	7.126270594109060273e-06	4.971375579598205149e-06
9.079999999999999530e-04	9.471581632652676525e-06	5.713084539223002933e-06	6.862365384615232577e-06	5.795003003002856604e-06
9.100000000000000016e-04	8.892311377245765394e-06	6.186688659793972301e-06	6.953083292742457762e-06	4.953429158111074794e-06
9.120000000000000502e-04	8.870888092393293975e-06	5.614805389221410997e-06	7.055837864557340464e-06	4.645912373615673257e-06
9.139999999999999904e-04	8.835731852439645552e-06	5.246237762237864884e-06	7.500683131897164523e-06	4.973855670103146862e-06
9.160000000000000390e-04	7.952445555159041082e-06	6.086425963488965995e-06	7.804352104975582991e-06	4.906029486527829997e-06
9.179999999999999792e-04	8.348470764617443843e-06	6.660026631158340438e-06	7.403112033194863561e-06	4.080236786469230578e-06
9.200000000000000278e-04	8.790071033938678713e-06	5.606965620328951247e-06	6.710540667607069135e-06	4.124034188034257145e-06
9.219999999999999680e-04	8.687191887675272797e-06	5.081029461564341810e-06	7.492346456692685116e-06	4.518089887640323285e-06
9.240000000000000166e-04	8.262062314539797518e-06	5.215516162669339252e-06	7.421820072802710888e-06	4.844578313252839079e-06
9.259999999999999568e-04	8.462583586626421149e-06	5.419342723004802688e-06	6.438087505638347874e-06	4.659797199420671661e-06
9.280000000000000054e-04	9.049427062169996375e-06	5.250832750175041250e-06	6.666156001868497367e-06	4.719198044009907490e-06
9.300000000000000541e-04	8.301215057771354065e-06	5.056145552560812713e-06	7.215692618807149887e-06	5.008137000519100675e-06
9.319999999999999942e-04	7.915053304903874628e-06	5.185694540428307564e-06	6.958478790833476068e-06	4.376979591836649125e-06
9.340000000000000429e-04	8.331806958473304689e-06	5.234684339030193426e-06	6.529130832570646859e-06	4.561001890359016515e-06
9.359999999999999831e-04	8.315802837938926796e-06	5.421965317919247804e-06	6.669383177570298290e-06	4.208931530745811955e-06
9.380000000000000317e-04	8.516328871892734088e-06	5.342855108579356469e-06	6.469446962828529667e-06	4.004780082987437689e-06
9.399999999999999719e-04	8.419190926276253988e-06	5.141939020212494669e-06	6.256799649276750083e-06	4.773392680514511983e-06
9.420000000000000205e-04	8.178273962541473754e-06	5.687912087912234694e-06	6.647116907312672773e-06	4.253891582194892333e-06
9.439999999999999607e-04	7.871304347825812357e-06	5.702644376899576387e-06	6.308859416445474128e-06	3.920519902518132991e-06
9.460000000000000093e-04	7.748114126652987208e-06	4.983798140770408721e-06	6.090892018779462637e-06	4.493761638733808398e-06
9.479999999999999495e-04	8.127240875912139314e-06	4.939256334320315331e-06	6.325620567375696182e-06	3.935197717081002723e-06
9.499999999999999981e-04	7.631062371487452704e-06	4.864381075826399676e-06	6.093031596925818650e-06	3.717135155949280940e-06
9.520000000000000467e-04	7.571370282217111093e-06	4.785425565827328681e-06	6.402243158367158655e-06	4.069629005059157671e-06
9.539999999999999869e-04	8.537592024540097089e-06	5.315665722379750015e-06	6.785126010461405702e-06	3.870809943865348793e-06
9.560000000000000355e-04	7.736761640028063004e-06	5.491016825164752959e-06	6.161675302245393280e-06	4.067914032869863579e-06
9.579999999999999757e-04	6.700403250074669318e-06	4.954653465346104692e-06	5.910820215409641621e-06	4.051195971464219116e-06
9.600000000000000243e-04	6.955813808185110233e-06	4.388880444314654342e-06	6.153669685209209608e-06	3.405262786596202068e-06
9.619999999999999645e-04	7.338417930125428154e-06	4.260249716231666711e-06	6.241994750656315357e-06	3.505417574437252323e-06
9.640000000000000131e-04	7.321525813876354317e-06	4.898518760195350422e-06	5.835762781185636246e-06	4.253215859030473100e-06
9.659999999999999533e-04	7.228701298701478992e-06	4.765001586797942036e-06	5.732872639614464964e-06	4.177533535266258472e-06
9.680000000000000019e-04	6.893003095975392121e-06	4.411057579318524582e-06	5.767291835085047146e-06	3.598538948937844385e-06
9.700000000000000505e-04	6.750842935111645948e-06	4.485999402449604311e-06	5.445999999999532473e-06	3.295167235494572017e-06
9.719999999999999907e-04	6.657081339713107229e-06	4.368728542333557951e-06	5.648471892319987344e-06	3.172947748932038769e-06
9.740000000000000394e-04	6.963741007194392492e-06	4.501354916067248641e-06	5.876457990115488550e-06	3.066268656716512359e-06
9.759999999999999796e-04	7.058427393785067188e-06	4.117258020290313053e-06	5.781118314424140479e-06	3.331718426500759459e-06
9.779999999999999197e-04	6.317196367764069780e-06	3.877469661761005415e-06	5.508555984556112359e-06	3.677075399847779747e-06
9.799999999999999684e-04	6.112498627128758878e-06	4.057941097001340894e-06	5.218668617411105413e-06	3.308965044551518648e-06
9.820000000000000170e-04	5.902349509414058644e-06	3.965914972273642575e-06	5.020126671358285926e-06	3.091203585147320550e-06
9.840000000000000656e-04	5.626602628917652892e-06	3.873120165033176175e-06	4.824416638484543852e-06	3.261398176291528804e-06
9.859999999999998974e-04	5.801105029971510961e-06	3.706841066140294405e-06	4.882409308692835185e-06	3.075490445859946804e-06
9.879999999999999460e-04	5.798936946326340252e-06	3.397747116037178726e-06	5.117144906743302483e-06	2.723372814438860374e-06
9.899999999999999946e-04	5.314594078318547725e-06	3.458899378309630038e-06	4.594280193236311857e-06	2.622976643128501884e-06
9.920000000000000432e-04	5.028639855400005234e-06	3.290275952693917428e-06	3.985973735680445866e-06	2.489693219902084721e-06
9.940000000000000918e-04	4.769421345906677040e-06	2.868497231239319793e-06	3.980122767857244267e-06	2.353333333333395223e-06
9.959999999999999236e-04	4.408716323295988732e-06	2.539587559161383577e-06	3.901925601750212718e-06	2.200182232346073994e-06
