1.0000e-03 1.0000e-03 0.0000e+00 6.4000e+03 9.8750e-04 9.8750e-04 1.0000e-03 1.0000e-03 3.4774e+01 1.9463e+21 1.2904e-04 3.7988e+00 -4.1299e+00 2.7517e+02 7.3942e+00 -4.2839e-01 9.5322e-02 -3.1583e-02 7.6021e+00 7.2461e+00 7.3344e+00 3.3137e+01 -1.7487e+00 -1.0713e+01 1.0000e+00 1.0000e+00 0.0000e+00 6.7172e-11
9.9497e-04 9.9497e-04 5.0251e-06 7.6702e+03 9.8499e-04 9.8499e-04 9.9749e-04 9.9749e-04 3.4558e+01 1.9342e+21 1.2824e-04 4.0824e+00 -4.3138e+00 2.7527e+02 7.3511e+00 -4.2262e-01 8.7190e-02 -3.2698e-02 7.5534e+00 7.2086e+00 7.2914e+00 3.2698e+01 -1.4545e+00 -9.7628e+00 9.9497e-01 9.9497e-01 5.0251e-03 8.7038e-06
9.8995e-04 9.8995e-04 1.0050e-05 8.9403e+03 9.8247e-04 9.8247e-04 9.9497e-04 9.9497e-04 3.4377e+01 1.9241e+21 1.2757e-04 4.0714e+00 -4.4150e+00 2.7538e+02 7.3156e+00 -4.1428e-01 8.1914e-02 -3.2812e-02 7.5177e+00 7.1744e+00 7.2547e+00 3.2858e+01 -1.3694e+00 -8.8826e+00 9.8995e-01 9.8995e-01 1.0050e-02 1.7407e-05
9.8492e-04 9.8492e-04 1.5075e-05 1.0861e+04 9.7867e-04 9.7867e-04 9.9117e-04 9.9117e-04 3.4168e+01 1.9124e+21 1.2679e-04 3.8723e+00 -4.4360e+00 2.7543e+02 7.2725e+00 -4.0399e-01 7.7971e-02 -3.1668e-02 7.4755e+00 7.1314e+00 7.2106e+00 3.3211e+01 -1.5794e+00 -8.4896e+00 9.8492e-01 9.8492e-01 1.5075e-02 2.6111e-05
9.7990e-04 9.7990e-04 2.0101e-05 1.3402e+04 9.7365e-04 9.7365e-04 9.8615e-04 9.8615e-04 3.3939e+01 1.8996e+21 1.2594e-04 3.4292e+00 -4.4378e+00 2.7543e+02 7.2236e+00 -3.9156e-01 7.4025e-02 -3.0018e-02 7.4315e+00 7.0786e+00 7.1608e+00 3.3677e+01 -2.0675e+00 -8.6215e+00 9.7990e-01 9.7990e-01 2.0101e-02 3.4815e-05
9.7487e-04 9.7487e-04 2.5126e-05 1.5942e+04 9.6862e-04 9.6862e-04 9.8112e-04 9.8112e-04 3.3762e+01 1.8897e+21 1.2529e-04 2.5855e+00 -4.5251e+00 2.7538e+02 7.1848e+00 -3.7639e-01 6.9019e-02 -2.9475e-02 7.4099e+00 7.0248e+00 7.1196e+00 3.4422e+01 -2.6758e+00 -8.9623e+00 9.7487e-01 9.7487e-01 2.5126e-02 4.3519e-05
9.6985e-04 9.6985e-04 3.0151e-05 1.8482e+04 9.6360e-04 9.6360e-04 9.7610e-04 9.7610e-04 3.3593e+01 1.8802e+21 1.2466e-04 2.5999e+00 -4.5789e+00 2.7536e+02 7.1483e+00 -3.6863e-01 6.4949e-02 -3.1294e-02 7.3723e+00 6.9883e+00 7.0843e+00 3.4091e+01 -1.4247e+00 -8.6628e+00 9.6985e-01 9.6985e-01 3.0151e-02 5.2223e-05
9.6482e-04 9.6482e-04 3.5176e-05 2.1023e+04 9.5857e-04 9.5857e-04 9.7107e-04 9.7107e-04 3.3446e+01 1.8720e+21 1.2411e-04 2.3229e+00 -4.6466e+00 2.7535e+02 7.1167e+00 -3.5877e-01 6.3992e-02 -3.4775e-02 7.3470e+00 6.9524e+00 7.0507e+00 3.4581e+01 -8.4881e-01 -8.3443e+00 9.6482e-01 9.6482e-01 3.5176e-02 6.0926e-05
9.5980e-04 9.5980e-04 4.0201e-05 2.3563e+04 9.5355e-04 9.5355e-04 9.6605e-04 9.6605e-04 3.3322e+01 1.8651e+21 1.2365e-04 2.2008e+00 -4.7511e+00 2.7536e+02 7.0905e+00 -3.4965e-01 6.3670e-02 -3.6367e-02 7.3202e+00 6.9252e+00 7.0260e+00 3.4893e+01 -5.3053e-01 -8.3096e+00 9.5980e-01 9.5980e-01 4.0201e-02 6.9630e-05
9.5477e-04 9.5477e-04 4.5226e-05 2.6103e+04 9.4852e-04 9.4852e-04 9.6102e-04 9.6102e-04 3.3216e+01 1.8591e+21 1.2326e-04 2.2244e+00 -4.8828e+00 2.7536e+02 7.0680e+00 -3.4119e-01 6.3555e-02 -3.6349e-02 7.2921e+00 6.9036e+00 7.0082e+00 3.5333e+01 -5.0168e-01 -8.5623e+00 9.5477e-01 9.5477e-01 4.5226e-02 7.8334e-05
9.4975e-04 9.4975e-04 5.0251e-05 2.8644e+04 9.4350e-04 9.4350e-04 9.5600e-04 9.5600e-04 3.3116e+01 1.8535e+21 1.2289e-04 2.1137e+00 -5.0020e+00 2.7535e+02 7.0462e+00 -3.3191e-01 6.4133e-02 -3.7302e-02 7.2709e+00 6.8784e+00 6.9894e+00 3.6786e+01 -1.0240e+00 -8.9099e+00 9.4975e-01 9.4975e-01 5.0251e-02 8.7038e-05
9.4472e-04 9.4472e-04 5.5276e-05 3.1184e+04 9.3847e-04 9.3847e-04 9.5097e-04 9.5097e-04 3.3007e+01 1.8474e+21 1.2248e-04 2.0976e+00 -4.9347e+00 2.7532e+02 7.0225e+00 -3.2936e-01 5.9258e-02 -3.7692e-02 7.2426e+00 6.8573e+00 6.9674e+00 3.5542e+01 -1.4923e+00 -9.3002e+00 9.4472e-01 9.4472e-01 5.5276e-02 9.5742e-05
9.3970e-04 9.3970e-04 6.0302e-05 3.3724e+04 9.3345e-04 9.3345e-04 9.4595e-04 9.4595e-04 3.2913e+01 1.8422e+21 1.2214e-04 2.0388e+00 -4.9115e+00 2.7531e+02 7.0022e+00 -3.2706e-01 5.5840e-02 -3.9374e-02 7.2228e+00 6.8364e+00 6.9474e+00 3.4033e+01 -1.8038e+00 -9.5732e+00 9.3970e-01 9.3970e-01 6.0302e-02 1.0445e-04
9.3467e-04 9.3467e-04 6.5327e-05 3.6264e+04 9.2842e-04 9.2842e-04 9.4092e-04 9.4092e-04 3.2817e+01 1.8368e+21 1.2178e-04 2.0165e+00 -4.9271e+00 2.7529e+02 6.9814e+00 -3.2319e-01 5.3046e-02 -3.8198e-02 7.1983e+00 6.8185e+00 6.9273e+00 3.3127e+01 -1.4520e+00 -9.4328e+00 9.3467e-01 9.3467e-01 6.5327e-02 1.1315e-04
9.2965e-04 9.2965e-04 7.0352e-05 3.8805e+04 9.2340e-04 9.2340e-04 9.3590e-04 9.3590e-04 3.2720e+01 1.8314e+21 1.2142e-04 1.9827e+00 -4.9675e+00 2.7526e+02 6.9600e+00 -3.1776e-01 5.0932e-02 -3.5255e-02 7.1710e+00 6.8026e+00 6.9063e+00 3.2864e+01 -5.4531e-01 -8.9476e+00 9.2965e-01 9.2965e-01 7.0352e-02 1.2185e-04
9.2462e-04 9.2462e-04 7.5377e-05 4.1345e+04 9.1837e-04 9.1837e-04 9.3087e-04 9.3087e-04 3.2633e+01 1.8265e+21 1.2110e-04 1.8497e+00 -5.0082e+00 2.7520e+02 6.9399e+00 -3.1194e-01 4.9829e-02 -3.4001e-02 7.1485e+00 6.7862e+00 6.8850e+00 3.2850e+01 3.5751e-01 -8.3609e+00 9.2462e-01 9.2462e-01 7.5377e-02 1.3056e-04
9.1960e-04 9.1960e-04 8.0402e-05 4.3885e+04 9.1335e-04 9.1335e-04 9.2585e-04 9.2585e-04 3.2558e+01 1.8223e+21 1.2082e-04 1.7602e+00 -4.9786e+00 2.7515e+02 6.9228e+00 -3.0943e-01 4.8954e-02 -3.5200e-02 7.1257e+00 6.7737e+00 6.8691e+00 3.2696e+01 -5.8524e-01 -7.7164e+00 9.1960e-01 9.1960e-01 8.0402e-02 1.3926e-04
9.1457e-04 9.1457e-04 8.5427e-05 4.6426e+04 9.0832e-04 9.0832e-04 9.2082e-04 9.2082e-04 3.2488e+01 1.8184e+21 1.2056e-04 1.7247e+00 -4.9561e+00 2.7510e+02 6.9066e+00 -3.0689e-01 4.6999e-02 -3.5067e-02 7.1056e+00 6.7595e+00 6.8548e+00 3.2566e+01 -1.3530e+00 -7.0190e+00 9.1457e-01 9.1457e-01 8.5427e-02 1.4796e-04
9.0955e-04 9.0955e-04 9.0452e-05 4.8966e+04 9.0330e-04 9.0330e-04 9.1580e-04 9.1580e-04 3.2422e+01 1.8147e+21 1.2031e-04 1.7245e+00 -4.9813e+00 2.7508e+02 6.8919e+00 -3.0351e-01 4.5528e-02 -3.4565e-02 7.0856e+00 6.7479e+00 6.8421e+00 3.2148e+01 -1.2046e+00 -6.7765e+00 9.0955e-01 9.0955e-01 9.0452e-02 1.5667e-04
9.0452e-04 9.0452e-04 9.5477e-05 5.1506e+04 8.9827e-04 8.9827e-04 9.1077e-04 9.1077e-04 3.2358e+01 1.8111e+21 1.2008e-04 1.7121e+00 -5.0265e+00 2.7508e+02 6.8783e+00 -2.9938e-01 4.4740e-02 -3.4610e-02 7.0657e+00 6.7390e+00 6.8301e+00 3.1809e+01 -9.1486e-01 -7.0712e+00 9.0452e-01 9.0452e-01 9.5477e-02 1.6537e-04
8.9950e-04 8.9950e-04 1.0050e-04 5.4047e+04 8.9325e-04 8.9325e-04 9.0575e-04 9.0575e-04 3.2294e+01 1.8075e+21 1.1984e-04 1.6449e+00 -5.0406e+00 2.7508e+02 6.8647e+00 -2.9510e-01 4.4269e-02 -3.5479e-02 7.0465e+00 6.7303e+00 6.8173e+00 3.2000e+01 -1.4584e+00 -7.6870e+00 8.9950e-01 8.9950e-01 1.0050e-01 1.7408e-04
8.9447e-04 8.9447e-04 1.0553e-04 5.6587e+04 8.8822e-04 8.8822e-04 9.0072e-04 9.0072e-04 3.2219e+01 1.8033e+21 1.1956e-04 1.5896e+00 -4.9901e+00 2.7507e+02 6.8486e+00 -2.9218e-01 4.3390e-02 -3.3159e-02 7.0276e+00 6.7153e+00 6.8030e+00 3.2059e+01 -1.3065e+00 -7.5858e+00 8.9447e-01 8.9447e-01 1.0553e-01 1.8278e-04
8.8945e-04 8.8945e-04 1.1055e-04 5.9127e+04 8.8320e-04 8.8320e-04 8.9570e-04 8.9570e-04 3.2150e+01 1.7994e+21 1.1930e-04 1.5311e+00 -4.8790e+00 2.7501e+02 6.8323e+00 -2.8810e-01 4.2127e-02 -3.1692e-02 7.0111e+00 6.6976e+00 6.7881e+00 3.1490e+01 -1.9956e+00 -7.4141e+00 8.8945e-01 8.8945e-01 1.1055e-01 1.9148e-04
8.8442e-04 8.8442e-04 1.1558e-04 6.1667e+04 8.7817e-04 8.7817e-04 8.9067e-04 8.9067e-04 3.2080e+01 1.7955e+21 1.1904e-04 1.4391e+00 -4.8711e+00 2.7501e+02 6.8176e+00 -2.8292e-01 4.1411e-02 -3.0692e-02 6.9946e+00 6.6851e+00 6.7731e+00 3.1606e+01 -1.9602e+00 -7.5439e+00 8.8442e-01 8.8442e-01 1.1558e-01 2.0019e-04
8.7940e-04 8.7940e-04 1.2060e-04 6.4208e+04 8.7315e-04 8.7315e-04 8.8565e-04 8.8565e-04 3.2015e+01 1.7919e+21 1.1880e-04 1.3291e+00 -4.9439e+00 2.7504e+02 6.8044e+00 -2.7776e-01 4.1308e-02 -3.0397e-02 6.9778e+00 6.6762e+00 6.7591e+00 3.2057e+01 -1.5543e+00 -7.6998e+00 8.7940e-01 8.7940e-01 1.2060e-01 2.0889e-04
8.7437e-04 8.7437e-04 1.2563e-04 6.6748e+04 8.6812e-04 8.6812e-04 8.8062e-04 8.8062e-04 3.1961e+01 1.7889e+21 1.1860e-04 1.2383e+00 -5.0272e+00 2.7500e+02 6.7919e+00 -2.7395e-01 4.1324e-02 -3.0866e-02 6.9615e+00 6.6672e+00 6.7469e+00 3.2144e+01 -1.4352e+00 -7.5382e+00 8.7437e-01 8.7437e-01 1.2563e-01 2.1759e-04
8.6935e-04 8.6935e-04 1.3065e-04 6.9288e+04 8.6310e-04 8.6310e-04 8.7560e-04 8.7560e-04 3.1914e+01 1.7863e+21 1.1843e-04 1.2496e+00 -5.0761e+00 2.7497e+02 6.7813e+00 -2.7219e-01 3.9444e-02 -3.0697e-02 6.9479e+00 6.6593e+00 6.7366e+00 3.1648e+01 -1.1997e+00 -7.2183e+00 8.6935e-01 8.6935e-01 1.3065e-01 2.2630e-04
8.6432e-04 8.6432e-04 1.3568e-04 7.1829e+04 8.5807e-04 8.5807e-04 8.7057e-04 8.7057e-04 3.1862e+01 1.7833e+21 1.1823e-04 1.1863e+00 -5.0823e+00 2.7495e+02 6.7697e+00 -2.6760e-01 3.8088e-02 -2.8930e-02 6.9339e+00 6.6504e+00 6.7249e+00 3.0596e+01 -1.3752e+00 -7.7125e+00 8.6432e-01 8.6432e-01 1.3568e-01 2.3500e-04
8.5930e-04 8.5930e-04 1.4070e-04 7.4369e+04 8.5305e-04 8.5305e-04 8.6555e-04 8.6555e-04 3.1812e+01 1.7805e+21 1.1805e-04 1.1669e+00 -5.1096e+00 2.7498e+02 6.7598e+00 -2.6477e-01 3.7081e-02 -2.8049e-02 6.9203e+00 6.6433e+00 6.7159e+00 2.9899e+01 -1.1536e+00 -7.4582e+00 8.5930e-01 8.5930e-01 1.4070e-01 2.4371e-04
8.5427e-04 8.5427e-04 1.4573e-04 7.6909e+04 8.4802e-04 8.4802e-04 8.6052e-04 8.6052e-04 3.1762e+01 1.7777e+21 1.1786e-04 1.1741e+00 -5.1879e+00 2.7504e+02 6.7507e+00 -2.6393e-01 3.5664e-02 -2.8506e-02 6.9083e+00 6.6363e+00 6.7076e+00 2.9465e+01 -4.1840e-01 -6.9276e+00 8.5427e-01 8.5427e-01 1.4573e-01 2.5241e-04
8.4925e-04 8.4925e-04 1.5075e-04 7.9450e+04 8.4300e-04 8.4300e-04 8.5550e-04 8.5550e-04 3.1710e+01 1.7748e+21 1.1767e-04 1.1621e+00 -5.2859e+00 2.7510e+02 6.7411e+00 -2.6388e-01 3.3407e-02 -2.9718e-02 6.8973e+00 6.6280e+00 6.6981e+00 2.9174e+01 5.4606e-01 -6.5819e+00 8.4925e-01 8.4925e-01 1.5075e-01 2.6111e-04
8.4422e-04 8.4422e-04 1.5578e-04 8.1990e+04 8.3797e-04 8.3797e-04 8.5047e-04 8.5047e-04 3.1663e+01 1.7722e+21 1.1750e-04 1.0768e+00 -5.1826e+00 2.7506e+02 6.7300e+00 -2.6152e-01 3.1347e-02 -2.9000e-02 6.8803e+00 6.6195e+00 6.6902e+00 2.9526e+01 5.7322e-01 -5.4366e+00 8.4422e-01 8.4422e-01 1.5578e-01 2.6982e-04
8.3920e-04 8.3920e-04 1.6080e-04 8.4530e+04 8.3295e-04 8.3295e-04 8.4545e-04 8.4545e-04 3.1614e+01 1.7695e+21 1.1732e-04 1.0480e+00 -5.0861e+00 2.7499e+02 6.7181e+00 -2.5765e-01 3.0709e-02 -2.8866e-02 6.8636e+00 6.6081e+00 6.6827e+00 2.9698e+01 5.4094e-01 -4.9664e+00 8.3920e-01 8.3920e-01 1.6080e-01 2.7852e-04
8.3417e-04 8.3417e-04 1.6583e-04 8.7070e+04 8.2792e-04 8.2792e-04 8.4042e-04 8.4042e-04 3.1581e+01 1.7676e+21 1.1719e-04 1.0328e+00 -5.0174e+00 2.7491e+02 6.7090e+00 -2.5243e-01 3.1599e-02 -2.8611e-02 6.8490e+00 6.6025e+00 6.6755e+00 2.9599e+01 4.1970e-01 -4.7755e+00 8.3417e-01 8.3417e-01 1.6583e-01 2.8722e-04
8.2915e-04 8.2915e-04 1.7085e-04 8.9611e+04 8.2290e-04 8.2290e-04 8.3540e-04 8.3540e-04 3.1555e+01 1.7662e+21 1.1710e-04 1.0092e+00 -4.9738e+00 2.7487e+02 6.7024e+00 -2.4716e-01 3.2541e-02 -2.7677e-02 6.8368e+00 6.6005e+00 6.6700e+00 2.9178e+01 3.9222e-01 -4.6802e+00 8.2915e-01 8.2915e-01 1.7085e-01 2.9593e-04
8.2412e-04 8.2412e-04 1.7588e-04 9.2151e+04 8.1787e-04 8.1787e-04 8.3037e-04 8.3037e-04 3.1529e+01 1.7647e+21 1.1700e-04 9.6117e-01 -4.9509e+00 2.7487e+02 6.6968e+00 -2.4335e-01 3.2301e-02 -2.6393e-02 6.8268e+00 6.5985e+00 6.6653e+00 2.8676e+01 6.0737e-01 -4.6689e+00 8.2412e-01 8.2412e-01 1.7588e-01 3.0463e-04
8.1910e-04 8.1910e-04 1.8090e-04 9.4691e+04 8.1285e-04 8.1285e-04 8.2535e-04 8.2535e-04 3.1496e+01 1.7628e+21 1.1688e-04 8.7749e-01 -4.9527e+00 2.7480e+02 6.6882e+00 -2.4282e-01 3.0761e-02 -2.7306e-02 6.8181e+00 6.5932e+00 6.6535e+00 2.9063e+01 1.0768e+00 -5.1265e+00 8.1910e-01 8.1910e-01 1.8090e-01 3.1334e-04
8.1407e-04 8.1407e-04 1.8593e-04 9.7232e+04 8.0782e-04 8.0782e-04 8.2032e-04 8.2032e-04 3.1464e+01 1.7611e+21 1.1676e-04 7.8235e-01 -4.8986e+00 2.7475e+02 6.6804e+00 -2.3982e-01 3.0823e-02 -2.9627e-02 6.8088e+00 6.5890e+00 6.6433e+00 2.9418e+01 9.1233e-01 -5.8257e+00 8.1407e-01 8.1407e-01 1.8593e-01 3.2204e-04
8.0905e-04 8.0905e-04 1.9095e-04 9.9772e+04 8.0280e-04 8.0280e-04 8.1530e-04 8.1530e-04 3.1420e+01 1.7586e+21 1.1659e-04 6.5958e-01 -4.8431e+00 2.7471e+02 6.6699e+00 -2.3760e-01 2.9350e-02 -2.8873e-02 6.7953e+00 6.5828e+00 6.6315e+00 2.9422e+01 5.5569e-01 -5.7718e+00 8.0905e-01 8.0905e-01 1.9095e-01 3.3074e-04
8.0402e-04 8.0402e-04 1.9598e-04 1.0231e+05 7.9777e-04 7.9777e-04 8.1027e-04 8.1027e-04 3.1370e+01 1.7558e+21 1.1641e-04 5.3443e-01 -4.7924e+00 2.7466e+02 6.6582e+00 -2.3535e-01 2.6779e-02 -2.7657e-02 6.7812e+00 6.5750e+00 6.6182e+00 2.9374e+01 -1.7247e-01 -5.4471e+00 8.0402e-01 8.0402e-01 1.9598e-01 3.3945e-04
7.9899e-04 7.9899e-04 2.0101e-04 1.0485e+05 7.9274e-04 7.9274e-04 8.0525e-04 8.0525e-04 3.1321e+01 1.7531e+21 1.1623e-04 4.3521e-01 -4.7570e+00 2.7464e+02 6.6474e+00 -2.3234e-01 2.4239e-02 -2.6854e-02 6.7692e+00 6.5669e+00 6.6060e+00 2.9595e+01 -1.0411e+00 -4.9999e+00 7.9899e-01 7.9899e-01 2.0101e-01 3.4815e-04
7.9397e-04 7.9397e-04 2.0603e-04 1.0739e+05 7.8772e-04 7.8772e-04 8.0022e-04 8.0022e-04 3.1275e+01 1.7505e+21 1.1606e-04 3.9068e-01 -4.7646e+00 2.7473e+02 6.6396e+00 -2.2860e-01 2.3565e-02 -2.2787e-02 6.7575e+00 6.5596e+00 6.6018e+00 3.0352e+01 -9.4041e-01 -3.6630e+00 7.9397e-01 7.9397e-01 2.0603e-01 3.5685e-04
7.8894e-04 7.8894e-04 2.1106e-04 1.0993e+05 7.8269e-04 7.8269e-04 7.9519e-04 7.9519e-04 3.1235e+01 1.7483e+21 1.1591e-04 3.2145e-01 -4.6608e+00 2.7475e+02 6.6318e+00 -2.2289e-01 2.3512e-02 -1.8124e-02 6.7454e+00 6.5537e+00 6.5962e+00 3.0995e+01 -1.5135e+00 -2.5269e+00 7.8894e-01 7.8894e-01 2.1106e-01 3.6556e-04
7.8392e-04 7.8392e-04 2.1608e-04 1.1247e+05 7.7767e-04 7.7767e-04 7.9017e-04 7.9017e-04 3.1206e+01 1.7466e+21 1.1580e-04 2.7660e-01 -4.5507e+00 2.7480e+02 6.6266e+00 -2.2001e-01 2.4449e-02 -1.7329e-02 6.7348e+00 6.5519e+00 6.5929e+00 3.0700e+01 -1.7006e+00 -2.6125e+00 7.8392e-01 7.8392e-01 2.1608e-01 3.7426e-04
7.7889e-04 7.7889e-04 2.2111e-04 1.1501e+05 7.7264e-04 7.7264e-04 7.8514e-04 7.8514e-04 3.1182e+01 1.7453e+21 1.1571e-04 2.6496e-01 -4.4650e+00 2.7486e+02 6.6232e+00 -2.1855e-01 2.5760e-02 -1.9240e-02 6.7259e+00 6.5530e+00 6.5905e+00 3.0424e+01 -1.5721e+00 -2.9186e+00 7.7889e-01 7.7889e-01 2.2111e-01 3.8297e-04
7.7387e-04 7.7387e-04 2.2613e-04 1.1755e+05 7.6762e-04 7.6762e-04 7.8012e-04 7.8012e-04 3.1157e+01 1.7439e+21 1.1562e-04 2.3124e-01 -4.4154e+00 2.7493e+02 6.6194e+00 -2.1743e-01 2.5883e-02 -2.1677e-02 6.7180e+00 6.5536e+00 6.5867e+00 3.0408e+01 -1.2941e+00 -2.9630e+00 7.7387e-01 7.7387e-01 2.2613e-01 3.9167e-04
7.6884e-04 7.6884e-04 2.3116e-04 1.2009e+05 7.6259e-04 7.6259e-04 7.7509e-04 7.7509e-04 3.1120e+01 1.7418e+21 1.1548e-04 3.1952e-02 -4.3931e+00 2.7493e+02 6.6115e+00 -2.1655e-01 2.1967e-02 -2.1501e-02 6.7089e+00 6.5476e+00 6.5781e+00 2.9743e+01 -1.0772e+00 -3.1542e+00 7.6884e-01 7.6884e-01 2.3116e-01 4.0037e-04
7.6382e-04 7.6382e-04 2.3618e-04 1.2263e+05 7.5757e-04 7.5757e-04 7.7007e-04 7.7007e-04 3.1088e+01 1.7400e+21 1.1536e-04 -1.0309e-01 -4.3418e+00 2.7502e+02 6.6069e+00 -2.1622e-01 1.9701e-02 -2.2008e-02 6.7004e+00 6.5453e+00 6.5751e+00 2.9536e+01 -1.3037e+00 -3.2952e+00 7.6382e-01 7.6382e-01 2.3618e-01 4.0908e-04
7.5879e-04 7.5879e-04 2.4121e-04 1.2517e+05 7.5254e-04 7.5254e-04 7.6504e-04 7.6504e-04 3.1065e+01 1.7387e+21 1.1528e-04 -1.7869e-01 -4.2536e+00 2.7489e+02 6.5989e+00 -2.1196e-01 1.8633e-02 -2.0576e-02 6.6867e+00 6.5408e+00 6.5693e+00 2.9037e+01 -1.1861e+00 -3.8196e+00 7.5879e-01 7.5879e-01 2.4121e-01 4.1778e-04
7.5377e-04 7.5377e-04 2.4623e-04 1.2772e+05 7.4752e-04 7.4752e-04 7.6002e-04 7.6002e-04 3.1045e+01 1.7376e+21 1.1520e-04 -2.3918e-01 -4.1460e+00 2.7471e+02 6.5902e+00 -2.0701e-01 1.7989e-02 -1.8829e-02 6.6721e+00 6.5374e+00 6.5611e+00 2.8126e+01 -8.1327e-01 -4.5714e+00 7.5377e-01 7.5377e-01 2.4623e-01 4.2648e-04
7.4874e-04 7.4874e-04 2.5126e-04 1.3026e+05 7.4249e-04 7.4249e-04 7.5499e-04 7.5499e-04 3.1025e+01 1.7365e+21 1.1513e-04 -3.1005e-01 -4.0621e+00 2.7455e+02 6.5824e+00 -2.0345e-01 1.7143e-02 -1.7298e-02 6.6600e+00 6.5348e+00 6.5523e+00 2.7203e+01 -4.9174e-01 -5.0835e+00 7.4874e-01 7.4874e-01 2.5126e-01 4.3519e-04
7.4372e-04 7.4372e-04 2.5628e-04 1.3280e+05 7.3747e-04 7.3747e-04 7.4997e-04 7.4997e-04 3.1008e+01 1.7356e+21 1.1507e-04 -3.9490e-01 -4.0690e+00 2.7442e+02 6.5756e+00 -2.0187e-01 1.5666e-02 -1.5257e-02 6.6523e+00 6.5288e+00 6.5457e+00 2.7190e+01 -7.2422e-01 -4.5946e+00 7.4372e-01 7.4372e-01 2.5628e-01 4.4389e-04
7.3869e-04 7.3869e-04 2.6131e-04 1.3534e+05 7.3244e-04 7.3244e-04 7.4494e-04 7.4494e-04 3.0979e+01 1.7339e+21 1.1496e-04 -4.8639e-01 -4.0235e+00 2.7436e+02 6.5680e+00 -1.9874e-01 1.4761e-02 -1.3999e-02 6.6413e+00 6.5233e+00 6.5394e+00 2.7812e+01 -1.1662e+00 -3.6505e+00 7.3869e-01 7.3869e-01 2.6131e-01 4.5260e-04
7.3367e-04 7.3367e-04 2.6633e-04 1.3788e+05 7.2742e-04 7.2742e-04 7.3992e-04 7.3992e-04 3.0938e+01 1.7316e+21 1.1481e-04 -5.2141e-01 -3.9459e+00 2.7438e+02 6.5598e+00 -1.9549e-01 1.3918e-02 -1.2888e-02 6.6307e+00 6.5161e+00 6.5325e+00 2.7916e+01 -1.1269e+00 -3.1442e+00 7.3367e-01 7.3367e-01 2.6633e-01 4.6130e-04
7.2864e-04 7.2864e-04 2.7136e-04 1.4042e+05 7.2239e-04 7.2239e-04 7.3489e-04 7.3489e-04 3.0902e+01 1.7296e+21 1.1467e-04 -5.9800e-01 -3.8338e+00 2.7440e+02 6.5527e+00 -1.9401e-01 1.3768e-02 -1.0948e-02 6.6215e+00 6.5093e+00 6.5274e+00 2.8145e+01 -1.1631e+00 -2.8117e+00 7.2864e-01 7.2864e-01 2.7136e-01 4.7000e-04
7.2362e-04 7.2362e-04 2.7638e-04 1.4296e+05 7.1737e-04 7.1737e-04 7.2987e-04 7.2987e-04 3.0873e+01 1.7280e+21 1.1457e-04 -7.1476e-01 -3.7442e+00 2.7443e+02 6.5473e+00 -1.9363e-01 1.4099e-02 -9.1775e-03 6.6130e+00 6.5047e+00 6.5241e+00 2.8435e+01 -1.0971e+00 -2.5494e+00 7.2362e-01 7.2362e-01 2.7638e-01 4.7871e-04
7.1859e-04 7.1859e-04 2.8141e-04 1.4550e+05 7.1234e-04 7.1234e-04 7.2484e-04 7.2484e-04 3.0844e+01 1.7263e+21 1.1446e-04 -7.9428e-01 -3.7705e+00 2.7449e+02 6.5424e+00 -1.9161e-01 1.4078e-02 -9.9109e-03 6.6030e+00 6.5033e+00 6.5208e+00 2.8209e+01 -1.9592e-01 -2.3689e+00 7.1859e-01 7.1859e-01 2.8141e-01 4.8741e-04
7.1357e-04 7.1357e-04 2.8643e-04 1.4804e+05 7.0732e-04 7.0732e-04 7.1982e-04 7.1982e-04 3.0803e+01 1.7241e+21 1.1431e-04 -9.2050e-01 -3.6967e+00 2.7452e+02 6.5345e+00 -1.8623e-01 1.4986e-02 -8.2617e-03 6.5885e+00 6.5003e+00 6.5146e+00 2.8705e+01 1.1573e+00 -1.8402e+00 7.1357e-01 7.1357e-01 2.8643e-01 4.9612e-04
7.0854e-04 7.0854e-04 2.9146e-04 1.5058e+05 7.0229e-04 7.0229e-04 7.1479e-04 7.1479e-04 3.0768e+01 1.7221e+21 1.1417e-04 -9.8528e-01 -3.6317e+00 2.7444e+02 6.5252e+00 -1.8061e-01 1.3887e-02 -9.7096e-03 6.5754e+00 6.4948e+00 6.5054e+00 2.7852e+01 5.2916e-01 -2.4189e+00 7.0854e-01 7.0854e-01 2.9146e-01 5.0482e-04
7.0352e-04 7.0352e-04 2.9648e-04 1.5312e+05 6.9727e-04 6.9727e-04 7.0977e-04 7.0977e-04 3.0731e+01 1.7200e+21 1.1404e-04 -1.0885e+00 -3.6089e+00 2.7431e+02 6.5143e+00 -1.7643e-01 1.1211e-02 -1.1375e-02 6.5614e+00 6.4873e+00 6.4943e+00 2.7022e+01 -2.7459e-01 -2.9181e+00 7.0352e-01 7.0352e-01 2.9648e-01 5.1352e-04
6.9849e-04 6.9849e-04 3.0151e-04 1.5566e+05 6.9224e-04 6.9224e-04 7.0474e-04 7.0474e-04 3.0700e+01 1.7183e+21 1.1392e-04 -1.2100e+00 -3.5891e+00 2.7421e+02 6.5052e+00 -1.7327e-01 9.0208e-03 -1.2238e-02 6.5493e+00 6.4810e+00 6.4853e+00 2.6502e+01 -9.0073e-01 -2.9906e+00 6.9849e-01 6.9849e-01 3.0151e-01 5.2223e-04
6.9347e-04 6.9347e-04 3.0653e-04 1.5820e+05 6.8722e-04 6.8722e-04 6.9972e-04 6.9972e-04 3.0687e+01 1.7175e+21 1.1387e-04 -1.2636e+00 -3.4959e+00 2.7421e+02 6.5024e+00 -1.6950e-01 9.9811e-03 -1.2363e-02 6.5440e+00 6.4797e+00 6.4836e+00 2.5931e+01 -1.8019e+00 -2.8146e+00 6.9347e-01 6.9347e-01 3.0653e-01 5.3093e-04
6.8844e-04 6.8844e-04 3.1156e-04 1.6074e+05 6.8219e-04 6.8219e-04 6.9469e-04 6.9469e-04 3.0682e+01 1.7173e+21 1.1386e-04 -1.2747e+00 -3.3635e+00 2.7417e+02 6.5006e+00 -1.6566e-01 1.0854e-02 -1.1235e-02 6.5399e+00 6.4795e+00 6.4823e+00 2.5048e+01 -2.4776e+00 -2.7422e+00 6.8844e-01 6.8844e-01 3.1156e-01 5.3963e-04
6.8342e-04 6.8342e-04 3.1658e-04 1.6328e+05 6.7717e-04 6.7717e-04 6.8967e-04 6.8967e-04 3.0648e+01 1.7154e+21 1.1373e-04 -1.3668e+00 -3.2746e+00 2.7431e+02 6.4966e+00 -1.6357e-01 1.0452e-02 -1.0482e-02 6.5359e+00 6.4765e+00 6.4773e+00 2.5327e+01 -2.2026e+00 -2.8836e+00 6.8342e-01 6.8342e-01 3.1658e-01 5.4834e-04
6.7839e-04 6.7839e-04 3.2161e-04 1.6582e+05 6.7214e-04 6.7214e-04 6.8464e-04 6.8464e-04 3.0612e+01 1.7134e+21 1.1360e-04 -1.5110e+00 -3.2557e+00 2.7446e+02 6.4926e+00 -1.6219e-01 8.9752e-03 -1.0979e-02 6.5320e+00 6.4732e+00 6.4726e+00 2.6162e+01 -1.7069e+00 -3.0572e+00 6.7839e-01 6.7839e-01 3.2161e-01 5.5704e-04
6.7337e-04 6.7337e-04 3.2663e-04 1.6836e+05 6.6712e-04 6.6712e-04 6.7962e-04 6.7962e-04 3.0586e+01 1.7119e+21 1.1350e-04 -1.6596e+00 -3.2436e+00 2.7451e+02 6.4881e+00 -1.6111e-01 7.3888e-03 -1.1563e-02 6.5271e+00 6.4695e+00 6.4676e+00 2.6850e+01 -1.4499e+00 -3.0393e+00 6.7337e-01 6.7337e-01 3.2663e-01 5.6575e-04
6.6834e-04 6.6834e-04 3.3166e-04 1.7090e+05 6.6209e-04 6.6209e-04 6.7459e-04 6.7459e-04 3.0573e+01 1.7112e+21 1.1345e-04 -1.7638e+00 -3.1493e+00 2.7436e+02 6.4820e+00 -1.6011e-01 6.9794e-03 -1.0667e-02 6.5203e+00 6.4649e+00 6.4607e+00 2.6806e+01 -1.6655e+00 -2.7206e+00 6.6834e-01 6.6834e-01 3.3166e-01 5.7445e-04
6.6332e-04 6.6332e-04 3.3668e-04 1.7344e+05 6.5707e-04 6.5707e-04 6.6957e-04 6.6957e-04 3.0557e+01 1.7103e+21 1.1339e-04 -1.8627e+00 -3.0368e+00 2.7425e+02 6.4758e+00 -1.5869e-01 8.5499e-03 -1.1671e-02 6.5117e+00 6.4601e+00 6.4557e+00 2.7033e+01 -1.5937e+00 -3.1939e+00 6.6332e-01 6.6332e-01 3.3668e-01 5.8315e-04
6.5829e-04 6.5829e-04 3.4171e-04 1.7598e+05 6.5204e-04 6.5204e-04 6.6454e-04 6.6454e-04 3.0536e+01 1.7091e+21 1.1331e-04 -1.9589e+00 -2.8961e+00 2.7412e+02 6.4683e+00 -1.5256e-01 9.1661e-03 -1.0029e-02 6.5028e+00 6.4549e+00 6.4471e+00 2.6755e+01 -1.8302e+00 -2.6168e+00 6.5829e-01 6.5829e-01 3.4171e-01 5.9186e-04
6.5327e-04 6.5327e-04 3.4673e-04 1.7852e+05 6.4702e-04 6.4702e-04 6.5952e-04 6.5952e-04 3.0503e+01 1.7072e+21 1.1319e-04 -2.1098e+00 -2.8065e+00 2.7409e+02 6.4606e+00 -1.4740e-01 8.7805e-03 -7.8603e-03 6.4951e+00 6.4490e+00 6.4377e+00 2.6871e+01 -1.4832e+00 -1.5811e+00 6.5327e-01 6.5327e-01 3.4673e-01 6.0056e-04
6.4824e-04 6.4824e-04 3.5176e-04 1.8106e+05 6.4199e-04 6.4199e-04 6.5449e-04 6.5449e-04 3.0467e+01 1.7052e+21 1.1306e-04 -2.2083e+00 -2.7340e+00 2.7413e+02 6.4540e+00 -1.4311e-01 7.3434e-03 -5.8691e-03 6.4882e+00 6.4434e+00 6.4303e+00 2.6688e+01 -9.8603e-01 -7.8273e-01 6.4824e-01 6.4824e-01 3.5176e-01 6.0926e-04
6.4322e-04 6.4322e-04 3.5678e-04 1.8360e+05 6.3697e-04 6.3697e-04 6.4947e-04 6.4947e-04 3.0439e+01 1.7037e+21 1.1296e-04 -2.1464e+00 -2.6180e+00 2.7416e+02 6.4488e+00 -1.3813e-01 5.1377e-03 -4.3554e-03 6.4811e+00 6.4392e+00 6.4261e+00 2.5335e+01 -9.7670e-01 -7.8416e-01 6.4322e-01 6.4322e-01 3.5678e-01 6.1797e-04
6.3819e-04 6.3819e-04 3.6181e-04 1.8614e+05 6.3194e-04 6.3194e-04 6.4444e-04 6.4444e-04 3.0405e+01 1.7018e+21 1.1283e-04 -2.1449e+00 -2.4745e+00 2.7420e+02 6.4427e+00 -1.3424e-01 4.1663e-03 -3.9275e-03 6.4710e+00 6.4354e+00 6.4215e+00 2.4063e+01 -5.4077e-01 -1.0818e+00 6.3819e-01 6.3819e-01 3.6181e-01 6.2667e-04
6.3317e-04 6.3317e-04 3.6683e-04 1.8868e+05 6.2692e-04 6.2692e-04 6.3942e-04 6.3942e-04 3.0404e+01 1.7017e+21 1.1283e-04 -2.1693e+00 -2.4068e+00 2.7406e+02 6.4391e+00 -1.2955e-01 5.1088e-03 -5.2924e-03 6.4633e+00 6.4333e+00 6.4206e+00 2.2835e+01 -4.0373e-01 -1.2773e+00 6.3317e-01 6.3317e-01 3.6683e-01 6.3538e-04
6.2814e-04 6.2814e-04 3.7186e-04 1.9122e+05 6.2189e-04 6.2189e-04 6.3439e-04 6.3439e-04 3.0405e+01 1.7018e+21 1.1283e-04 -2.2170e+00 -2.3639e+00 2.7393e+02 6.4363e+00 -1.2544e-01 5.8865e-03 -5.7869e-03 6.4578e+00 6.4310e+00 6.4200e+00 2.2254e+01 -5.2075e-03 -1.2141e+00 6.2814e-01 6.2814e-01 3.7186e-01 6.4408e-04
6.2312e-04 6.2312e-04 3.7688e-04 1.9376e+05 6.1687e-04 6.1687e-04 6.2937e-04 6.2937e-04 3.0394e+01 1.7012e+21 1.1279e-04 -2.3097e+00 -2.3375e+00 2.7392e+02 6.4335e+00 -1.2189e-01 6.5395e-03 -5.0643e-03 6.4548e+00 6.4279e+00 6.4179e+00 2.2336e+01 8.9411e-02 -8.0705e-01 6.2312e-01 6.2312e-01 3.7688e-01 6.5278e-04
6.1809e-04 6.1809e-04 3.8191e-04 1.9630e+05 6.1184e-04 6.1184e-04 6.2434e-04 6.2434e-04 3.0368e+01 1.6997e+21 1.1269e-04 -2.4579e+00 -2.3216e+00 2.7403e+02 6.4307e+00 -1.1839e-01 7.2261e-03 -3.6585e-03 6.4539e+00 6.4244e+00 6.4138e+00 2.2747e+01 -6.2519e-01 -2.0402e-01 6.1809e-01 6.1809e-01 3.8191e-01 6.6149e-04
6.1307e-04 6.1307e-04 3.8693e-04 1.9884e+05 6.0682e-04 6.0682e-04 6.1932e-04 6.1932e-04 3.0355e+01 1.6990e+21 1.1264e-04 -2.6078e+00 -2.2808e+00 2.7404e+02 6.4280e+00 -1.1385e-01 6.3152e-03 -3.2989e-03 6.4521e+00 6.4223e+00 6.4098e+00 2.2348e+01 -1.2422e+00 -4.4847e-01 6.1307e-01 6.1307e-01 3.8693e-01 6.7019e-04
6.0804e-04 6.0804e-04 3.9196e-04 2.0138e+05 6.0179e-04 6.0179e-04 6.1429e-04 6.1429e-04 3.0331e+01 1.6977e+21 1.1255e-04 -2.7038e+00 -2.2066e+00 2.7395e+02 6.4211e+00 -1.1107e-01 5.9269e-03 -1.3260e-03 6.4416e+00 6.4164e+00 6.4054e+00 2.2234e+01 -2.0552e+00 -2.1849e-01 6.0804e-01 6.0804e-01 3.9196e-01 6.7889e-04
6.0302e-04 6.0302e-04 3.9698e-04 2.0392e+05 5.9677e-04 5.9677e-04 6.0927e-04 6.0927e-04 3.0307e+01 1.6963e+21 1.1247e-04 -2.8260e+00 -2.1830e+00 2.7383e+02 6.4132e+00 -1.0749e-01 5.0581e-03 1.1980e-03 6.4306e+00 6.4087e+00 6.4002e+00 2.2299e+01 -2.3960e+00 -1.0752e-01 6.0302e-01 6.0302e-01 3.9698e-01 6.8760e-04
5.9799e-04 5.9799e-04 4.0201e-04 2.0646e+05 5.9174e-04 5.9174e-04 6.0424e-04 6.0424e-04 3.0287e+01 1.6952e+21 1.1239e-04 -2.8950e+00 -2.1104e+00 2.7369e+02 6.4058e+00 -1.0380e-01 5.2997e-03 1.6973e-03 6.4214e+00 6.4016e+00 6.3944e+00 2.2670e+01 -2.3804e+00 -4.5646e-01 5.9799e-01 5.9799e-01 4.0201e-01 6.9630e-04
5.9296e-04 5.9296e-04 4.0704e-04 2.0900e+05 5.8671e-04 5.8671e-04 5.9921e-04 5.9921e-04 3.0272e+01 1.6943e+21 1.1233e-04 -2.8557e+00 -1.9282e+00 2.7358e+02 6.3997e+00 -1.0058e-01 7.8554e-03 -8.3904e-04 6.4145e+00 6.3965e+00 6.3882e+00 2.3240e+01 -2.3150e+00 -1.3285e+00 5.9296e-01 5.9296e-01 4.0704e-01 7.0501e-04
5.8794e-04 5.8794e-04 4.1206e-04 2.1155e+05 5.8169e-04 5.8169e-04 5.9419e-04 5.9419e-04 3.0252e+01 1.6932e+21 1.1226e-04 -2.8100e+00 -1.7965e+00 2.7350e+02 6.3937e+00 -9.6243e-02 1.1462e-02 -1.8144e-03 6.4068e+00 6.3924e+00 6.3817e+00 2.3048e+01 -2.6406e+00 -2.1034e+00 5.8794e-01 5.8794e-01 4.1206e-01 7.1371e-04
5.8291e-04 5.8291e-04 4.1709e-04 2.1409e+05 5.7666e-04 5.7666e-04 5.8916e-04 5.8916e-04 3.0230e+01 1.6920e+21 1.1218e-04 -2.9022e+00 -1.6172e+00 2.7360e+02 6.3914e+00 -9.3168e-02 9.2772e-03 -2.2868e-03 6.4025e+00 6.3904e+00 6.3815e+00 2.3051e+01 -2.5466e+00 -1.7850e+00 5.8291e-01 5.8291e-01 4.1709e-01 7.2241e-04
5.7789e-04 5.7789e-04 4.2211e-04 2.1663e+05 5.7164e-04 5.7164e-04 5.8414e-04 5.8414e-04 3.0211e+01 1.6909e+21 1.1211e-04 -3.0620e+00 -1.4678e+00 2.7369e+02 6.3897e+00 -9.1140e-02 7.5535e-03 -5.5922e-04 6.3997e+00 6.3893e+00 6.3800e+00 2.2843e+01 -2.2464e+00 -1.6621e+00 5.7789e-01 5.7789e-01 4.2211e-01 7.3112e-04
5.7286e-04 5.7286e-04 4.2714e-04 2.1917e+05 5.6661e-04 5.6661e-04 5.7911e-04 5.7911e-04 3.0197e+01 1.6901e+21 1.1206e-04 -3.2152e+00 -1.2920e+00 2.7368e+02 6.3864e+00 -8.9427e-02 6.4825e-03 5.4333e-04 6.3972e+00 6.3861e+00 6.3759e+00 2.2598e+01 -2.8059e+00 -1.6751e+00 5.7286e-01 5.7286e-01 4.2714e-01 7.3982e-04
5.6784e-04 5.6784e-04 4.3216e-04 2.2171e+05 5.6159e-04 5.6159e-04 5.7409e-04 5.7409e-04 3.0187e+01 1.6896e+21 1.1202e-04 -3.3114e+00 -1.0786e+00 2.7353e+02 6.3808e+00 -8.7723e-02 5.3972e-03 -7.8040e-04 6.3935e+00 6.3793e+00 6.3695e+00 2.2432e+01 -4.4419e+00 -1.7330e+00 5.6784e-01 5.6784e-01 4.3216e-01 7.4852e-04
5.6281e-04 5.6281e-04 4.3719e-04 2.2425e+05 5.5656e-04 5.5656e-04 5.6906e-04 5.6906e-04 3.0182e+01 1.6893e+21 1.1200e-04 -3.3541e+00 -9.6053e-01 2.7330e+02 6.3743e+00 -8.6931e-02 3.3356e-03 -2.7310e-03 6.3889e+00 6.3710e+00 6.3630e+00 2.2142e+01 -5.1838e+00 -2.0728e+00 5.6281e-01 5.6281e-01 4.3719e-01 7.5723e-04
5.5779e-04 5.5779e-04 4.4221e-04 2.2679e+05 5.5154e-04 5.5154e-04 5.6404e-04 5.6404e-04 3.0163e+01 1.6883e+21 1.1193e-04 -3.2785e+00 -9.5496e-01 2.7333e+02 6.3711e+00 -8.4971e-02 1.8534e-03 -9.1536e-04 6.3851e+00 6.3683e+00 6.3599e+00 2.1669e+01 -4.0425e+00 -1.8988e+00 5.5779e-01 5.5779e-01 4.4221e-01 7.6593e-04
5.5276e-04 5.5276e-04 4.4724e-04 2.2933e+05 5.4651e-04 5.4651e-04 5.5901e-04 5.5901e-04 3.0142e+01 1.6871e+21 1.1185e-04 -3.2917e+00 -9.1165e-01 2.7338e+02 6.3678e+00 -8.3627e-02 2.1852e-03 -5.7899e-05 6.3802e+00 6.3660e+00 6.3572e+00 2.1243e+01 -3.2225e+00 -1.8111e+00 5.5276e-01 5.5276e-01 4.4724e-01 7.7464e-04
5.4774e-04 5.4774e-04 4.5226e-04 2.3187e+05 5.4149e-04 5.4149e-04 5.5399e-04 5.5399e-04 3.0118e+01 1.6857e+21 1.1176e-04 -3.3554e+00 -8.3189e-01 2.7344e+02 6.3641e+00 -8.1828e-02 3.0843e-03 -5.3590e-04 6.3749e+00 6.3628e+00 6.3547e+00 2.0975e+01 -2.9317e+00 -1.6080e+00 5.4774e-01 5.4774e-01 4.5226e-01 7.8334e-04
5.4271e-04 5.4271e-04 4.5729e-04 2.3441e+05 5.3646e-04 5.3646e-04 5.4896e-04 5.4896e-04 3.0095e+01 1.6844e+21 1.1168e-04 -3.4411e+00 -7.4742e-01 2.7347e+02 6.3599e+00 -7.8740e-02 3.7517e-03 -2.3732e-03 6.3700e+00 6.3576e+00 6.3522e+00 2.0966e+01 -2.9726e+00 -1.2760e+00 5.4271e-01 5.4271e-01 4.5729e-01 7.9204e-04
5.3769e-04 5.3769e-04 4.6231e-04 2.3695e+05 5.3144e-04 5.3144e-04 5.4394e-04 5.4394e-04 3.0083e+01 1.6838e+21 1.1163e-04 -3.5745e+00 -7.2242e-01 2.7334e+02 6.3544e+00 -7.4279e-02 4.5464e-03 -5.6708e-03 6.3656e+00 6.3492e+00 6.3486e+00 2.1329e+01 -2.7296e+00 -1.2417e+00 5.3769e-01 5.3769e-01 4.6231e-01 8.0075e-04
5.3266e-04 5.3266e-04 4.6734e-04 2.3949e+05 5.2641e-04 5.2641e-04 5.3891e-04 5.3891e-04 3.0076e+01 1.6834e+21 1.1161e-04 -3.5701e+00 -4.8830e-01 2.7327e+02 6.3512e+00 -6.6726e-02 1.3506e-03 -4.7824e-03 6.3614e+00 6.3450e+00 6.3471e+00 2.1672e+01 -2.9687e+00 -1.2931e+00 5.3266e-01 5.3266e-01 4.6734e-01 8.0945e-04
5.2764e-04 5.2764e-04 4.7236e-04 2.4203e+05 5.2139e-04 5.2139e-04 5.3389e-04 5.3389e-04 3.0058e+01 1.6824e+21 1.1154e-04 -3.5529e+00 -2.4044e-01 2.7325e+02 6.3469e+00 -6.0466e-02 -2.0095e-03 -3.3726e-03 6.3556e+00 6.3399e+00 6.3451e+00 2.2226e+01 -2.1986e+00 -7.6787e-01 5.2764e-01 5.2764e-01 4.7236e-01 8.1815e-04
5.2261e-04 5.2261e-04 4.7739e-04 2.4457e+05 5.1636e-04 5.1636e-04 5.2886e-04 5.2886e-04 3.0039e+01 1.6813e+21 1.1147e-04 -3.5616e+00 -6.4047e-02 2.7324e+02 6.3428e+00 -5.7123e-02 -3.2865e-03 -2.8241e-03 6.3506e+00 6.3354e+00 6.3425e+00 2.2038e+01 -1.9341e+00 -3.4143e-01 5.2261e-01 5.2261e-01 4.7739e-01 8.2686e-04
5.1759e-04 5.1759e-04 4.8241e-04 2.4711e+05 5.1134e-04 5.1134e-04 5.2384e-04 5.2384e-04 3.0026e+01 1.6806e+21 1.1142e-04 -3.6148e+00 4.1478e-02 2.7322e+02 6.3395e+00 -5.6253e-02 -2.4377e-03 -3.1743e-03 6.3469e+00 6.3317e+00 6.3398e+00 2.1028e+01 -2.6950e+00 -4.4246e-01 5.1759e-01 5.1759e-01 4.8241e-01 8.3556e-04
5.1256e-04 5.1256e-04 4.8744e-04 2.4965e+05 5.0631e-04 5.0631e-04 5.1881e-04 5.1881e-04 3.0019e+01 1.6802e+21 1.1140e-04 -3.7088e+00 1.8202e-01 2.7313e+02 6.3359e+00 -5.4912e-02 -2.1873e-03 -2.8328e-03 6.3427e+00 6.3267e+00 6.3382e+00 2.0314e+01 -3.5290e+00 -1.0998e+00 5.1256e-01 5.1256e-01 4.8744e-01 8.4427e-04
5.0754e-04 5.0754e-04 4.9246e-04 2.5219e+05 5.0129e-04 5.0129e-04 5.1379e-04 5.1379e-04 2.9997e+01 1.6790e+21 1.1132e-04 -3.7939e+00 2.0643e-01 2.7319e+02 6.3327e+00 -5.2225e-02 -1.1445e-03 -1.5430e-03 6.3425e+00 6.3233e+00 6.3324e+00 1.9624e+01 -2.8301e+00 -1.1380e+00 5.0754e-01 5.0754e-01 4.9246e-01 8.5297e-04
5.0251e-04 5.0251e-04 4.9749e-04 2.5473e+05 4.9626e-04 4.9626e-04 5.0876e-04 5.0876e-04 2.9971e+01 1.6775e+21 1.1122e-04 -3.8492e+00 2.8185e-01 2.7321e+02 6.3276e+00 -4.9072e-02 -8.9215e-04 1.2332e-04 6.3398e+00 6.3171e+00 6.3259e+00 1.9114e+01 -2.8461e+00 -9.9332e-01 5.0251e-01 5.0251e-01 4.9749e-01 8.6167e-04
4.9749e-04 4.9749e-04 5.0251e-04 2.5727e+05 4.9124e-04 4.9124e-04 5.0374e-04 5.0374e-04 2.9959e+01 1.6768e+21 1.1117e-04 -3.8878e+00 4.0239e-01 2.7313e+02 6.3233e+00 -4.6749e-02 -1.9266e-04 4.3800e-04 6.3374e+00 6.3107e+00 6.3218e+00 1.9244e+01 -3.3376e+00 -5.1274e-01 4.9749e-01 4.9749e-01 5.0251e-01 8.7038e-04
4.9246e-04 4.9246e-04 5.0754e-04 2.5981e+05 4.8621e-04 4.8621e-04 4.9871e-04 4.9871e-04 2.9958e+01 1.6768e+21 1.1117e-04 -3.9120e+00 5.4929e-01 2.7300e+02 6.3201e+00 -4.5761e-02 1.4174e-03 -5.0865e-04 6.3357e+00 6.3049e+00 6.3198e+00 1.9623e+01 -3.9764e+00 2.6099e-01 4.9246e-01 4.9246e-01 5.0754e-01 8.7908e-04
4.8744e-04 4.8744e-04 5.1256e-04 2.6235e+05 4.8119e-04 4.8119e-04 4.9369e-04 4.9369e-04 2.9943e+01 1.6759e+21 1.1111e-04 -3.9128e+00 6.9320e-01 2.7296e+02 6.3160e+00 -4.5747e-02 3.5253e-03 -7.9666e-04 6.3322e+00 6.2992e+00 6.3165e+00 1.9044e+01 -4.3876e+00 1.0672e+00 4.8744e-01 4.8744e-01 5.1256e-01 8.8778e-04
4.8241e-04 4.8241e-04 5.1759e-04 2.6489e+05 4.7616e-04 4.7616e-04 4.8866e-04 4.8866e-04 2.9916e+01 1.6744e+21 1.1101e-04 -3.8377e+00 7.5424e-01 2.7313e+02 6.3142e+00 -4.2209e-02 1.9303e-03 1.4685e-03 6.3290e+00 6.2973e+00 6.3163e+00 1.8603e+01 -4.0337e+00 4.2734e-01 4.8241e-01 4.8241e-01 5.1759e-01 8.9649e-04
4.7739e-04 4.7739e-04 5.2261e-04 2.6743e+05 4.7114e-04 4.7114e-04 4.8364e-04 4.8364e-04 2.9899e+01 1.6735e+21 1.1095e-04 -3.7741e+00 8.5087e-01 2.7314e+02 6.3108e+00 -3.7774e-02 -2.0925e-04 3.9764e-03 6.3243e+00 6.2932e+00 6.3149e+00 1.8559e+01 -3.8378e+00 4.8252e-01 4.7739e-01 4.7739e-01 5.2261e-01 9.0519e-04
4.7236e-04 4.7236e-04 5.2764e-04 2.6997e+05 4.6611e-04 4.6611e-04 4.7861e-04 4.7861e-04 2.9890e+01 1.6730e+21 1.1092e-04 -3.7612e+00 8.7088e-01 2.7308e+02 6.3075e+00 -3.4487e-02 -7.2075e-04 4.7328e-03 6.3208e+00 6.2887e+00 6.3129e+00 1.8847e+01 -3.6955e+00 5.3343e-01 4.7236e-01 4.7236e-01 5.2764e-01 9.1390e-04
4.6734e-04 4.6734e-04 5.3266e-04 2.7251e+05 4.6109e-04 4.6109e-04 4.7359e-04 4.7359e-04 2.9881e+01 1.6725e+21 1.1089e-04 -3.7680e+00 8.4789e-01 2.7301e+02 6.3042e+00 -3.2575e-02 2.9135e-04 3.8095e-03 6.3180e+00 6.2843e+00 6.3102e+00 1.9246e+01 -3.5275e+00 3.6137e-01 4.6734e-01 4.6734e-01 5.3266e-01 9.2260e-04
4.6231e-04 4.6231e-04 5.3769e-04 2.7505e+05 4.5606e-04 4.5606e-04 4.6856e-04 4.6856e-04 2.9866e+01 1.6716e+21 1.1083e-04 -3.7247e+00 9.1785e-01 2.7297e+02 6.2999e+00 -3.0826e-02 1.0021e-03 2.8557e-03 6.3137e+00 6.2797e+00 6.3064e+00 1.9417e+01 -3.3134e+00 1.4896e-01 4.6231e-01 4.6231e-01 5.3769e-01 9.3130e-04
4.5729e-04 4.5729e-04 5.4271e-04 2.7759e+05 4.5104e-04 4.5104e-04 4.6354e-04 4.6354e-04 2.9846e+01 1.6705e+21 1.1075e-04 -3.9086e+00 1.0119e+00 2.7302e+02 6.2968e+00 -2.7340e-02 3.7949e-04 3.0087e-03 6.3107e+00 6.2755e+00 6.3041e+00 1.9288e+01 -3.9578e+00 8.6364e-01 4.5729e-01 4.5729e-01 5.4271e-01 9.4001e-04
4.5226e-04 4.5226e-04 5.4774e-04 2.8013e+05 4.4601e-04 4.4601e-04 4.5851e-04 4.5851e-04 2.9824e+01 1.6692e+21 1.1067e-04 -4.0296e+00 1.1695e+00 2.7302e+02 6.2922e+00 -2.5220e-02 -4.1509e-05 2.2338e-03 6.3054e+00 6.2708e+00 6.3002e+00 1.8744e+01 -4.1441e+00 1.3910e+00 4.5226e-01 4.5226e-01 5.4774e-01 9.4871e-04
4.4724e-04 4.4724e-04 5.5276e-04 2.8267e+05 4.4099e-04 4.4099e-04 4.5349e-04 4.5349e-04 2.9813e+01 1.6687e+21 1.1063e-04 -4.0944e+00 1.2565e+00 2.7302e+02 6.2900e+00 -2.4011e-02 -9.6566e-04 2.0869e-03 6.3049e+00 6.2669e+00 6.2983e+00 1.7650e+01 -4.0127e+00 9.6627e-01 4.4724e-01 4.4724e-01 5.5276e-01 9.5742e-04
4.4221e-04 4.4221e-04 5.5779e-04 2.8521e+05 4.3596e-04 4.3596e-04 4.4846e-04 4.4846e-04 2.9811e+01 1.6686e+21 1.1062e-04 -4.1263e+00 1.2781e+00 2.7303e+02 6.2898e+00 -2.3169e-02 -2.4650e-03 2.3898e-03 6.3083e+00 6.2631e+00 6.2980e+00 1.6307e+01 -3.7463e+00 -1.3446e-01 4.4221e-01 4.4221e-01 5.5779e-01 9.6612e-04
4.3719e-04 4.3719e-04 5.6281e-04 2.8775e+05 4.3094e-04 4.3094e-04 4.4344e-04 4.4344e-04 2.9804e+01 1.6682e+21 1.1060e-04 -4.1518e+00 1.3060e+00 2.7304e+02 6.2885e+00 -2.1940e-02 -4.1012e-03 2.0860e-03 6.3109e+00 6.2581e+00 6.2965e+00 1.5326e+01 -3.5420e+00 -1.0044e+00 4.3719e-01 4.3719e-01 5.6281e-01 9.7482e-04
4.3216e-04 4.3216e-04 5.6784e-04 2.9029e+05 4.2591e-04 4.2591e-04 4.3841e-04 4.3841e-04 2.9789e+01 1.6673e+21 1.1054e-04 -4.0828e+00 1.2348e+00 2.7298e+02 6.2839e+00 -1.7915e-02 -3.6883e-03 1.5592e-03 6.3086e+00 6.2549e+00 6.2882e+00 1.5925e+01 -3.3337e+00 -5.6225e-01 4.3216e-01 4.3216e-01 5.6784e-01 9.8353e-04
4.2714e-04 4.2714e-04 5.7286e-04 2.9283e+05 4.2089e-04 4.2089e-04 4.3339e-04 4.3339e-04 2.9779e+01 1.6668e+21 1.1051e-04 -3.9983e+00 1.2257e+00 2.7291e+02 6.2803e+00 -1.6786e-02 -3.0107e-03 2.6955e-03 6.3054e+00 6.2531e+00 6.2824e+00 1.6324e+01 -2.4964e+00 1.3832e-01 4.2714e-01 4.2714e-01 5.7286e-01 9.9223e-04
4.2211e-04 4.2211e-04 5.7789e-04 2.9538e+05 4.1586e-04 4.1586e-04 4.2836e-04 4.2836e-04 2.9768e+01 1.6661e+21 1.1046e-04 -3.9889e+00 1.2910e+00 2.7295e+02 6.2788e+00 -1.5253e-02 -6.0334e-04 3.8324e-03 6.3041e+00 6.2506e+00 6.2818e+00 1.7219e+01 -2.4445e+00 2.8625e-01 4.2211e-01 4.2211e-01 5.7789e-01 1.0009e-03
4.1709e-04 4.1709e-04 5.8291e-04 2.9792e+05 4.1084e-04 4.1084e-04 4.2334e-04 4.2334e-04 2.9750e+01 1.6651e+21 1.1040e-04 -3.9941e+00 1.3729e+00 2.7306e+02 6.2774e+00 -1.2932e-02 2.7076e-03 4.8294e-03 6.3030e+00 6.2460e+00 6.2833e+00 1.8191e+01 -3.1319e+00 3.3184e-02 4.1709e-01 4.1709e-01 5.8291e-01 1.0096e-03
4.1206e-04 4.1206e-04 5.8794e-04 3.0046e+05 4.0581e-04 4.0581e-04 4.1831e-04 4.1831e-04 2.9724e+01 1.6637e+21 1.1030e-04 -3.9259e+00 1.4007e+00 2.7313e+02 6.2737e+00 -1.0751e-02 5.1133e-03 5.7292e-03 6.3003e+00 6.2387e+00 6.2821e+00 1.8520e+01 -3.8064e+00 -1.2835e-01 4.1206e-01 4.1206e-01 5.8794e-01 1.0183e-03
4.0704e-04 4.0704e-04 5.9296e-04 3.0300e+05 4.0079e-04 4.0079e-04 4.1329e-04 4.1329e-04 2.9734e+01 1.6642e+21 1.1034e-04 -4.0050e+00 1.4586e+00 2.7300e+02 6.2728e+00 -1.0319e-02 5.0621e-03 2.8404e-03 6.3064e+00 6.2330e+00 6.2791e+00 1.8897e+01 -3.1724e+00 -3.8325e-01 4.0704e-01 4.0704e-01 5.9296e-01 1.0270e-03
4.0201e-04 4.0201e-04 5.9799e-04 3.0554e+05 3.9576e-04 3.9576e-04 4.0826e-04 4.0826e-04 2.9745e+01 1.6648e+21 1.1038e-04 -4.0177e+00 1.5780e+00 2.7282e+02 6.2710e+00 -1.0364e-02 3.3975e-03 1.6020e-03 6.3100e+00 6.2281e+00 6.2750e+00 1.9185e+01 -3.0231e+00 -7.7169e-01 4.0201e-01 4.0201e-01 5.9799e-01 1.0357e-03
3.9698e-04 3.9698e-04 6.0302e-04 3.0808e+05 3.9073e-04 3.9073e-04 4.0323e-04 4.0323e-04 2.9745e+01 1.6648e+21 1.1038e-04 -3.9833e+00 1.7132e+00 2.7274e+02 6.2692e+00 -1.0723e-02 2.6094e-03 -5.7191e-04 6.3082e+00 6.2266e+00 6.2727e+00 1.8208e+01 -2.7675e+00 -9.5251e-01 3.9698e-01 3.9698e-01 6.0302e-01 1.0445e-03
3.9196e-04 3.9196e-04 6.0804e-04 3.1062e+05 3.8571e-04 3.8571e-04 3.9821e-04 3.9821e-04 2.9739e+01 1.6645e+21 1.1036e-04 -3.9272e+00 1.8113e+00 2.7272e+02 6.2672e+00 -1.1101e-02 2.6948e-03 -3.7810e-03 6.3039e+00 6.2260e+00 6.2716e+00 1.6795e+01 -2.4143e+00 -1.0912e+00 3.9196e-01 3.9196e-01 6.0804e-01 1.0532e-03
3.8693e-04 3.8693e-04 6.1307e-04 3.1316e+05 3.8068e-04 3.8068e-04 3.9318e-04 3.9318e-04 2.9733e+01 1.6642e+21 1.1033e-04 -3.8759e+00 1.8318e+00 2.7267e+02 6.2650e+00 -1.0987e-02 3.1106e-03 -6.8391e-03 6.3016e+00 6.2230e+00 6.2704e+00 1.6147e+01 -2.2253e+00 -1.3616e+00 3.8693e-01 3.8693e-01 6.1307e-01 1.0619e-03
3.8191e-04 3.8191e-04 6.1809e-04 3.1570e+05 3.7566e-04 3.7566e-04 3.8816e-04 3.8816e-04 2.9705e+01 1.6626e+21 1.1023e-04 -3.8432e+00 1.8088e+00 2.7285e+02 6.2633e+00 -8.8519e-03 4.8499e-03 -5.7460e-03 6.3029e+00 6.2182e+00 6.2688e+00 1.5872e+01 -2.8588e+00 -1.0635e+00 3.8191e-01 3.8191e-01 6.1809e-01 1.0706e-03
3.7688e-04 3.7688e-04 6.2312e-04 3.1824e+05 3.7063e-04 3.7063e-04 3.8313e-04 3.8313e-04 2.9673e+01 1.6608e+21 1.1011e-04 -3.8258e+00 1.8433e+00 2.7303e+02 6.2607e+00 -7.6512e-03 5.8600e-03 -4.3709e-03 6.3048e+00 6.2112e+00 6.2660e+00 1.5320e+01 -3.3618e+00 -1.1421e+00 3.7688e-01 3.7688e-01 6.2312e-01 1.0793e-03
3.7186e-04 3.7186e-04 6.2814e-04 3.2078e+05 3.6561e-04 3.6561e-04 3.7811e-04 3.7811e-04 2.9668e+01 1.6605e+21 1.1009e-04 -3.8202e+00 1.8740e+00 2.7307e+02 6.2604e+00 -5.2662e-03 5.2859e-03 -1.7821e-03 6.3064e+00 6.2078e+00 6.2669e+00 1.4663e+01 -2.8565e+00 -4.9740e-01 3.7186e-01 3.7186e-01 6.2814e-01 1.0880e-03
3.6683e-04 3.6683e-04 6.3317e-04 3.2332e+05 3.6058e-04 3.6058e-04 3.7308e-04 3.7308e-04 2.9673e+01 1.6608e+21 1.1011e-04 -3.7893e+00 1.8869e+00 2.7303e+02 6.2607e+00 -2.7194e-03 3.8534e-03 1.3682e-03 6.3080e+00 6.2058e+00 6.2683e+00 1.4057e+01 -1.7692e+00 4.9494e-01 3.6683e-01 3.6683e-01 6.3317e-01 1.0967e-03
3.6181e-04 3.6181e-04 6.3819e-04 3.2586e+05 3.5556e-04 3.5556e-04 3.6806e-04 3.6806e-04 2.9670e+01 1.6606e+21 1.1010e-04 -3.7117e+00 1.8769e+00 2.7301e+02 6.2595e+00 -1.1567e-03 2.8839e-03 3.4179e-03 6.3096e+00 6.2023e+00 6.2665e+00 1.3699e+01 -9.6637e-01 8.7630e-01 3.6181e-01 3.6181e-01 6.3819e-01 1.1054e-03
3.5678e-04 3.5678e-04 6.4322e-04 3.2840e+05 3.5053e-04 3.5053e-04 3.6303e-04 3.6303e-04 2.9666e+01 1.6604e+21 1.1008e-04 -3.6565e+00 1.8261e+00 2.7291e+02 6.2564e+00 6.8189e-04 4.5530e-03 2.6127e-06 6.3078e+00 6.1985e+00 6.2627e+00 1.3998e+01 -1.8327e+00 -1.3490e+00 3.5678e-01 3.5678e-01 6.4322e-01 1.1141e-03
3.5176e-04 3.5176e-04 6.4824e-04 3.3094e+05 3.4551e-04 3.4551e-04 3.5801e-04 3.5801e-04 2.9658e+01 1.6600e+21 1.1006e-04 -3.5694e+00 1.8675e+00 2.7287e+02 6.2539e+00 2.3255e-03 6.9516e-03 -3.6025e-03 6.3065e+00 6.1945e+00 6.2606e+00 1.3453e+01 -2.4032e+00 -2.5329e+00 3.5176e-01 3.5176e-01 6.4824e-01 1.1228e-03
3.4673e-04 3.4673e-04 6.5327e-04 3.3348e+05 3.4048e-04 3.4048e-04 3.5298e-04 3.5298e-04 2.9660e+01 1.6601e+21 1.1006e-04 -3.5611e+00 1.8801e+00 2.7280e+02 6.2525e+00 1.7928e-03 6.9678e-03 -4.6577e-03 6.3062e+00 6.1926e+00 6.2588e+00 1.3456e+01 -2.2618e+00 -2.2237e+00 3.4673e-01 3.4673e-01 6.5327e-01 1.1315e-03
3.4171e-04 3.4171e-04 6.5829e-04 3.3602e+05 3.3546e-04 3.3546e-04 3.4796e-04 3.4796e-04 2.9660e+01 1.6601e+21 1.1006e-04 -3.5706e+00 1.8752e+00 2.7273e+02 6.2509e+00 4.4493e-04 5.8107e-03 -4.4654e-03 6.3061e+00 6.1907e+00 6.2560e+00 1.3681e+01 -1.5641e+00 -1.1663e+00 3.4171e-01 3.4171e-01 6.5829e-01 1.1402e-03
3.3668e-04 3.3668e-04 6.6332e-04 3.3856e+05 3.3043e-04 3.3043e-04 3.4293e-04 3.4293e-04 2.9651e+01 1.6596e+21 1.1003e-04 -3.5480e+00 1.8770e+00 2.7270e+02 6.2483e+00 -2.5918e-04 4.9144e-03 -4.3390e-03 6.3054e+00 6.1872e+00 6.2522e+00 1.3537e+01 -7.1076e-01 -2.7930e-01 3.3668e-01 3.3668e-01 6.6332e-01 1.1489e-03
3.3166e-04 3.3166e-04 6.6834e-04 3.4110e+05 3.2541e-04 3.2541e-04 3.3791e-04 3.3791e-04 2.9638e+01 1.6589e+21 1.0998e-04 -3.5605e+00 1.8849e+00 2.7269e+02 6.2456e+00 -2.3781e-04 4.1859e-03 -3.5161e-03 6.3026e+00 6.1831e+00 6.2512e+00 1.2457e+01 -4.9940e-01 -3.5363e-01 3.3166e-01 3.3166e-01 6.6834e-01 1.1576e-03
3.2663e-04 3.2663e-04 6.7337e-04 3.4364e+05 3.2038e-04 3.2038e-04 3.3288e-04 3.3288e-04 2.9623e+01 1.6580e+21 1.0993e-04 -3.4581e+00 1.9237e+00 2.7277e+02 6.2440e+00 -7.8642e-04 4.8233e-03 -4.7175e-03 6.3025e+00 6.1792e+00 6.2503e+00 1.1095e+01 -7.0533e-01 -5.0735e-01 3.2663e-01 3.2663e-01 6.7337e-01 1.1663e-03
3.2161e-04 3.2161e-04 6.7839e-04 3.4618e+05 3.1536e-04 3.1536e-04 3.2786e-04 3.2786e-04 2.9619e+01 1.6578e+21 1.0991e-04 -3.4229e+00 2.0030e+00 2.7274e+02 6.2425e+00 2.6225e-04 6.9696e-03 -4.1514e-03 6.3028e+00 6.1756e+00 6.2493e+00 1.1092e+01 -1.1193e+00 -9.6772e-01 3.2161e-01 3.2161e-01 6.7839e-01 1.1750e-03
3.1658e-04 3.1658e-04 6.8342e-04 3.4872e+05 3.1033e-04 3.1033e-04 3.2283e-04 3.2283e-04 2.9620e+01 1.6579e+21 1.0992e-04 -3.4190e+00 2.0849e+00 2.7267e+02 6.2413e+00 1.6000e-03 1.0193e-02 -3.0312e-03 6.3034e+00 6.1721e+00 6.2483e+00 1.1706e+01 -1.5300e+00 -1.6103e+00 3.1658e-01 3.1658e-01 6.8342e-01 1.1837e-03
3.1156e-04 3.1156e-04 6.8844e-04 3.5126e+05 3.0531e-04 3.0531e-04 3.1781e-04 3.1781e-04 2.9621e+01 1.6579e+21 1.0992e-04 -3.4035e+00 2.1346e+00 2.7261e+02 6.2401e+00 2.4015e-03 1.3276e-02 -2.5814e-03 6.3036e+00 6.1691e+00 6.2477e+00 1.2232e+01 -1.7567e+00 -2.1344e+00 3.1156e-01 3.1156e-01 6.8844e-01 1.1924e-03
3.0653e-04 3.0653e-04 6.9347e-04 3.5380e+05 3.0028e-04 3.0028e-04 3.1278e-04 3.1278e-04 2.9614e+01 1.6575e+21 1.0989e-04 -3.3710e+00 2.1343e+00 2.7263e+02 6.2390e+00 3.7610e-03 1.3419e-02 -2.8486e-03 6.3008e+00 6.1670e+00 6.2491e+00 1.2678e+01 -1.6756e+00 -1.9279e+00 3.0653e-01 3.0653e-01 6.9347e-01 1.2011e-03
3.0151e-04 3.0151e-04 6.9849e-04 3.5634e+05 2.9526e-04 2.9526e-04 3.0776e-04 3.0776e-04 2.9606e+01 1.6571e+21 1.0986e-04 -3.3687e+00 2.2071e+00 2.7269e+02 6.2387e+00 2.8760e-03 1.4028e-02 -1.8709e-03 6.3000e+00 6.1663e+00 6.2497e+00 1.3036e+01 -1.8055e+00 -1.3517e+00 3.0151e-01 3.0151e-01 6.9849e-01 1.2098e-03
2.9648e-04 2.9648e-04 7.0352e-04 3.5888e+05 2.9023e-04 2.9023e-04 3.0273e-04 3.0273e-04 2.9594e+01 1.6564e+21 1.0982e-04 -3.3257e+00 2.1834e+00 2.7270e+02 6.2364e+00 3.8335e-03 1.3052e-02 -1.1781e-03 6.2989e+00 6.1635e+00 6.2468e+00 1.2528e+01 -1.9216e+00 -3.8635e-01 2.9648e-01 2.9648e-01 7.0352e-01 1.2185e-03
2.9146e-04 2.9146e-04 7.0854e-04 3.6142e+05 2.8521e-04 2.8521e-04 2.9771e-04 2.9771e-04 2.9580e+01 1.6556e+21 1.0977e-04 -3.2843e+00 2.1351e+00 2.7265e+02 6.2324e+00 5.7859e-03 1.1340e-02 -7.6990e-04 6.2978e+00 6.1586e+00 6.2407e+00 1.1641e+01 -1.7644e+00 3.4192e-01 2.9146e-01 2.9146e-01 7.0854e-01 1.2272e-03
2.8643e-04 2.8643e-04 7.1357e-04 3.6396e+05 2.8018e-04 2.8018e-04 2.9268e-04 2.9268e-04 2.9568e+01 1.6549e+21 1.0972e-04 -3.2554e+00 2.1173e+00 2.7257e+02 6.2281e+00 7.1970e-03 9.5892e-03 -1.3670e-03 6.2967e+00 6.1532e+00 6.2343e+00 1.0915e+01 -1.5504e+00 4.3985e-01 2.8643e-01 2.8643e-01 7.1357e-01 1.2359e-03
2.8141e-04 2.8141e-04 7.1859e-04 3.6650e+05 2.7516e-04 2.7516e-04 2.8766e-04 2.8766e-04 2.9559e+01 1.6544e+21 1.0969e-04 -3.1844e+00 2.1299e+00 2.7261e+02 6.2269e+00 5.9485e-03 7.8832e-03 -5.1129e-03 6.2953e+00 6.1518e+00 6.2337e+00 1.0826e+01 -2.2839e+00 -5.6702e-02 2.8141e-01 2.8141e-01 7.1859e-01 1.2446e-03
2.7638e-04 2.7638e-04 7.2362e-04 3.6904e+05 2.7013e-04 2.7013e-04 2.8263e-04 2.8263e-04 2.9560e+01 1.6545e+21 1.0969e-04 -3.1895e+00 2.0696e+00 2.7258e+02 6.2265e+00 7.7049e-03 5.4815e-03 -6.7597e-03 6.2936e+00 6.1517e+00 6.2343e+00 1.1175e+01 -2.0708e+00 5.1282e-01 2.7638e-01 2.7638e-01 7.2362e-01 1.2533e-03
2.7136e-04 2.7136e-04 7.2864e-04 3.7158e+05 2.6511e-04 2.6511e-04 2.7761e-04 2.7761e-04 2.9560e+01 1.6545e+21 1.0969e-04 -3.1051e+00 2.0665e+00 2.7259e+02 6.2266e+00 6.5464e-03 5.4246e-03 -6.4792e-03 6.2942e+00 6.1518e+00 6.2339e+00 1.1448e+01 -2.0483e+00 4.9086e-01 2.7136e-01 2.7136e-01 7.2864e-01 1.2620e-03
2.6633e-04 2.6633e-04 7.3367e-04 3.7412e+05 2.6008e-04 2.6008e-04 2.7258e-04 2.7258e-04 2.9563e+01 1.6546e+21 1.0970e-04 -2.9861e+00 2.0627e+00 2.7260e+02 6.2275e+00 5.2049e-03 5.8427e-03 -6.2394e-03 6.2968e+00 6.1521e+00 6.2336e+00 1.1678e+01 -1.9755e+00 -2.8053e-01 2.6633e-01 2.6633e-01 7.3367e-01 1.2708e-03
2.6131e-04 2.6131e-04 7.3869e-04 3.7666e+05 2.5506e-04 2.5506e-04 2.6756e-04 2.6756e-04 2.9567e+01 1.6549e+21 1.0972e-04 -2.8885e+00 2.0279e+00 2.7261e+02 6.2288e+00 4.7536e-03 6.4337e-03 -6.8070e-03 6.2993e+00 6.1528e+00 6.2343e+00 1.1643e+01 -1.6994e+00 -1.2148e+00 2.6131e-01 2.6131e-01 7.3869e-01 1.2795e-03
2.5628e-04 2.5628e-04 7.4372e-04 3.7921e+05 2.5003e-04 2.5003e-04 2.6253e-04 2.6253e-04 2.9565e+01 1.6548e+21 1.0971e-04 -2.8588e+00 1.9748e+00 2.7269e+02 6.2300e+00 3.8399e-03 9.0433e-03 -7.3850e-03 6.2981e+00 6.1545e+00 6.2373e+00 1.0787e+01 -1.2342e+00 -9.0007e-01 2.5628e-01 2.5628e-01 7.4372e-01 1.2882e-03
2.5126e-04 2.5126e-04 7.4874e-04 3.8175e+05 2.4501e-04 2.4501e-04 2.5751e-04 2.5751e-04 2.9573e+01 1.6552e+21 1.0974e-04 -2.7936e+00 1.8990e+00 2.7282e+02 6.2348e+00 3.3667e-03 1.0420e-02 -8.3935e-03 6.2999e+00 6.1615e+00 6.2431e+00 1.0962e+01 2.5475e-01 -1.9999e-01 2.5126e-01 2.5126e-01 7.4874e-01 1.2969e-03
2.4623e-04 2.4623e-04 7.5377e-04 3.8429e+05 2.3998e-04 2.3998e-04 2.5248e-04 2.5248e-04 2.9571e+01 1.6551e+21 1.0973e-04 -2.6156e+00 1.8814e+00 2.7277e+02 6.2331e+00 1.4104e-03 9.6968e-03 -8.6724e-03 6.2982e+00 6.1596e+00 6.2416e+00 1.0323e+01 -2.6056e-01 -6.6523e-01 2.4623e-01 2.4623e-01 7.5377e-01 1.3056e-03
2.4121e-04 2.4121e-04 7.5879e-04 3.8683e+05 2.3496e-04 2.3496e-04 2.4746e-04 2.4746e-04 2.9568e+01 1.6550e+21 1.0972e-04 -2.3777e+00 1.8856e+00 2.7268e+02 6.2306e+00 -7.3990e-04 7.5124e-03 -9.4689e-03 6.2975e+00 6.1551e+00 6.2393e+00 9.5125e+00 -1.3069e+00 -1.6167e+00 2.4121e-01 2.4121e-01 7.5879e-01 1.3143e-03
2.3618e-04 2.3618e-04 7.6382e-04 3.8937e+05 2.2993e-04 2.2993e-04 2.4243e-04 2.4243e-04 2.9568e+01 1.6550e+21 1.0972e-04 -2.1990e+00 1.8978e+00 2.7261e+02 6.2290e+00 -1.5404e-03 5.9722e-03 -1.0563e-02 6.2976e+00 6.1512e+00 6.2384e+00 9.1169e+00 -1.9477e+00 -2.0748e+00 2.3618e-01 2.3618e-01 7.6382e-01 1.3230e-03
2.3116e-04 2.3116e-04 7.6884e-04 3.9191e+05 2.2491e-04 2.2491e-04 2.3741e-04 2.3741e-04 2.9562e+01 1.6546e+21 1.0970e-04 -2.2483e+00 1.9263e+00 2.7255e+02 6.2263e+00 6.3547e-04 8.3031e-03 -1.0417e-02 6.2940e+00 6.1481e+00 6.2369e+00 9.5892e+00 -1.8310e+00 -8.8905e-01 2.3116e-01 2.3116e-01 7.6884e-01 1.3317e-03
2.2613e-04 2.2613e-04 7.7387e-04 3.9445e+05 2.1988e-04 2.1988e-04 2.3238e-04 2.3238e-04 2.9559e+01 1.6544e+21 1.0969e-04 -2.2896e+00 2.0260e+00 2.7251e+02 6.2247e+00 3.3407e-03 8.8990e-03 -1.0963e-02 6.2931e+00 6.1482e+00 6.2328e+00 9.0443e+00 -1.7373e+00 -1.0557e-01 2.2613e-01 2.2613e-01 7.7387e-01 1.3404e-03
2.2111e-04 2.2111e-04 7.7889e-04 3.9699e+05 2.1486e-04 2.1486e-04 2.2736e-04 2.2736e-04 2.9548e+01 1.6538e+21 1.0965e-04 -2.2977e+00 1.9387e+00 2.7253e+02 6.2227e+00 2.8463e-03 8.6564e-03 -1.0686e-02 6.2906e+00 6.1477e+00 6.2298e+00 9.0556e+00 -1.3065e+00 -3.6713e-01 2.2111e-01 2.2111e-01 7.7889e-01 1.3491e-03
2.1608e-04 2.1608e-04 7.8392e-04 3.9953e+05 2.0983e-04 2.0983e-04 2.2233e-04 2.2233e-04 2.9536e+01 1.6532e+21 1.0961e-04 -2.2932e+00 1.8451e+00 2.7260e+02 6.2219e+00 2.3516e-03 8.3421e-03 -1.0682e-02 6.2883e+00 6.1471e+00 6.2303e+00 9.5552e+00 -1.2820e+00 -8.1915e-01 2.1608e-01 2.1608e-01 7.8392e-01 1.3578e-03
2.1106e-04 2.1106e-04 7.8894e-04 4.0207e+05 2.0481e-04 2.0481e-04 2.1731e-04 2.1731e-04 2.9525e+01 1.6525e+21 1.0956e-04 -2.2678e+00 1.7928e+00 2.7269e+02 6.2217e+00 2.7000e-03 8.6541e-03 -1.1015e-02 6.2863e+00 6.1458e+00 6.2329e+00 9.9676e+00 -1.6325e+00 -1.3648e+00 2.1106e-01 2.1106e-01 7.8894e-01 1.3665e-03
2.0603e-04 2.0603e-04 7.9397e-04 4.0461e+05 1.9978e-04 1.9978e-04 2.1228e-04 2.1228e-04 2.9510e+01 1.6517e+21 1.0951e-04 -2.1994e+00 1.7378e+00 2.7277e+02 6.2202e+00 3.0940e-03 1.0130e-02 -1.1132e-02 6.2839e+00 6.1430e+00 6.2337e+00 9.4745e+00 -1.8124e+00 -2.3624e+00 2.0603e-01 2.0603e-01 7.9397e-01 1.3752e-03
2.0101e-04 2.0101e-04 7.9899e-04 4.0715e+05 1.9476e-04 1.9476e-04 2.0726e-04 2.0726e-04 2.9500e+01 1.6511e+21 1.0947e-04 -2.1771e+00 1.6771e+00 2.7279e+02 6.2186e+00 3.2016e-03 1.1335e-02 -1.2710e-02 6.2839e+00 6.1405e+00 6.2314e+00 9.5341e+00 -2.0559e+00 -2.7710e+00 2.0101e-01 2.0101e-01 7.9899e-01 1.3839e-03
1.9598e-04 1.9598e-04 8.0402e-04 4.0969e+05 1.8973e-04 1.8973e-04 2.0223e-04 2.0223e-04 2.9496e+01 1.6509e+21 1.0946e-04 -2.1342e+00 1.5401e+00 2.7279e+02 6.2179e+00 3.0185e-03 1.2600e-02 -1.0470e-02 6.2838e+00 6.1412e+00 6.2287e+00 9.1612e+00 -1.0922e+00 -2.1262e+00 1.9598e-01 1.9598e-01 8.0402e-01 1.3926e-03
1.9095e-04 1.9095e-04 8.0905e-04 4.1223e+05 1.8470e-04 1.8470e-04 1.9720e-04 1.9720e-04 2.9501e+01 1.6512e+21 1.0947e-04 -2.1374e+00 1.4058e+00 2.7279e+02 6.2189e+00 8.8531e-04 1.2475e-02 -7.2486e-03 6.2865e+00 6.1422e+00 6.2279e+00 9.2383e+00 3.7203e-01 -1.7306e+00 1.9095e-01 1.9095e-01 8.0905e-01 1.4013e-03
1.8593e-04 1.8593e-04 8.1407e-04 4.1477e+05 1.7968e-04 1.7968e-04 1.9218e-04 1.9218e-04 2.9512e+01 1.6518e+21 1.0952e-04 -2.1482e+00 1.3153e+00 2.7275e+02 6.2202e+00 -2.0572e-03 1.1362e-02 -4.7801e-03 6.2898e+00 6.1430e+00 6.2277e+00 9.4648e+00 1.4128e+00 -1.6016e+00 1.8593e-01 1.8593e-01 8.1407e-01 1.4100e-03
1.8090e-04 1.8090e-04 8.1910e-04 4.1731e+05 1.7465e-04 1.7465e-04 1.8715e-04 1.8715e-04 2.9522e+01 1.6524e+21 1.0955e-04 -2.0818e+00 1.2824e+00 2.7263e+02 6.2197e+00 -3.3284e-03 1.0508e-02 -3.9704e-03 6.2901e+00 6.1439e+00 6.2251e+00 9.0277e+00 1.2729e+00 -1.2055e+00 1.8090e-01 1.8090e-01 8.1910e-01 1.4187e-03
1.7588e-04 1.7588e-04 8.2412e-04 4.1985e+05 1.6963e-04 1.6963e-04 1.8213e-04 1.8213e-04 2.9513e+01 1.6519e+21 1.0952e-04 -1.9616e+00 1.2434e+00 2.7262e+02 6.2175e+00 -2.4807e-03 9.2379e-03 -2.5416e-03 6.2912e+00 6.1419e+00 6.2195e+00 8.4216e+00 2.4809e+00 -1.4327e+00 1.7588e-01 1.7588e-01 8.2412e-01 1.4274e-03
1.7085e-04 1.7085e-04 8.2915e-04 4.2239e+05 1.6460e-04 1.6460e-04 1.7710e-04 1.7710e-04 2.9492e+01 1.6507e+21 1.0944e-04 -1.8548e+00 1.2661e+00 2.7267e+02 6.2141e+00 -2.9291e-04 9.6053e-03 -3.7961e-03 6.2878e+00 6.1387e+00 6.2159e+00 7.3871e+00 2.2951e+00 -1.8657e+00 1.7085e-01 1.7085e-01 8.2915e-01 1.4361e-03
1.6583e-04 1.6583e-04 8.3417e-04 4.2493e+05 1.5958e-04 1.5958e-04 1.7208e-04 1.7208e-04 2.9470e+01 1.6494e+21 1.0936e-04 -1.8044e+00 1.3164e+00 2.7270e+02 6.2102e+00 3.0009e-03 9.9345e-03 -4.8135e-03 6.2823e+00 6.1357e+00 6.2126e+00 6.8426e+00 2.2645e+00 -2.6923e+00 1.6583e-01 1.6583e-01 8.3417e-01 1.4448e-03
1.6080e-04 1.6080e-04 8.3920e-04 4.2747e+05 1.5455e-04 1.5455e-04 1.6705e-04 1.6705e-04 2.9462e+01 1.6490e+21 1.0933e-04 -1.7540e+00 1.3168e+00 2.7266e+02 6.2076e+00 5.0208e-03 1.0583e-02 -5.2720e-03 6.2769e+00 6.1349e+00 6.2110e+00 6.6735e+00 2.2540e+00 -3.0073e+00 1.6080e-01 1.6080e-01 8.3920e-01 1.4535e-03
1.5578e-04 1.5578e-04 8.4422e-04 4.3001e+05 1.4953e-04 1.4953e-04 1.6203e-04 1.6203e-04 2.9478e+01 1.6499e+21 1.0939e-04 -1.6312e+00 1.1922e+00 2.7252e+02 6.2079e+00 3.2062e-03 1.2274e-02 -5.6895e-03 6.2733e+00 6.1377e+00 6.2128e+00 6.5048e+00 1.7493e+00 -1.7525e+00 1.5578e-01 1.5578e-01 8.4422e-01 1.4622e-03
1.5075e-04 1.5075e-04 8.4925e-04 4.3255e+05 1.4450e-04 1.4450e-04 1.5700e-04 1.5700e-04 2.9487e+01 1.6504e+21 1.0942e-04 -1.5410e+00 1.0067e+00 2.7242e+02 6.2074e+00 -2.7085e-04 1.2703e-02 -5.2945e-03 6.2701e+00 6.1403e+00 6.2119e+00 7.1538e+00 2.2517e+00 1.8427e-01 1.5075e-01 1.5075e-01 8.4925e-01 1.4709e-03
1.4573e-04 1.4573e-04 8.5427e-04 4.3509e+05 1.3948e-04 1.3948e-04 1.5198e-04 1.5198e-04 2.9474e+01 1.6497e+21 1.0938e-04 -1.4500e+00 9.8018e-01 2.7247e+02 6.2059e+00 -1.9769e-03 1.2649e-02 -6.7699e-03 6.2664e+00 6.1389e+00 6.2125e+00 7.0764e+00 1.3512e+00 2.1460e-01 1.4573e-01 1.4573e-01 8.5427e-01 1.4796e-03
1.4070e-04 1.4070e-04 8.5930e-04 4.3763e+05 1.3445e-04 1.3445e-04 1.4695e-04 1.4695e-04 2.9451e+01 1.6484e+21 1.0929e-04 -1.3903e+00 9.8197e-01 2.7260e+02 6.2040e+00 -2.5832e-03 1.1875e-02 -8.9765e-03 6.2608e+00 6.1377e+00 6.2133e+00 6.4748e+00 2.3164e-01 -2.2838e-01 1.4070e-01 1.4070e-01 8.5930e-01 1.4883e-03
1.3568e-04 1.3568e-04 8.6432e-04 4.4017e+05 1.2943e-04 1.2943e-04 1.4193e-04 1.4193e-04 2.9430e+01 1.6472e+21 1.0921e-04 -1.3086e+00 1.0030e+00 2.7273e+02 6.2026e+00 -2.9790e-03 1.1306e-02 -1.0189e-02 6.2572e+00 6.1377e+00 6.2130e+00 5.5810e+00 -2.1201e-01 -5.9133e-01 1.3568e-01 1.3568e-01 8.6432e-01 1.4970e-03
1.3065e-04 1.3065e-04 8.6935e-04 4.4271e+05 1.2440e-04 1.2440e-04 1.3690e-04 1.3690e-04 2.9422e+01 1.6468e+21 1.0918e-04 -1.1521e+00 1.0639e+00 2.7282e+02 6.2028e+00 -4.1245e-03 1.1794e-02 -9.2678e-03 6.2586e+00 6.1388e+00 6.2111e+00 4.6509e+00 3.7152e-01 -6.4849e-01 1.3065e-01 1.3065e-01 8.6935e-01 1.5058e-03
1.2563e-04 1.2563e-04 8.7437e-04 4.4525e+05 1.1938e-04 1.1938e-04 1.3188e-04 1.3188e-04 2.9415e+01 1.6463e+21 1.0915e-04 -9.9186e-01 1.1709e+00 2.7295e+02 6.2043e+00 -6.9081e-03 1.2065e-02 -8.8799e-03 6.2601e+00 6.1413e+00 6.2113e+00 3.9112e+00 -3.3913e-03 -6.4102e-01 1.2563e-01 1.2563e-01 8.7437e-01 1.5145e-03
1.2060e-04 1.2060e-04 8.7940e-04 4.4779e+05 1.1435e-04 1.1435e-04 1.2685e-04 1.2685e-04 2.9429e+01 1.6472e+21 1.0921e-04 -9.5599e-01 1.0795e+00 2.7284e+02 6.2050e+00 -6.9231e-03 1.1844e-02 -9.3188e-03 6.2624e+00 6.1397e+00 6.2127e+00 3.7515e+00 2.1609e-01 -1.0195e+00 1.2060e-01 1.2060e-01 8.7940e-01 1.5232e-03
1.1558e-04 1.1558e-04 8.8442e-04 4.5033e+05 1.0933e-04 1.0933e-04 1.2183e-04 1.2183e-04 2.9438e+01 1.6476e+21 1.0924e-04 -9.3167e-01 9.3740e-01 2.7276e+02 6.2048e+00 -7.4756e-03 1.1891e-02 -1.1147e-02 6.2625e+00 6.1377e+00 6.2142e+00 3.9712e+00 2.7179e-01 -8.3124e-01 1.1558e-01 1.1558e-01 8.8442e-01 1.5319e-03
1.1055e-04 1.1055e-04 8.8945e-04 4.5287e+05 1.0430e-04 1.0430e-04 1.1680e-04 1.1680e-04 2.9442e+01 1.6479e+21 1.0925e-04 -8.7319e-01 8.0142e-01 2.7273e+02 6.2049e+00 -7.8198e-03 1.2190e-02 -1.1512e-02 6.2622e+00 6.1381e+00 6.2145e+00 4.1738e+00 4.8117e-01 -9.8511e-03 1.1055e-01 1.1055e-01 8.8945e-01 1.5406e-03
1.0553e-04 1.0553e-04 8.9447e-04 4.5541e+05 9.9278e-05 9.9278e-05 1.1178e-04 1.1178e-04 2.9446e+01 1.6481e+21 1.0927e-04 -7.5584e-01 6.9167e-01 2.7272e+02 6.2058e+00 -7.0639e-03 1.2290e-02 -8.4855e-03 6.2630e+00 6.1417e+00 6.2127e+00 4.0490e+00 1.1046e+00 1.1705e+00 1.0553e-01 1.0553e-01 8.9447e-01 1.5493e-03
1.0050e-04 1.0050e-04 8.9950e-04 4.5795e+05 9.4253e-05 9.4253e-05 1.0675e-04 1.0675e-04 2.9437e+01 1.6476e+21 1.0924e-04 -5.7505e-01 5.5665e-01 2.7277e+02 6.2049e+00 -6.8479e-03 1.0719e-02 -6.0207e-03 6.2606e+00 6.1431e+00 6.2111e+00 3.7654e+00 1.3798e+00 1.9486e+00 1.0050e-01 1.0050e-01 8.9950e-01 1.5580e-03
9.5477e-05 9.5477e-05 9.0452e-04 4.6049e+05 8.9227e-05 8.9227e-05 1.0173e-04 1.0173e-04 2.9427e+01 1.6471e+21 1.0920e-04 -6.1944e-01 5.1205e-01 2.7278e+02 6.2030e+00 -6.4525e-03 9.5953e-03 -3.1269e-03 6.2569e+00 6.1442e+00 6.2078e+00 3.4232e+00 1.6307e+00 9.9078e-01 9.5477e-02 9.5477e-02 9.0452e-01 1.5667e-03
9.0452e-05 9.0452e-05 9.0955e-04 4.6304e+05 8.4202e-05 8.4202e-05 9.6702e-05 9.6702e-05 2.9414e+01 1.6463e+21 1.0915e-04 -6.9183e-01 4.8728e-01 2.7275e+02 6.1995e+00 -5.6553e-03 8.6809e-03 -7.4629e-04 6.2513e+00 6.1432e+00 6.2039e+00 2.9399e+00 2.2840e+00 1.4377e-01 9.0452e-02 9.0452e-02 9.0955e-01 1.5754e-03
8.5427e-05 8.5427e-05 9.1457e-04 4.6558e+05 7.9177e-05 7.9177e-05 9.1677e-05 9.1677e-05 2.9409e+01 1.6460e+21 1.0913e-04 -7.0438e-01 4.6650e-01 2.7273e+02 6.1980e+00 -4.8412e-03 7.9177e-03 -6.6110e-04 6.2471e+00 6.1433e+00 6.2037e+00 2.5547e+00 2.6360e+00 -3.4149e-01 8.5427e-02 8.5427e-02 9.1457e-01 1.5841e-03
8.0402e-05 8.0402e-05 9.1960e-04 4.6812e+05 7.4152e-05 7.4152e-05 8.6652e-05 8.6652e-05 2.9419e+01 1.6466e+21 1.0917e-04 -6.3139e-01 4.4871e-01 2.7274e+02 6.2005e+00 -4.7824e-03 7.5040e-03 -3.4193e-03 6.2462e+00 6.1467e+00 6.2086e+00 2.5895e+00 2.1538e+00 -5.1021e-01 8.0402e-02 8.0402e-02 9.1960e-01 1.5928e-03
7.5377e-05 7.5377e-05 9.2462e-04 4.7066e+05 6.9127e-05 6.9127e-05 8.1627e-05 8.1627e-05 2.9429e+01 1.6472e+21 1.0921e-04 -5.6794e-01 4.5353e-01 2.7275e+02 6.2028e+00 -7.1582e-03 8.3410e-03 -6.1408e-03 6.2455e+00 6.1510e+00 6.2120e+00 3.5114e+00 1.1665e+00 -5.4133e-01 7.5377e-02 7.5377e-02 9.2462e-01 1.6015e-03
7.0352e-05 7.0352e-05 9.2965e-04 4.7320e+05 6.4102e-05 6.4102e-05 7.6602e-05 7.6602e-05 2.9422e+01 1.6468e+21 1.0918e-04 -5.2277e-01 4.3959e-01 2.7273e+02 6.2008e+00 -6.9648e-03 7.4665e-03 -7.8860e-03 6.2419e+00 6.1503e+00 6.2103e+00 3.4103e+00 1.5820e+00 5.9039e-01 7.0352e-02 7.0352e-02 9.2965e-01 1.6102e-03
6.5327e-05 6.5327e-05 9.3467e-04 4.7574e+05 5.9077e-05 5.9077e-05 7.1577e-05 7.1577e-05 2.9414e+01 1.6463e+21 1.0915e-04 -4.8436e-01 4.4184e-01 2.7269e+02 6.1983e+00 -5.8797e-03 5.9057e-03 -9.4421e-03 6.2387e+00 6.1487e+00 6.2074e+00 3.1442e+00 1.5785e+00 1.1857e+00 6.5327e-02 6.5327e-02 9.3467e-01 1.6189e-03
6.0302e-05 6.0302e-05 9.3970e-04 4.7828e+05 5.4052e-05 5.4052e-05 6.6552e-05 6.6552e-05 2.9410e+01 1.6461e+21 1.0914e-04 -4.3633e-01 4.5773e-01 2.7266e+02 6.1968e+00 -5.0814e-03 6.4651e-03 -8.6042e-03 6.2370e+00 6.1482e+00 6.2054e+00 2.6063e+00 1.5310e+00 4.4308e-01 6.0302e-02 6.0302e-02 9.3970e-01 1.6276e-03
5.5276e-05 5.5276e-05 9.4472e-04 4.8082e+05 4.9026e-05 4.9026e-05 6.1526e-05 6.1526e-05 2.9412e+01 1.6462e+21 1.0914e-04 -3.7179e-01 4.5861e-01 2.7265e+02 6.1969e+00 -5.0451e-03 1.0144e-02 -5.0825e-03 6.2362e+00 6.1497e+00 6.2048e+00 1.8993e+00 1.6917e+00 -1.5636e+00 5.5276e-02 5.5276e-02 9.4472e-01 1.6363e-03
5.0251e-05 5.0251e-05 9.4975e-04 4.8336e+05 4.4001e-05 4.4001e-05 5.6501e-05 5.6501e-05 2.9410e+01 1.6461e+21 1.0914e-04 -3.0320e-01 3.6834e-01 2.7264e+02 6.1963e+00 -4.9341e-03 1.4093e-02 -2.9254e-03 6.2326e+00 6.1527e+00 6.2036e+00 1.7375e+00 1.6211e+00 -3.2503e+00 5.0251e-02 5.0251e-02 9.4975e-01 1.6450e-03
4.5226e-05 4.5226e-05 9.5477e-04 4.8590e+05 3.8976e-05 3.8976e-05 5.1476e-05 5.1476e-05 2.9394e+01 1.6452e+21 1.0908e-04 -2.2222e-01 2.3534e-01 2.7272e+02 6.1948e+00 -3.9500e-03 1.3574e-02 -5.6396e-03 6.2286e+00 6.1549e+00 6.2008e+00 2.7681e+00 1.9639e+00 -2.4336e+00 4.5226e-02 4.5226e-02 9.5477e-01 1.6537e-03
4.0201e-05 4.0201e-05 9.5980e-04 4.8844e+05 3.3951e-05 3.3951e-05 4.6451e-05 4.6451e-05 2.9383e+01 1.6446e+21 1.0904e-04 -1.4713e-01 1.6377e-01 2.7273e+02 6.1928e+00 -2.9425e-03 1.2015e-02 -7.2101e-03 6.2257e+00 6.1539e+00 6.1988e+00 3.7740e+00 2.1672e+00 -1.6118e+00 4.0201e-02 4.0201e-02 9.5980e-01 1.6624e-03
3.5176e-05 3.5176e-05 9.6482e-04 4.9098e+05 2.8926e-05 2.8926e-05 4.1426e-05 4.1426e-05 2.9380e+01 1.6444e+21 1.0902e-04 -1.2300e-01 1.3719e-01 2.7274e+02 6.1922e+00 -3.6914e-03 1.0434e-02 -7.6214e-03 6.2248e+00 6.1535e+00 6.1983e+00 4.0644e+00 2.5280e+00 -9.3190e-01 3.5176e-02 3.5176e-02 9.6482e-01 1.6711e-03
3.0151e-05 3.0151e-05 9.6985e-04 4.9352e+05 2.3901e-05 2.3901e-05 3.6401e-05 3.6401e-05 2.9380e+01 1.6444e+21 1.0903e-04 -1.4313e-01 1.3289e-01 2.7278e+02 6.1931e+00 -6.2104e-03 9.6046e-03 -7.1050e-03 6.2248e+00 6.1547e+00 6.1999e+00 3.5945e+00 3.1634e+00 -6.0650e-01 3.0151e-02 3.0151e-02 9.6985e-01 1.6798e-03
2.5126e-05 2.5126e-05 9.7487e-04 4.9606e+05 1.8876e-05 1.8876e-05 3.1376e-05 3.1376e-05 2.9370e+01 1.6439e+21 1.0899e-04 -1.2106e-01 1.3137e-01 2.7286e+02 6.1929e+00 -7.8004e-03 1.0158e-02 -5.6711e-03 6.2220e+00 6.1528e+00 6.2040e+00 3.2279e+00 3.8471e+00 -1.1768e+00 2.5126e-02 2.5126e-02 9.7487e-01 1.6885e-03
2.0101e-05 2.0101e-05 9.7990e-04 4.9860e+05 1.3851e-05 1.3851e-05 2.6351e-05 2.6351e-05 2.9369e+01 1.6438e+21 1.0898e-04 -1.1796e-01 8.9949e-02 2.7278e+02 6.1909e+00 -6.8004e-03 7.5808e-03 -3.9785e-03 6.2179e+00 6.1548e+00 6.2000e+00 2.7781e+00 3.0219e+00 -1.8680e+00 2.0101e-02 2.0101e-02 9.7990e-01 1.6972e-03
1.5075e-05 1.5075e-05 9.8492e-04 5.0114e+05 8.8254e-06 8.8254e-06 2.1325e-05 2.1325e-05 2.9357e+01 1.6431e+21 1.0894e-04 -1.1367e-01 7.8647e-02 2.7277e+02 6.1880e+00 -6.1180e-03 7.3360e-03 -1.6901e-03 6.2128e+00 6.1543e+00 6.1967e+00 2.4328e+00 2.9282e+00 -1.6848e+00 1.5075e-02 1.5075e-02 9.8492e-01 1.7059e-03
1.0050e-05 1.0050e-05 9.8995e-04 5.0306e+05 5.0251e-06 5.0251e-06 1.7525e-05 1.7525e-05 2.9346e+01 1.6425e+21 1.0890e-04 -5.5726e-02 1.2565e-01 2.7279e+02 6.1861e+00 -5.8449e-03 6.5331e-03 -6.9388e-04 6.2100e+00 6.1537e+00 6.1947e+00 2.0932e+00 3.0831e+00 -1.1180e+00 1.0050e-02 1.0050e-02 9.8995e-01 1.7146e-03
5.0251e-06 5.0251e-06 9.9497e-04 5.0433e+05 2.5126e-06 2.5126e-06 1.5013e-05 1.5013e-05 2.9340e+01 1.6422e+21 1.0888e-04 9.0438e-02 2.0960e-01 2.7285e+02 6.1863e+00 -5.4618e-03 3.4908e-03 -9.1129e-04 6.2103e+00 6.1541e+00 6.1944e+00 1.6608e+00 3.2499e+00 -4.3254e-01 5.0251e-03 5.0251e-03 9.9497e-01 1.7233e-03
0.0000e+00 0.0000e+00 1.0000e-03 5.0560e+05 0.0000e+00 0.0000e+00 1.2500e-05 1.2500e-05 2.9331e+01 1.6417e+21 1.0884e-04 3.3729e-01 2.5536e-01 2.7300e+02 6.1878e+00 -3.8630e-03 -1.7875e-03 2.6453e-05 6.2117e+00 6.1551e+00 6.1966e+00 1.0491e+00 3.5661e+00 4.2150e-01 0.0000e+00 0.0000e+00 1.0000e+00 1.7321e-03
