#t=9.999999999999831 
#rho:0, U:x:0, U:y:0, T:0, Q:x:0, p:0, nden:0, rho:1, U:x:1, U:y:1, T:1, Q:x:1, p:1, nden:1
-1.30841e-20 1.12020e-04 1.87149e-03 -2.87046e+01 2.75748e+02 -1.89183e+01 6.42711e+00 1.68819e+21 1.12078e-04 2.54193e-03 -2.91116e+01 2.77038e+02 -1.72839e+01 1.35435e+01 8.05715e+20
3.57143e-05 1.11973e-04 4.48285e-03 -2.61368e+01 2.75946e+02 -1.73331e+01 6.42901e+00 1.68747e+21 1.12022e-04 6.43645e-03 -2.65463e+01 2.77275e+02 -1.56313e+01 1.35483e+01 8.05314e+20
7.14286e-05 1.11930e-04 6.42097e-03 -2.36733e+01 2.76117e+02 -1.57882e+01 6.43054e+00 1.68683e+21 1.11971e-04 9.37382e-03 -2.40772e+01 2.77476e+02 -1.40546e+01 1.35520e+01 8.04950e+20
1.07143e-04 1.11892e-04 7.68484e-03 -2.13145e+01 2.76264e+02 -1.42859e+01 6.43178e+00 1.68626e+21 1.11926e-04 1.13523e-02 -2.17050e+01 2.77644e+02 -1.25560e+01 1.35547e+01 8.04624e+20
1.42857e-04 1.11858e-04 8.27362e-03 -1.90607e+01 2.76390e+02 -1.28281e+01 6.43279e+00 1.68575e+21 1.11886e-04 1.23706e-02 -1.94301e+01 2.77784e+02 -1.11377e+01 1.35567e+01 8.04335e+20
1.78571e-04 1.11829e-04 8.18663e-03 -1.69125e+01 2.76497e+02 -1.14169e+01 6.43360e+00 1.68532e+21 1.11851e-04 1.24273e-02 -1.72528e+01 2.77902e+02 -9.80169e+00 1.35582e+01 8.04083e+20
2.14286e-04 1.11805e-04 7.42335e-03 -1.48701e+01 2.76586e+02 -1.00540e+01 6.43428e+00 1.68495e+21 1.11821e-04 1.15217e-02 -1.51736e+01 2.78000e+02 -8.54981e+00 1.35593e+01 8.03868e+20
2.50000e-04 1.11786e-04 5.98345e-03 -1.29338e+01 2.76660e+02 -8.74095e+00 6.43488e+00 1.68465e+21 1.11796e-04 9.65306e-03 -1.31929e+01 2.78084e+02 -7.38368e+00 1.35604e+01 8.03690e+20
2.50000e-04 1.11783e-04 7.17190e-03 -1.28444e+01 2.76663e+02 -8.70721e+00 6.43479e+00 1.68461e+21 1.11793e-04 1.11618e-02 -1.30981e+01 2.78081e+02 -7.32224e+00 1.35600e+01 8.03671e+20
2.85714e-04 1.11766e-04 6.40378e-03 -1.09649e+01 2.76724e+02 -7.43963e+00 6.43524e+00 1.68436e+21 1.11772e-04 9.96116e-03 -1.11736e+01 2.78148e+02 -6.22880e+00 1.35606e+01 8.03515e+20
3.21429e-04 1.11752e-04 5.53826e-03 -9.10083e+00 2.76774e+02 -6.17962e+00 6.43560e+00 1.68415e+21 1.11753e-04 8.61221e-03 -9.26777e+00 2.78204e+02 -5.15154e+00 1.35611e+01 8.03383e+20
3.57143e-04 1.11740e-04 4.57535e-03 -7.25243e+00 2.76815e+02 -4.92769e+00 6.43588e+00 1.68397e+21 1.11738e-04 7.11495e-03 -7.38061e+00 2.78247e+02 -4.09091e+00 1.35614e+01 8.03275e+20
3.92857e-04 1.11731e-04 3.51511e-03 -5.41981e+00 2.76847e+02 -3.68433e+00 6.43609e+00 1.68384e+21 1.11727e-04 5.46948e-03 -5.51236e+00 2.78280e+02 -3.04735e+00 1.35616e+01 8.03192e+20
4.28571e-04 1.11725e-04 2.35756e-03 -3.60309e+00 2.76869e+02 -2.45003e+00 6.43623e+00 1.68374e+21 1.11718e-04 3.67588e-03 -3.66318e+00 2.78303e+02 -2.02130e+00 1.35617e+01 8.03132e+20
4.64286e-04 1.11721e-04 1.10279e-03 -1.80241e+00 2.76882e+02 -1.22527e+00 6.43632e+00 1.68368e+21 1.11713e-04 1.73428e-03 -1.83325e+00 2.78317e+02 -1.01320e+00 1.35618e+01 8.03097e+20
5.00000e-04 1.11720e-04 -2.49137e-04 -1.78843e-02 2.76887e+02 -1.05274e-02 6.43636e+00 1.68366e+21 1.11712e-04 -3.55151e-04 -2.27310e-02 2.78321e+02 -2.34568e-02 1.35618e+01 8.03085e+20
5.00000e-04 1.11720e-04 2.49137e-04 1.78843e-02 2.76887e+02 1.05274e-02 6.43636e+00 1.68366e+21 1.11712e-04 3.55151e-04 2.27310e-02 2.78321e+02 2.34568e-02 1.35618e+01 8.03085e+20
5.35714e-04 1.11721e-04 -1.10279e-03 1.80241e+00 2.76882e+02 1.22527e+00 6.43632e+00 1.68368e+21 1.11713e-04 -1.73428e-03 1.83325e+00 2.78317e+02 1.01320e+00 1.35618e+01 8.03097e+20
5.71429e-04 1.11725e-04 -2.35756e-03 3.60309e+00 2.76869e+02 2.45003e+00 6.43623e+00 1.68374e+21 1.11718e-04 -3.67588e-03 3.66318e+00 2.78303e+02 2.02130e+00 1.35617e+01 8.03132e+20
6.07143e-04 1.11731e-04 -3.51511e-03 5.41981e+00 2.76847e+02 3.68433e+00 6.43609e+00 1.68384e+21 1.11727e-04 -5.46948e-03 5.51236e+00 2.78280e+02 3.04735e+00 1.35616e+01 8.03192e+20
6.42857e-04 1.11740e-04 -4.57535e-03 7.25243e+00 2.76815e+02 4.92769e+00 6.43588e+00 1.68397e+21 1.11738e-04 -7.11495e-03 7.38061e+00 2.78247e+02 4.09091e+00 1.35614e+01 8.03275e+20
6.78571e-04 1.11752e-04 -5.53826e-03 9.10083e+00 2.76774e+02 6.17962e+00 6.43560e+00 1.68415e+21 1.11753e-04 -8.61221e-03 9.26777e+00 2.78204e+02 5.15154e+00 1.35611e+01 8.03383e+20
7.14286e-04 1.11766e-04 -6.40378e-03 1.09649e+01 2.76724e+02 7.43963e+00 6.43524e+00 1.68436e+21 1.11772e-04 -9.96116e-03 1.11736e+01 2.78148e+02 6.22880e+00 1.35606e+01 8.03515e+20
7.50000e-04 1.11783e-04 -7.17190e-03 1.28444e+01 2.76663e+02 8.70721e+00 6.43479e+00 1.68461e+21 1.11793e-04 -1.11618e-02 1.30981e+01 2.78081e+02 7.32224e+00 1.35600e+01 8.03671e+20
7.50000e-04 1.11786e-04 -5.98345e-03 1.29338e+01 2.76660e+02 8.74095e+00 6.43488e+00 1.68465e+21 1.11796e-04 -9.65306e-03 1.31929e+01 2.78084e+02 7.38368e+00 1.35604e+01 8.03690e+20
7.85714e-04 1.11805e-04 -7.42335e-03 1.48701e+01 2.76586e+02 1.00540e+01 6.43428e+00 1.68495e+21 1.11821e-04 -1.15217e-02 1.51736e+01 2.78000e+02 8.54981e+00 1.35593e+01 8.03868e+20
8.21429e-04 1.11829e-04 -8.18663e-03 1.69125e+01 2.76497e+02 1.14169e+01 6.43360e+00 1.68532e+21 1.11851e-04 -1.24273e-02 1.72528e+01 2.77902e+02 9.80169e+00 1.35582e+01 8.04083e+20
8.57143e-04 1.11858e-04 -8.27362e-03 1.90607e+01 2.76390e+02 1.28281e+01 6.43279e+00 1.68575e+21 1.11886e-04 -1.23706e-02 1.94301e+01 2.77784e+02 1.11377e+01 1.35567e+01 8.04335e+20
8.92857e-04 1.11892e-04 -7.68484e-03 2.13145e+01 2.76264e+02 1.42859e+01 6.43178e+00 1.68626e+21 1.11926e-04 -1.13523e-02 2.17050e+01 2.77644e+02 1.25560e+01 1.35547e+01 8.04624e+20
9.28571e-04 1.11930e-04 -6.42097e-03 2.36733e+01 2.76117e+02 1.57882e+01 6.43054e+00 1.68683e+21 1.11971e-04 -9.37382e-03 2.40772e+01 2.77476e+02 1.40546e+01 1.35520e+01 8.04950e+20
9.64286e-04 1.11973e-04 -4.48285e-03 2.61368e+01 2.75946e+02 1.73331e+01 6.42901e+00 1.68747e+21 1.12022e-04 -6.43645e-03 2.65463e+01 2.77275e+02 1.56313e+01 1.35483e+01 8.05314e+20
1.00000e-03 1.12020e-04 -1.87149e-03 2.87046e+01 2.75748e+02 1.89183e+01 6.42711e+00 1.68819e+21 1.12078e-04 -2.54193e-03 2.91116e+01 2.77038e+02 1.72839e+01 1.35435e+01 8.05715e+20
