16 0.002113961368 0.002113961368 
20 0.001647326851 0.001647326851 
24 0.001040829836 0.001040829836 
28 0.0002787695845 0.0002787695845 
32 0.0001873386227 0.0001873386227 
36 0.0001219401098 0.0001219401098 
40 4.603287048e-05 4.603287048e-05 
44 1.232463174e-05 1.232463174e-05 
48 2.538688923e-06 2.538688923e-06 
52 4.212663888e-07 4.212663888e-07 
56 6.29707895e-08 6.29707895e-08 
60 4.31971065e-08 4.31971065e-08 
64 4.226547331e-08 4.226547331e-08 
68 4.212157794e-08 4.212157794e-08 
72 4.211332856e-08 4.211332856e-08 
76 4.21767438e-08 4.21767438e-08 
80 4.211582855e-08 4.211582855e-08 
