16 0.007794896569 0.004917005984 
20 0.007928378144 0.0005165034893 
24 0.002253774688 0.001457861931 
28 0.001409987562 0.0007682757194 
32 0.001729468749 0.0001852291922 
36 0.0008520624796 2.794677739e-05 
40 0.0003881314296 1.274446004e-05 
44 0.0002270223038 5.265890711e-06 
48 0.0001206583259 9.49462833e-07 
52 7.616530722e-05 3.375588453e-07 
56 3.63529612e-05 1.328387804e-07 
60 1.417722732e-05 5.873224801e-08 
64 4.754351839e-06 4.422177401e-08 
68 1.384947592e-06 4.222387078e-08 
72 3.632368721e-07 4.224965718e-08 
76 9.454243869e-08 4.223808955e-08 
80 2.093730883e-08 4.228431763e-08 
