16 0.001068529226 0.002373145994 
20 0.001508342836 0.003149215911 
24 0.004636804014 0.0009899886401 
28 0.005541820897 0.0006357084617 
32 0.004129411061 0.0008018246041 
36 0.002693648128 0.0004725441024 
40 0.002259830611 0.0001785240634 
44 0.002286577467 5.170784255e-05 
48 0.002145419697 2.041657388e-05 
52 0.001414663735 1.014011852e-05 
56 0.000727739129 6.534780506e-06 
60 0.0004908624899 3.401519274e-06 
64 0.0002587283976 1.301902514e-06 
68 0.0001926936668 5.278175049e-07 
72 0.0001609676855 1.485865875e-07 
76 0.0001086037573 6.453742355e-08 
80 6.345944374e-05 4.68541802e-08 
