16 0.002232515725 0.002786026725 
20 0.002909602489 0.0005148157691 
24 0.00134180048 0.001080199807 
28 0.0009405227599 0.0006699816801 
32 0.0009390114677 0.0002126955807 
36 0.000586734496 3.48968099e-05 
40 0.000264482089 6.512455711e-06 
44 0.0001217529138 2.90581329e-06 
48 0.0001102911016 9.505489691e-07 
52 7.266658305e-05 3.124453913e-07 
56 3.511123911e-05 6.37570599e-08 
60 1.393825053e-05 4.748563756e-08 
64 4.689898691e-06 4.360536016e-08 
68 1.375868114e-06 4.238556786e-08 
72 3.702800989e-07 4.229180778e-08 
76 9.577690449e-08 4.223030237e-08 
80 2.096511154e-08 4.228199869e-08 
