16 0.001284683364 0.0007968040432 
20 0.004287064746 0.001491411335 
24 0.002584852935 0.002029828766 
28 0.008229354146 0.001141236112 
32 0.01240544123 0.001373960112 
36 0.01720479424 0.001434488397 
40 0.01864152335 0.0008163635394 
44 0.01883891686 0.0003948799719 
48 0.01787851277 0.000211394324 
52 0.01573042475 0.0001151588448 
56 0.01224995865 0.0001037884375 
60 0.00806944491 6.817530637e-05 
64 0.004116699734 3.735087965e-05 
68 0.002560675253 1.825452803e-05 
72 0.001863786749 7.930630479e-06 
76 0.00180181785 3.248551933e-06 
80 0.001987554611 1.169810766e-06 
