16 0.002137232556 0.002774631749 
20 0.002753432068 0.0005314485378 
24 0.001421810385 0.001084966174 
28 0.0009635275677 0.0006784668682 
32 0.0009199759781 0.0002175438902 
36 0.0006035036206 3.653228096e-05 
40 0.0002740446694 7.337331581e-06 
44 0.0001296292859 2.943743959e-06 
48 0.0001054348541 9.891243853e-07 
52 7.071504217e-05 3.280547603e-07 
56 3.445080605e-05 7.127808053e-08 
60 1.372781894e-05 4.785970368e-08 
64 4.637057565e-06 4.410801774e-08 
68 1.363397675e-06 4.23798168e-08 
72 3.667375225e-07 4.230095674e-08 
76 9.50667223e-08 4.22322031e-08 
80 2.085396287e-08 4.228318734e-08 
