	0	7.036480136e-05	-221.613943	4.158394132e-06	224.3133123	3.284120416	-1983.916678
	7.275655659e-07	7.074811598e-05	-220.8270775	4.12294827e-06	224.5781426	3.308050386	-1984.530983
	2.43345609e-06	7.164553209e-05	-218.9910921	4.040271238e-06	225.1956097	3.364056152	-1985.963737
	5.098860516e-06	7.304400102e-05	-216.147518	3.912301306e-06	226.1506484	3.451277906	-1988.181104
	8.702709502e-06	7.492763844e-05	-212.3514412	3.741622678e-06	227.4230612	3.568655112	-1991.137923
	1.3216761e-05	7.727532227e-05	-207.6755544	3.531644037e-06	228.9862196	3.714779235	-1994.774632
	1.860567582e-05	8.006097994e-05	-202.2084042	3.286514255e-06	230.8077393	3.887915244	-1999.018743
	2.482727444e-05	8.325402246e-05	-196.0520972	3.011012627e-06	232.8503561	4.086033008	-2003.786774
	3.183286265e-05	8.681985592e-05	-189.3196515	2.710422302e-06	235.0729351	4.306844125	-2008.986464
	3.956761136e-05	9.07204516e-05	-182.1320888	2.390391304e-06	237.4315773	4.547842845	-2014.519215
	4.797098517e-05	9.491495956e-05	-174.6153525	2.056785389e-06	239.8807914	4.806349955	-2020.282667
	5.697721603e-05	9.936035074e-05	-166.8971446	1.715537133e-06	242.3746945	5.079558521	-2026.173349
	6.651581779e-05	0.0001040120724	-159.103775	1.372495725e-06	244.8682053	5.364580342	-2032.089311
	7.651213783e-05	0.0001088247017	-151.3571132	1.033281882e-06	247.3181961	5.658491982	-2037.932664
	8.688794132e-05	0.0001137525832	-143.7717332	7.031521289e-07	249.6845681	5.958379297	-2043.611961
	9.756202348e-05	0.0001187504353	-136.4523309	3.868763737e-07	251.9312186	6.261379419	-2049.044341
	0.0001084508451	0.0001237739148	-129.4914885	8.863226939e-08	254.0268729	6.564719279	-2054.157376
	0.0001194691863	0.0001287801274	-122.9678471	-1.880806704e-07	255.9457576	6.865749863	-2058.890574
	0.0001305308137	0.0001337280746	-116.9447365	-4.405048697e-07	257.668094	7.161975531	-2063.196489
	0.0001415491549	0.000138579032	-111.4692956	-6.666647663e-07	259.1804025	7.451077914	-2067.041423
	0.0001524379765	0.0001432968523	-106.572104	-8.653822728e-07	260.475608	7.73093406	-2070.405684
	0.0001631120587	0.000147848191	-102.2673256	-1.036267503e-06	261.5529459	7.999628682	-2073.283419
	0.0001734878622	0.0001522026559	-98.55335338	-1.179685412e-06	262.4176761	8.25546056	-2075.682017
	0.0001834841822	0.0001563328814	-95.41392409	-1.296699753e-06	263.0806134	8.496943303	-2077.62112
	0.000193022784	0.000160214533	-92.81966242	-1.388996443e-06	263.5574939	8.722800864	-2079.131265
	0.0002020290148	0.0001638262484	-90.7299961	-1.458789084e-06	263.868198	8.931958348	-2080.252222
	0.0002104323886	0.0001671495221	-89.0953755	-1.508709903e-06	264.0358568	9.123528779	-2081.031066
	0.0002181671373	0.0001701685463	-87.85972058	-1.541689848e-06	264.0858727	9.296796608	-2081.520064
	0.0002251727256	0.000172870015	-86.96301165	-1.560831862e-06	264.0448859	9.451198825	-2081.774449
	0.0002313943242	0.0001752429061	-86.34393652	-1.56928159e-06	263.939721	9.586304581	-2081.850132
	0.000236783239	0.0001772782508	-85.94250528	-1.570099799e-06	263.7963493	9.701794258	-2081.801463
	0.0002412972905	0.0001789689038	-85.70254555	-1.566140723e-06	263.6389001	9.797438886	-2081.679088
	0.0002449011395	0.0001803093226	-85.57399531	-1.559940371e-06	263.4887525	9.873080761	-2081.527981
	0.0002475665439	0.0001812953637	-85.51491766	-1.553618467e-06	263.3637406	9.928615797	-2081.385717
	0.0002492724344	0.0001819240623	-85.49317153	-1.548797619e-06	263.2775005	9.963976074	-2081.281053
	0.00025	0.0001821916385	-85.48771089	-1.546557569e-06	263.2392395	9.979013896	-2081.233181

	0.00025	0.0001827474826	-85.7541887	-9.664797526e-07	263.0833678	10.00353174	-2092.168639
	0.0002507275656	0.0001830305218	-85.63151645	-9.627115298e-07	263.1044196	10.01990961	-2092.287483
	0.0002524334561	0.0001836940885	-85.34472313	-9.539383506e-07	263.1535927	10.05830357	-2092.564853
	0.0002550988605	0.0001847307167	-84.8989488	-9.404045422e-07	263.2299017	10.11827477	-2092.994646
	0.0002587027095	0.000186131984	-84.30074666	-9.224431723e-07	263.3320643	10.19932546	-2093.5688
	0.000263216761	0.0001878866088	-83.55879432	-9.0049275e-07	263.4583858	10.30078926	-2094.276675
	0.0002686056758	0.0001899804913	-82.68372585	-8.750852467e-07	263.6067958	10.42183407	-2095.1053
	0.0002748272744	0.0001923968277	-81.68790112	-8.46830783e-07	263.7748977	10.56146937	-2096.039707
	0.0002818328627	0.0001951162526	-80.58513757	-8.164000282e-07	263.9600258	10.71855514	-2097.06331
	0.0002895676114	0.0001981170046	-79.3904142	-7.84504913e-07	264.1593084	10.89181229	-2098.158325
	0.0002979709852	0.0002013751111	-78.119556	-7.518782572e-07	264.3697349	11.07983419	-2099.306216
	0.000306977216	0.0002048645912	-76.78890787	-7.192529394e-07	264.5882244	11.28109923	-2100.488147
	0.0003165158178	0.0002085576738	-75.41500677	-6.873412408e-07	264.8116945	11.49398435	-2101.685444
	0.0003265121378	0.0002124250298	-74.01426104	-6.568149944e-07	265.0371289	11.71677916	-2102.880031
	0.0003368879413	0.0002164360144	-72.60264526	-6.2828714e-07	265.26164	11.94770079	-2104.054841
	0.0003475620235	0.0002205589192	-71.19541861	-6.022952401e-07	265.4825268	12.18490902	-2105.194198
	0.0003584508451	0.00022476123	-69.80687392	-5.792874535e-07	265.6973257	12.4265217	-2106.284137
	0.0003694691863	0.000229009889	-68.45012331	-5.596113814e-07	265.9038524	12.67063034	-2107.312672
	0.0003805308137	0.0002332715587	-67.13692544	-5.435061119e-07	266.100235	12.91531551	-2108.269997
	0.0003915491549	0.0002375128858	-65.87755787	-5.310976908e-07	266.2849366	13.15866224	-2109.14862
	0.0004024379765	0.0002417007621	-64.68073662	-5.223981344e-07	266.4567671	13.39877492	-2109.943421
	0.0004131120587	0.0002458025807	-63.55358357	-5.173079948e-07	266.614885	13.63379191	-2110.651634
	0.0004234878622	0.0002497864862	-62.50164086	-5.156223724e-07	266.7587876	13.86189954	-2111.272766
	0.0004334841822	0.0002536216161	-61.52893	-5.170401661e-07	266.8882926	14.0813455	-2111.808437
	0.000443022784	0.0002572783328	-60.63805194	-5.211762498e-07	267.0035096	14.29045154	-2112.26217
	0.0004520290148	0.0002607284431	-59.83032337	-5.275761724e-07	267.1048044	14.48762538	-2112.639122
	0.0004604323886	0.0002639454062	-59.10594304	-5.357329024e-07	267.1927565	14.67137175	-2112.945766
	0.0004681671373	0.0002669045267	-58.46418156	-5.451050728e-07	267.2681116	14.84030264	-2113.189554
	0.0004751727256	0.0002695831327	-57.90358705	-5.551361373e-07	267.331731	14.9931466	-2113.378544
	0.0004813943242	0.000271960738	-57.42219875	-5.652738232e-07	267.3845394	15.12875706	-2113.52103
	0.000486783239	0.0002740191876	-57.01776083	-5.749892548e-07	267.4274736	15.24611976	-2113.625169
	0.0004912972905	0.0002757427846	-56.68792823	-5.837951345e-07	267.4614326	15.34435922	-2113.698628
	0.0004949011395	0.0002771183988	-56.43045758	-5.912623959e-07	267.4872318	15.4227441	-2113.748262
	0.0004975665439	0.0002781355504	-56.24337684	-5.970347683e-07	267.5055634	15.48069134	-2113.779823
	0.0004992724344	0.0002787864272	-56.1251354	-6.008405362e-07	267.5169614	15.51776659	-2113.797725
	0.0005	0.0002790640007	-56.07505955	-6.024901486e-07	267.5217432	15.53357648	-2113.804814

	0.0005	0.0002791378043	-56.06105969	-5.052206705e-07	267.5027105	15.5365792	-2113.777307
	0.0005007275656	0.0002794154022	-56.00734015	-5.072745893e-07	267.5087555	15.5524054	-2113.788937
	0.0005024334561	0.0002800663276	-55.88165398	-5.120317982e-07	267.5228731	15.58951323	-2113.814902
	0.0005050988605	0.0002810835316	-55.68602424	-5.193005421e-07	267.5447745	15.64749557	-2113.851818
	0.0005087027095	0.0002824591706	-55.42297329	-5.288099725e-07	267.5740829	15.72589721	-2113.894646
	0.000513216761	0.000284182724	-55.09584787	-5.402045351e-07	267.6103003	15.82410789	-2113.936797
	0.0005186056758	0.0002862410127	-54.70876354	-5.5305512e-07	267.6528187	15.94136376	-2113.970382
	0.0005248272744	0.0002886182852	-54.26652532	-5.66872984e-07	267.7009346	16.07675276	-2113.986501
	0.0005318328627	0.0002912963276	-53.77453497	-5.811256909e-07	267.7538663	16.22922149	-2113.975589
	0.0005395676114	0.0002942545936	-53.23868816	-5.952545311e-07	267.8107726	16.39758324	-2113.927785
	0.0005479709852	0.000297470352	-52.66526449	-6.086928642e-07	267.8707727	16.58052707	-2113.833316
	0.000556977216	0.0003009188518	-52.06081316	-6.208848022e-07	267.9329667	16.77662783	-2113.682896
	0.0005665158178	0.0003045735023	-51.43203735	-6.313036423e-07	267.9964561	16.9843571	-2113.468107
	0.0005765121378	0.000308406069	-50.78568011	-6.394694639e-07	268.0603635	17.20209498	-2113.181768
	0.0005868879413	0.0003123868834	-50.12841464	-6.449653315e-07	268.1238518	17.42814259	-2112.818266
	0.0005975620235	0.0003164850642	-49.46674168	-6.474515879e-07	268.1861408	17.66073516	-2112.373847
	0.0006084508451	0.0003206687511	-48.80689618	-6.466777809e-07	268.2465224	17.89805573	-2111.84685
	0.0006194691863	0.0003249053473	-48.15476554	-6.424918403e-07	268.3043733	18.13824928	-2111.237882
	0.0006305308137	0.0003291617699	-47.51582089	-6.34846209e-07	268.3591638	18.37943716	-2110.549923
	0.0006415491549	0.0003334047065	-46.89506285	-6.238007246e-07	268.4104652	18.61973173	-2109.788356
	0.0006524379765	0.0003376008763	-46.29698235	-6.095221506e-07	268.4579526	18.85725119	-2108.960929
	0.0006631120587	0.0003417172922	-45.72553699	-5.922803626e-07	268.5014055	19.09013429	-2108.077634
	0.0006734878622	0.0003457215243	-45.18414264	-5.724412949e-07	268.5407042	19.31655501	-2107.150525
	0.0006834841822	0.0003495819598	-44.67567972	-5.504568597e-07	268.5758244	19.53473692	-2106.193455
	0.000693022784	0.0003532680592	-44.20251305	-5.268521421e-07	268.6068284	19.74296726	-2105.22177
	0.0007020290148	0.0003567506055	-43.76652379	-5.022102601e-07	268.6338539	19.93961046	-2104.251935
	0.0007104323886	0.0003600019443	-43.36915166	-4.771553547e-07	268.657101	20.12312119	-2103.301136
	0.0007181671373	0.0003629962127	-43.01144526	-4.523342294e-07	268.6768183	20.29205656	-2102.386841
	0.0007251727256	0.0003657095549	-42.69411833	-4.283972071e-07	268.6932868	20.44508772	-2101.526351
	0.0007313943242	0.0003681203216	-42.4176093	-4.059787914e-07	268.7068046	20.58101037	-2100.736348
	0.000736783239	0.0003702092524	-42.18214178	-3.85678732e-07	268.7176711	20.69875444	-2100.032455
	0.0007412972905	0.0003719596383	-41.98778352	-3.680440798e-07	268.7261717	20.79739264	-2099.428815
	0.0007449011395	0.0003733574618	-41.83450152	-3.535527964e-07	268.7325645	20.87614775	-2098.937717
	0.0007475665439	0.0003743915089	-41.72221166	-3.425994772e-07	268.7370677	20.93439844	-2098.56926
	0.0007492724344	0.0003750534085	-41.65082563	-3.354840963e-07	268.7398494	20.97168112	-2098.331105
	0.00075	0.000375335733	-41.6204935	-3.324244127e-07	268.7410119	20.98758263	-2098.228976

	0.00075	0.0003758842991	-41.30794851	-5.788582268e-07	268.7493713	21.01891049	-2087.130607
	0.0007507275656	0.0003761514144	-41.28210893	-5.613734532e-07	268.7500015	21.03397211	-2087.196546
	0.0007524334561	0.0003767790114	-41.22148383	-5.209918358e-07	268.7513388	21.06934369	-2087.343457
	0.0007550988605	0.0003777632726	-41.12664603	-4.596204792e-07	268.7530343	21.12477151	-2087.551408
	0.0007587027095	0.0003791011715	-40.99819861	-3.799838784e-07	268.7545626	21.20002626	-2087.790704
	0.000763216761	0.0003807884842	-40.83695512	-2.856553321e-07	268.7552377	21.29479323	-2088.022525
	0.0007686056758	0.0003828195733	-40.64394439	-1.809403497e-07	268.7542388	21.40866316	-2088.200373
	0.0007748272744	0.0003851871884	-40.42041048	-7.07319853e-08	268.7506425	21.54112465	-2088.27183
	0.0007818328627	0.0003878822512	-40.16781145	3.965462071e-08	268.7434593	21.69155621	-2088.180559
	0.0007895676114	0.0003908936303	-39.88781709	1.446629243e-07	268.7316726	21.8592181	-2087.868493
	0.0007979709852	0.0003942079171	-39.58230545	2.386850699e-07	268.7142807	22.04324444	-2087.278121
	0.000806977216	0.0003978092136	-39.25335798	3.162553099e-07	268.6903384	22.24263608	-2086.354812
	0.0008165158178	0.0004016789425	-38.90325288	3.722405605e-07	268.6589985	22.45625456	-2085.049099
	0.0008265121378	0.0004057956926	-38.53445652	4.020219849e-07	268.6195507	22.68281792	-2083.318828
	0.0008368879413	0.0004101351092	-38.14961273	4.016617631e-07	268.5714568	22.92089845	-2081.131135
	0.0008475620235	0.000414669839	-37.75152967	3.680496616e-07	268.5143815	23.16892319	-2078.464144
	0.0008584508451	0.0004193695374	-37.34316419	2.9902464e-07	268.4482174	23.42517704	-2075.308362
	0.0008694691863	0.0004242009455	-36.92760369	1.934675029e-07	268.3731031	23.68780924	-2071.667701
	0.0008805308137	0.0004291280403	-36.50804531	5.136150578e-08	268.2894337	23.95484292	-2067.560095
	0.0008915491549	0.0004341122605	-36.08777266	-1.261811788e-07	268.1978641	24.22418819	-2063.017692
	0.0009024379765	0.0004391128086	-35.67013014	-3.369281656e-07	268.0993035	24.49365845	-2058.0866
	0.0009131120587	0.0004440870259	-35.25849498	-5.775706631e-07	267.9949027	24.76098998	-2052.8262
	0.0009234878622	0.0004489908365	-34.85624746	-8.438012154e-07	267.886033	25.02386449	-2047.308027
	0.0009334841822	0.0004537792528	-34.46673951	-1.130423154e-06	267.7742578	25.27993431	-2041.614264
	0.000943022784	0.0004584069346	-34.09326206	-1.43148853e-06	267.661299	25.52684987	-2035.835881
	0.0009520290148	0.0004628287891	-33.73901174	-1.740460421e-06	267.5489963	25.76228883	-2030.070472
	0.0009604323886	0.0004670006013	-33.40705733	-2.050394706e-06	267.4392631	25.98398648	-2024.419855
	0.0009681671373	0.0004708796803	-33.10030645	-2.354135825e-06	267.3340396	26.18976665	-2018.987504
	0.0009751727256	0.0004744255071	-32.82147314	-2.644520557e-06	267.2352432	26.37757249	-2013.875888
	0.0009813943242	0.0004776003687	-32.57304686	-2.914583606e-06	267.14472	26.54549653	-2009.183796
	0.000986783239	0.0004803699645	-32.35726343	-3.157758706e-06	267.0641961	26.69180925	-2005.003727
	0.0009912972905	0.0004827039697	-32.17607844	-3.368069064e-06	266.9952331	26.81498558	-2001.419425
	0.0009949011395	0.0004845765397	-32.03114383	-3.540301182e-06	266.9391863	26.91372857	-1998.503635
	0.0009975665439	0.0004859667393	-31.92378846	-3.670156125e-06	266.8971689	26.98698937	-1996.31615
	0.0009992724344	0.0004868588254	-31.85500752	-3.754368051e-06	266.8700252	27.03398003	-1994.902314
	0.001	0.0004872398579	-31.82565518	-3.790546535e-06	266.8583884	27.05404606	-1994.296029
