1.0000e+00 1.0000e+00 0.0000e+00 1.3060e-04 3.8266e+00 -4.7698e+00 6.9953e-01 2.7528e+02 3.5030e+01 -2.5242e+00 -1.1998e+01 7.7079e+00 -4.3147e-01 -2.1469e-02 7.3230e+00 8.1891e-02 7.4114e+00 7.4808e+00 1.0000e+00 1.0000e+00 0.0000e+00 0.0000e+00
9.9497e-01 9.9497e-01 5.0251e-03 1.2966e-04 4.0160e+00 -4.7140e+00 6.4317e-01 2.7526e+02 3.3933e+01 -2.2689e+00 -1.1411e+01 7.6448e+00 -4.2553e-01 -2.3937e-02 7.2736e+00 7.8153e-02 7.3604e+00 7.4263e+00 9.9497e-01 9.9497e-01 5.0251e-03 8.7038e-06
9.8995e-01 9.8995e-01 1.0050e-02 1.2876e-04 4.1822e+00 -4.6697e+00 5.8916e-01 2.7523e+02 3.2892e+01 -2.0036e+00 -1.0856e+01 7.5842e+00 -4.1945e-01 -2.6075e-02 7.2261e+00 7.4651e-02 7.3112e+00 7.3739e+00 9.8995e-01 9.8995e-01 1.0050e-02 1.7408e-05
9.8492e-01 9.8492e-01 1.5075e-02 1.2790e-04 4.3193e+00 -4.6399e+00 5.3807e-01 2.7521e+02 3.1922e+01 -1.7257e+00 -1.0339e+01 7.5269e+00 -4.1319e-01 -2.7802e-02 7.1810e+00 7.1442e-02 7.2644e+00 7.3241e+00 9.8492e-01 9.8492e-01 1.5075e-02 2.6111e-05
9.7990e-01 9.7990e-01 2.0101e-02 1.2715e-04 4.4137e+00 -4.6259e+00 4.9381e-01 2.7518e+02 3.1095e+01 -1.4591e+00 -9.8952e+00 7.4767e+00 -4.0704e-01 -2.8972e-02 7.1413e+00 6.8721e-02 7.2231e+00 7.2804e+00 9.7990e-01 9.7990e-01 2.0101e-02 3.4815e-05
9.7487e-01 9.7487e-01 2.5126e-02 1.2643e-04 4.4842e+00 -4.6213e+00 4.5169e-01 2.7516e+02 3.0335e+01 -1.1906e+00 -9.4775e+00 7.4290e+00 -4.0077e-01 -2.9946e-02 7.1034e+00 6.6181e-02 7.1837e+00 7.2387e+00 9.7487e-01 9.7487e-01 2.5126e-02 4.3519e-05
9.6985e-01 9.6985e-01 3.0151e-02 1.2576e-04 4.5178e+00 -4.6313e+00 4.1214e-01 2.7514e+02 2.9672e+01 -9.1532e-01 -9.0943e+00 7.3846e+00 -3.9424e-01 -3.0666e-02 7.0676e+00 6.3878e-02 7.1466e+00 7.1996e+00 9.6985e-01 9.6985e-01 3.0151e-02 5.2223e-05
9.6482e-01 9.6482e-01 3.5176e-02 1.2516e-04 4.5208e+00 -4.6492e+00 3.7716e-01 2.7512e+02 2.9121e+01 -6.5975e-01 -8.7557e+00 7.3451e+00 -3.8785e-01 -3.1153e-02 7.0354e+00 6.1842e-02 7.1133e+00 7.1646e+00 9.6482e-01 9.6482e-01 3.5176e-02 6.0926e-05
9.5980e-01 9.5980e-01 4.0201e-02 1.2459e-04 4.5028e+00 -4.6735e+00 3.4409e-01 2.7509e+02 2.8636e+01 -4.0942e-01 -8.4382e+00 7.3079e+00 -3.8140e-01 -3.1543e-02 7.0048e+00 5.9933e-02 7.0817e+00 7.1315e+00 9.5980e-01 9.5980e-01 4.0201e-02 6.9630e-05
9.5477e-01 9.5477e-01 4.5226e-02 1.2406e-04 4.4424e+00 -4.7119e+00 3.1316e-01 2.7507e+02 2.8266e+01 -1.5819e-01 -8.1498e+00 7.2739e+00 -3.7465e-01 -3.1822e-02 6.9759e+00 5.8204e-02 7.0523e+00 7.1007e+00 9.5477e-01 9.5477e-01 4.5226e-02 7.8334e-05
9.4975e-01 9.4975e-01 5.0251e-02 1.2358e-04 4.3642e+00 -4.7523e+00 2.8524e-01 2.7506e+02 2.7971e+01 7.0913e-02 -7.8872e+00 7.2430e+00 -3.6808e-01 -3.2021e-02 6.9495e+00 5.6608e-02 7.0255e+00 7.0727e+00 9.4975e-01 9.4975e-01 5.0251e-02 8.7038e-05
9.4472e-01 9.4472e-01 5.5276e-02 1.2313e-04 4.2713e+00 -4.7953e+00 2.5900e-01 2.7504e+02 2.7729e+01 2.8864e-01 -7.6403e+00 7.2141e+00 -3.6156e-01 -3.2181e-02 6.9245e+00 5.5093e-02 7.0002e+00 7.0463e+00 9.4472e-01 9.4472e-01 5.5276e-02 9.5742e-05
9.3970e-01 9.3970e-01 6.0302e-02 1.2271e-04 4.1333e+00 -4.8515e+00 2.3447e-01 2.7502e+02 2.7613e+01 5.0210e-01 -7.4170e+00 7.1881e+00 -3.5472e-01 -3.2344e-02 6.9009e+00 5.3705e-02 6.9769e+00 7.0220e+00 9.3970e-01 9.3970e-01 6.0302e-02 1.0445e-04
9.3467e-01 9.3467e-01 6.5327e-02 1.2232e-04 3.9887e+00 -4.9056e+00 2.1186e-01 2.7500e+02 2.7535e+01 6.9486e-01 -7.2073e+00 7.1640e+00 -3.4810e-01 -3.2479e-02 6.8790e+00 5.2374e-02 6.9553e+00 6.9994e+00 9.3467e-01 9.3467e-01 6.5327e-02 1.1315e-04
9.2965e-01 9.2965e-01 7.0352e-02 1.2196e-04 3.8387e+00 -4.9582e+00 1.9078e-01 2.7498e+02 2.7488e+01 8.7143e-01 -7.0085e+00 7.1414e+00 -3.4166e-01 -3.2593e-02 6.8582e+00 5.1087e-02 6.9349e+00 6.9782e+00 9.2965e-01 9.2965e-01 7.0352e-02 1.2185e-04
9.2462e-01 9.2462e-01 7.5377e-02 1.2163e-04 3.6432e+00 -5.0226e+00 1.7099e-01 2.7497e+02 2.7569e+01 1.0397e+00 -6.8280e+00 7.1214e+00 -3.3491e-01 -3.2786e-02 6.8387e+00 4.9886e-02 6.9163e+00 6.9588e+00 9.2462e-01 9.2462e-01 7.5377e-02 1.3056e-04
9.1960e-01 9.1960e-01 8.0402e-02 1.2131e-04 3.4496e+00 -5.0827e+00 1.5243e-01 2.7495e+02 2.7659e+01 1.1909e+00 -6.6540e+00 7.1024e+00 -3.2840e-01 -3.2955e-02 6.8202e+00 4.8703e-02 6.8986e+00 6.9404e+00 9.1960e-01 9.1960e-01 8.0402e-02 1.3926e-04
9.1457e-01 9.1457e-01 8.5427e-02 1.2102e-04 3.2583e+00 -5.1377e+00 1.3536e-01 2.7494e+02 2.7762e+01 1.3216e+00 -6.4878e+00 7.0846e+00 -3.2218e-01 -3.3093e-02 6.8030e+00 4.7544e-02 6.8820e+00 6.9232e+00 9.1457e-01 9.1457e-01 8.5427e-02 1.4796e-04
9.0955e-01 9.0955e-01 9.0452e-02 1.2075e-04 3.0313e+00 -5.2008e+00 1.1909e-01 2.7493e+02 2.7964e+01 1.4433e+00 -6.3329e+00 7.0686e+00 -3.1572e-01 -3.3329e-02 6.7865e+00 4.6429e-02 6.8668e+00 6.9073e+00 9.0955e-01 9.0955e-01 9.0452e-02 1.5667e-04
9.0452e-01 9.0452e-01 9.5477e-02 1.2049e-04 2.8069e+00 -5.2600e+00 1.0367e-01 2.7491e+02 2.8170e+01 1.5516e+00 -6.1819e+00 7.0533e+00 -3.0947e-01 -3.3539e-02 6.7708e+00 4.5322e-02 6.8521e+00 6.8921e+00 9.0452e-01 9.0452e-01 9.5477e-02 1.6537e-04
8.9950e-01 8.9950e-01 1.0050e-01 1.2024e-04 2.5954e+00 -5.3100e+00 8.9747e-02 2.7490e+02 2.8360e+01 1.6363e+00 -6.0357e+00 7.0386e+00 -3.0365e-01 -3.3680e-02 6.7563e+00 4.4223e-02 6.8384e+00 6.8778e+00 8.9950e-01 8.9950e-01 1.0050e-01 1.7408e-04
8.9447e-01 8.9447e-01 1.0553e-01 1.2002e-04 2.3574e+00 -5.3653e+00 7.6296e-02 2.7489e+02 2.8623e+01 1.7130e+00 -5.8964e+00 7.0253e+00 -2.9766e-01 -3.3905e-02 6.7424e+00 4.3147e-02 6.8256e+00 6.8644e+00 8.9447e-01 8.9447e-01 1.0553e-01 1.8278e-04
8.8945e-01 8.8945e-01 1.1055e-01 1.1980e-04 2.1201e+00 -5.4179e+00 6.3442e-02 2.7487e+02 2.8891e+01 1.7800e+00 -5.7596e+00 7.0124e+00 -2.9179e-01 -3.4111e-02 6.7289e+00 4.2077e-02 6.8131e+00 6.8515e+00 8.8945e-01 8.8945e-01 1.1055e-01 1.9148e-04
8.8442e-01 8.8442e-01 1.1558e-01 1.1959e-04 1.9084e+00 -5.4567e+00 5.2122e-02 2.7486e+02 2.9109e+01 1.8219e+00 -5.6252e+00 6.9996e+00 -2.8651e-01 -3.4180e-02 6.7167e+00 4.1006e-02 6.8013e+00 6.8392e+00 8.8442e-01 8.8442e-01 1.1558e-01 2.0019e-04
8.7940e-01 8.7940e-01 1.2060e-01 1.1939e-04 1.6776e+00 -5.4989e+00 4.1105e-02 2.7485e+02 2.9379e+01 1.8577e+00 -5.4950e+00 6.9877e+00 -2.8111e-01 -3.4311e-02 6.7048e+00 3.9949e-02 6.7902e+00 6.8276e+00 8.7940e-01 8.7940e-01 1.2060e-01 2.0889e-04
8.7437e-01 8.7437e-01 1.2563e-01 1.1920e-04 1.4433e+00 -5.5402e+00 3.0468e-02 2.7484e+02 2.9661e+01 1.8870e+00 -5.3669e+00 6.9761e+00 -2.7574e-01 -3.4441e-02 6.6933e+00 3.8898e-02 6.7793e+00 6.8162e+00 8.7437e-01 8.7437e-01 1.2563e-01 2.1759e-04
8.6935e-01 8.6935e-01 1.3065e-01 1.1901e-04 1.2485e+00 -5.5631e+00 2.1487e-02 2.7483e+02 2.9858e+01 1.8917e+00 -5.2395e+00 6.9642e+00 -2.7109e-01 -3.4347e-02 6.6830e+00 3.7847e-02 6.7688e+00 6.8053e+00 8.6935e-01 8.6935e-01 1.3065e-01 2.2630e-04
8.6432e-01 8.6432e-01 1.3568e-01 1.1883e-04 1.0401e+00 -5.5883e+00 1.2717e-02 2.7481e+02 3.0091e+01 1.8920e+00 -5.1148e+00 6.9528e+00 -2.6634e-01 -3.4296e-02 6.6728e+00 3.6807e-02 6.7587e+00 6.7948e+00 8.6432e-01 8.6432e-01 1.3568e-01 2.3500e-04
8.5930e-01 8.5930e-01 1.4070e-01 1.1866e-04 8.2246e-01 -5.6147e+00 4.1352e-03 2.7480e+02 3.0350e+01 1.8889e+00 -4.9923e+00 6.9418e+00 -2.6153e-01 -3.4271e-02 6.6630e+00 3.5775e-02 6.7488e+00 6.7845e+00 8.5930e-01 8.5930e-01 1.4070e-01 2.4371e-04
8.5427e-01 8.5427e-01 1.4573e-01 1.1848e-04 6.5751e-01 -5.6187e+00 -2.6021e-03 2.7479e+02 3.0489e+01 1.8630e+00 -4.8695e+00 6.9298e+00 -2.5755e-01 -3.3936e-02 6.6542e+00 3.4749e-02 6.7391e+00 6.7744e+00 8.5427e-01 8.5427e-01 1.4573e-01 2.5241e-04
8.4925e-01 8.4925e-01 1.5075e-01 1.1832e-04 4.8304e-01 -5.6241e+00 -9.1834e-03 2.7478e+02 3.0654e+01 1.8346e+00 -4.7488e+00 6.9182e+00 -2.5347e-01 -3.3628e-02 6.6456e+00 3.3732e-02 6.7296e+00 6.7645e+00 8.4925e-01 8.4925e-01 1.5075e-01 2.6111e-04
8.4422e-01 8.4422e-01 1.5578e-01 1.1815e-04 2.9743e-01 -5.6312e+00 -1.5582e-02 2.7476e+02 3.0849e+01 1.8032e+00 -4.6304e+00 6.9071e+00 -2.4930e-01 -3.3353e-02 6.6372e+00 3.2726e-02 6.7204e+00 6.7549e+00 8.4422e-01 8.4422e-01 1.5578e-01 2.6982e-04
8.3920e-01 8.3920e-01 1.6080e-01 1.1799e-04 1.6513e-01 -5.6168e+00 -2.0268e-02 2.7475e+02 3.0924e+01 1.7556e+00 -4.5120e+00 6.8947e+00 -2.4586e-01 -3.2759e-02 6.6298e+00 3.1733e-02 6.7110e+00 6.7452e+00 8.3920e-01 8.3920e-01 1.6080e-01 2.7852e-04
8.3417e-01 8.3417e-01 1.6583e-01 1.1783e-04 3.1577e-02 -5.6011e+00 -2.4666e-02 2.7474e+02 3.1004e+01 1.7052e+00 -4.3950e+00 6.8825e+00 -2.4243e-01 -3.2152e-02 6.6225e+00 3.0749e-02 6.7018e+00 6.7356e+00 8.3417e-01 8.3417e-01 1.6583e-01 2.8722e-04
8.2915e-01 8.2915e-01 1.7085e-01 1.1767e-04 -1.1446e-01 -5.5873e+00 -2.8860e-02 2.7472e+02 3.1121e+01 1.6525e+00 -4.2807e+00 6.8707e+00 -2.3885e-01 -3.1583e-02 6.6154e+00 2.9781e-02 6.6929e+00 6.7263e+00 8.2915e-01 8.2915e-01 1.7085e-01 2.9593e-04
8.2412e-01 8.2412e-01 1.7588e-01 1.1751e-04 -2.1227e-01 -5.5547e+00 -3.1551e-02 2.7471e+02 3.1130e+01 1.5895e+00 -4.1668e+00 6.8577e+00 -2.3586e-01 -3.0728e-02 6.6089e+00 2.8829e-02 6.6838e+00 6.7168e+00 8.2412e-01 8.2412e-01 1.7588e-01 3.0463e-04
8.1910e-01 8.1910e-01 1.8090e-01 1.1735e-04 -3.0252e-01 -5.5180e+00 -3.3796e-02 2.7469e+02 3.1127e+01 1.5234e+00 -4.0541e+00 6.8446e+00 -2.3295e-01 -2.9816e-02 6.6027e+00 2.7889e-02 6.6747e+00 6.7073e+00 8.1910e-01 8.1910e-01 1.8090e-01 3.1334e-04
8.1407e-01 8.1407e-01 1.8593e-01 1.1720e-04 -4.0757e-01 -5.4836e+00 -3.5845e-02 2.7468e+02 3.1168e+01 1.4562e+00 -3.9446e+00 6.8320e+00 -2.2984e-01 -2.8957e-02 6.5967e+00 2.6967e-02 6.6659e+00 6.6982e+00 8.1407e-01 8.1407e-01 1.8593e-01 3.2204e-04
8.0905e-01 8.0905e-01 1.9095e-01 1.1704e-04 -4.7226e-01 -5.4337e+00 -3.6652e-02 2.7466e+02 3.1125e+01 1.3829e+00 -3.8360e+00 6.8184e+00 -2.2715e-01 -2.7868e-02 6.5911e+00 2.6063e-02 6.6569e+00 6.6888e+00 8.0905e-01 8.0905e-01 1.9095e-01 3.3074e-04
8.0402e-01 8.0402e-01 1.9598e-01 1.1688e-04 -5.2146e-01 -5.3772e+00 -3.6878e-02 2.7464e+02 3.1052e+01 1.3068e+00 -3.7284e+00 6.8044e+00 -2.2461e-01 -2.6686e-02 6.5857e+00 2.5172e-02 6.6478e+00 6.6793e+00 8.0402e-01 8.0402e-01 1.9598e-01 3.3945e-04
7.9899e-01 7.9899e-01 2.0101e-01 1.1673e-04 -5.8919e-01 -5.3239e+00 -3.6987e-02 2.7462e+02 3.1039e+01 1.2305e+00 -3.6245e+00 6.7910e+00 -2.2179e-01 -2.5585e-02 6.5805e+00 2.4302e-02 6.6391e+00 6.6702e+00 7.9899e-01 7.9899e-01 2.0101e-01 3.4815e-04
7.9397e-01 7.9397e-01 2.0603e-01 1.1658e-04 -6.2596e-01 -5.2586e+00 -3.6176e-02 2.7461e+02 3.0968e+01 1.1510e+00 -3.5217e+00 6.7769e+00 -2.1924e-01 -2.4321e-02 6.5755e+00 2.3449e-02 6.6303e+00 6.6609e+00 7.9397e-01 7.9397e-01 2.0603e-01 3.5685e-04
7.8894e-01 7.8894e-01 2.1106e-01 1.1642e-04 -6.4069e-01 -5.1848e+00 -3.4698e-02 2.7459e+02 3.0857e+01 1.0692e+00 -3.4198e+00 6.7623e+00 -2.1687e-01 -2.2940e-02 6.5708e+00 2.2608e-02 6.6213e+00 6.6515e+00 7.8894e-01 7.8894e-01 2.1106e-01 3.6556e-04
7.8392e-01 7.8392e-01 2.1608e-01 1.1627e-04 -6.7945e-01 -5.1155e+00 -3.3314e-02 2.7457e+02 3.0825e+01 9.8781e-01 -3.3220e+00 6.7484e+00 -2.1411e-01 -2.1681e-02 6.5661e+00 2.1793e-02 6.6127e+00 6.6424e+00 7.8392e-01 7.8392e-01 2.1608e-01 3.7426e-04
7.7889e-01 7.7889e-01 2.2111e-01 1.1612e-04 -6.9682e-01 -5.0379e+00 -3.1377e-02 2.7455e+02 3.0762e+01 9.0474e-01 -3.2250e+00 6.7342e+00 -2.1150e-01 -2.0323e-02 6.5617e+00 2.0990e-02 6.6040e+00 6.6333e+00 7.7889e-01 7.7889e-01 2.2111e-01 3.8297e-04
7.7387e-01 7.7387e-01 2.2613e-01 1.1597e-04 -6.8994e-01 -4.9507e+00 -2.8813e-02 2.7452e+02 3.0663e+01 8.1970e-01 -3.1292e+00 6.7194e+00 -2.0904e-01 -1.8854e-02 6.5574e+00 2.0202e-02 6.5953e+00 6.6240e+00 7.7387e-01 7.7387e-01 2.2613e-01 3.9167e-04
7.6884e-01 7.6884e-01 2.3116e-01 1.1582e-04 -7.0940e-01 -4.8691e+00 -2.6684e-02 2.7450e+02 3.0654e+01 7.3510e-01 -3.0366e+00 6.7056e+00 -2.0615e-01 -1.7529e-02 6.5531e+00 1.9437e-02 6.5870e+00 6.6152e+00 7.6884e-01 7.6884e-01 2.3116e-01 4.0037e-04
7.6382e-01 7.6382e-01 2.3618e-01 1.1568e-04 -7.1857e-01 -4.7828e+00 -2.4408e-02 2.7448e+02 3.0642e+01 6.4938e-01 -2.9449e+00 6.6917e+00 -2.0326e-01 -1.6171e-02 6.5488e+00 1.8685e-02 6.5788e+00 6.6064e+00 7.6382e-01 7.6382e-01 2.3618e-01 4.0908e-04
7.5879e-01 7.5879e-01 2.4121e-01 1.1553e-04 -7.0498e-01 -4.6871e+00 -2.1799e-02 2.7445e+02 3.0613e+01 5.6158e-01 -2.8542e+00 6.6775e+00 -2.0046e-01 -1.4728e-02 6.5448e+00 1.7950e-02 6.5705e+00 6.5976e+00 7.5879e-01 7.5879e-01 2.4121e-01 4.1778e-04
7.5377e-01 7.5377e-01 2.4623e-01 1.1540e-04 -7.1833e-01 -4.5977e+00 -2.0027e-02 2.7443e+02 3.0676e+01 4.7339e-01 -2.7654e+00 6.6644e+00 -1.9723e-01 -1.3433e-02 6.5407e+00 1.7237e-02 6.5627e+00 6.5893e+00 7.5377e-01 7.5377e-01 2.4623e-01 4.2648e-04
7.4874e-01 7.4874e-01 2.5126e-01 1.1518e-04 -7.1210e-01 -4.4804e+00 6.2010e-02 2.7456e+02 3.0919e+01 -3.9123e-01 -3.3928e+00 6.6517e+00 -1.9242e-01 -1.3225e-02 6.5327e+00 1.7077e-02 6.5549e+00 6.5798e+00 7.4874e-01 7.4874e-01 2.5126e-01 4.3519e-04
7.4372e-01 7.4372e-01 2.5628e-01 1.1507e-04 -7.5132e-01 -4.4031e+00 5.5095e-02 2.7454e+02 3.0687e+01 -5.0656e-01 -3.2998e+00 6.6425e+00 -1.9072e-01 -1.2971e-02 6.5284e+00 1.6402e-02 6.5484e+00 6.5731e+00 7.4372e-01 7.4372e-01 2.5628e-01 4.4389e-04
7.3869e-01 7.3869e-01 2.6131e-01 1.1496e-04 -7.9547e-01 -4.3266e+00 4.8467e-02 2.7453e+02 3.0443e+01 -6.1295e-01 -3.2058e+00 6.6333e+00 -1.8886e-01 -1.2721e-02 6.5241e+00 1.5743e-02 6.5420e+00 6.5665e+00 7.3869e-01 7.3869e-01 2.6131e-01 4.5260e-04
7.3367e-01 7.3367e-01 2.6633e-01 1.1485e-04 -8.4227e-01 -4.2501e+00 4.2077e-02 2.7451e+02 3.0190e+01 -7.1357e-01 -3.1105e+00 6.6243e+00 -1.8689e-01 -1.2470e-02 6.5199e+00 1.5094e-02 6.5356e+00 6.5599e+00 7.3367e-01 7.3367e-01 2.6633e-01 4.6130e-04
7.2864e-01 7.2864e-01 2.7136e-01 1.1475e-04 -8.9201e-01 -4.1722e+00 3.6367e-02 2.7449e+02 2.9922e+01 -8.0281e-01 -3.0101e+00 6.6154e+00 -1.8477e-01 -1.2201e-02 6.5157e+00 1.4458e-02 6.5294e+00 6.5535e+00 7.2864e-01 7.2864e-01 2.7136e-01 4.7000e-04
7.2362e-01 7.2362e-01 2.7638e-01 1.1464e-04 -9.4559e-01 -4.0947e+00 3.0907e-02 2.7447e+02 2.9646e+01 -8.8554e-01 -2.9099e+00 6.6067e+00 -1.8251e-01 -1.1936e-02 6.5115e+00 1.3834e-02 6.5233e+00 6.5472e+00 7.2362e-01 7.2362e-01 2.7638e-01 4.7871e-04
7.1859e-01 7.1859e-01 2.8141e-01 1.1454e-04 -1.0020e+00 -4.0175e+00 2.5648e-02 2.7445e+02 2.9363e+01 -9.6336e-01 -2.8097e+00 6.5980e+00 -1.8017e-01 -1.1673e-02 6.5073e+00 1.3220e-02 6.5173e+00 6.5409e+00 7.1859e-01 7.1859e-01 2.8141e-01 4.8741e-04
7.1357e-01 7.1357e-01 2.8643e-01 1.1444e-04 -1.0605e+00 -3.9380e+00 2.1145e-02 2.7443e+02 2.9069e+01 -1.0321e+00 -2.7058e+00 6.5895e+00 -1.7768e-01 -1.1390e-02 6.5032e+00 1.2618e-02 6.5114e+00 6.5347e+00 7.1357e-01 7.1357e-01 2.8643e-01 4.9612e-04
7.0854e-01 7.0854e-01 2.9146e-01 1.1435e-04 -1.1220e+00 -3.8588e+00 1.6840e-02 2.7441e+02 2.8769e+01 -1.0964e+00 -2.6026e+00 6.5811e+00 -1.7510e-01 -1.1111e-02 6.4991e+00 1.2025e-02 6.5056e+00 6.5286e+00 7.0854e-01 7.0854e-01 2.9146e-01 5.0482e-04
7.0352e-01 7.0352e-01 2.9648e-01 1.1425e-04 -1.1866e+00 -3.7799e+00 1.2752e-02 2.7438e+02 2.8462e+01 -1.1557e+00 -2.5003e+00 6.5728e+00 -1.7242e-01 -1.0836e-02 6.4950e+00 1.1442e-02 6.4999e+00 6.5226e+00 7.0352e-01 7.0352e-01 2.9648e-01 5.1352e-04
6.9849e-01 6.9849e-01 3.0151e-01 1.1416e-04 -1.2522e+00 -3.6984e+00 9.3424e-03 2.7436e+02 2.8151e+01 -1.2099e+00 -2.3961e+00 6.5647e+00 -1.6964e-01 -1.0541e-02 6.4909e+00 1.0870e-02 6.4943e+00 6.5166e+00 6.9849e-01 6.9849e-01 3.0151e-01 5.2223e-04
6.9347e-01 6.9347e-01 3.0653e-01 1.1406e-04 -1.3200e+00 -3.6168e+00 6.1311e-03 2.7433e+02 2.7836e+01 -1.2607e+00 -2.2928e+00 6.5567e+00 -1.6678e-01 -1.0249e-02 6.4868e+00 1.0305e-02 6.4887e+00 6.5107e+00 6.9347e-01 6.9347e-01 3.0653e-01 5.3093e-04
6.8844e-01 6.8844e-01 3.1156e-01 1.1397e-04 -1.3913e+00 -3.5354e+00 3.1617e-03 2.7430e+02 2.7515e+01 -1.3068e+00 -2.1912e+00 6.5488e+00 -1.6382e-01 -9.9618e-03 6.4827e+00 9.7525e-03 6.4833e+00 6.5049e+00 6.8844e-01 6.8844e-01 3.1156e-01 5.3963e-04
6.8342e-01 6.8342e-01 3.1658e-01 1.1389e-04 -1.4627e+00 -3.4514e+00 7.3420e-04 2.7427e+02 2.7195e+01 -1.3510e+00 -2.0892e+00 6.5410e+00 -1.6081e-01 -9.6586e-03 6.4786e+00 9.2094e-03 6.4779e+00 6.4992e+00 6.8342e-01 6.8342e-01 3.1658e-01 5.4834e-04
6.7839e-01 6.7839e-01 3.2161e-01 1.1380e-04 -1.5354e+00 -3.3668e+00 -1.4818e-03 2.7424e+02 2.6873e+01 -1.3932e+00 -1.9880e+00 6.5333e+00 -1.5774e-01 -9.3543e-03 6.4746e+00 8.6733e-03 6.4726e+00 6.4935e+00 6.7839e-01 6.7839e-01 3.2161e-01 5.5704e-04
6.7337e-01 6.7337e-01 3.2663e-01 1.1371e-04 -1.6118e+00 -3.2824e+00 -3.4490e-03 2.7421e+02 2.6547e+01 -1.4309e+00 -1.8895e+00 6.5257e+00 -1.5455e-01 -9.0576e-03 6.4705e+00 8.1511e-03 6.4674e+00 6.4879e+00 6.7337e-01 6.7337e-01 3.2663e-01 5.6575e-04
6.6834e-01 6.6834e-01 3.3166e-01 1.1363e-04 -1.6876e+00 -3.1955e+00 -5.0087e-03 2.7418e+02 2.6225e+01 -1.4693e+00 -1.7916e+00 6.5183e+00 -1.5135e-01 -8.7475e-03 6.4664e+00 7.6380e-03 6.4623e+00 6.4823e+00 6.6834e-01 6.6834e-01 3.3166e-01 5.7445e-04
6.6332e-01 6.6332e-01 3.3668e-01 1.1354e-04 -1.7638e+00 -3.1076e+00 -6.3552e-03 2.7415e+02 2.5906e+01 -1.5073e+00 -1.6946e+00 6.5109e+00 -1.4812e-01 -8.4335e-03 6.4623e+00 7.1317e-03 6.4572e+00 6.4768e+00 6.6332e-01 6.6332e-01 3.3668e-01 5.8315e-04
6.5829e-01 6.5829e-01 3.4171e-01 1.1346e-04 -1.8440e+00 -3.0197e+00 -7.4649e-03 2.7412e+02 2.5583e+01 -1.5414e+00 -1.6012e+00 6.5037e+00 -1.4477e-01 -8.1294e-03 6.4582e+00 6.6420e-03 6.4523e+00 6.4714e+00 6.5829e-01 6.5829e-01 3.4171e-01 5.9186e-04
6.5327e-01 6.5327e-01 3.4673e-01 1.1338e-04 -1.9230e+00 -2.9297e+00 -8.2893e-03 2.7409e+02 2.5268e+01 -1.5777e+00 -1.5089e+00 6.4966e+00 -1.4142e-01 -7.8149e-03 6.4541e+00 6.1611e-03 6.4474e+00 6.4660e+00 6.5327e-01 6.5327e-01 3.4673e-01 6.0056e-04
6.4824e-01 6.4824e-01 3.5176e-01 1.1330e-04 -2.0015e+00 -2.8383e+00 -8.9102e-03 2.7406e+02 2.4958e+01 -1.6153e+00 -1.4176e+00 6.4895e+00 -1.3807e-01 -7.4937e-03 6.4500e+00 5.6870e-03 6.4425e+00 6.4607e+00 6.4824e-01 6.4824e-01 3.5176e-01 6.0926e-04
6.4322e-01 6.4322e-01 3.5678e-01 1.1322e-04 -2.0839e+00 -2.7468e+00 -9.3251e-03 2.7402e+02 2.4648e+01 -1.6497e+00 -1.3309e+00 6.4827e+00 -1.3461e-01 -7.1853e-03 6.4458e+00 5.2330e-03 6.4378e+00 6.4554e+00 6.4322e-01 6.4322e-01 3.5678e-01 6.1797e-04
6.3819e-01 6.3819e-01 3.6181e-01 1.1314e-04 -2.1650e+00 -2.6535e+00 -9.5581e-03 2.7399e+02 2.4347e+01 -1.6870e+00 -1.2456e+00 6.4759e+00 -1.3117e-01 -6.8693e-03 6.4417e+00 4.7873e-03 6.4331e+00 6.4502e+00 6.3819e-01 6.3819e-01 3.6181e-01 6.2667e-04
6.3317e-01 6.3317e-01 3.6683e-01 1.1307e-04 -2.2448e+00 -2.5584e+00 -9.5974e-03 2.7396e+02 2.4056e+01 -1.7275e+00 -1.1616e+00 6.4692e+00 -1.2774e-01 -6.5451e-03 6.4375e+00 4.3504e-03 6.4284e+00 6.4450e+00 6.3317e-01 6.3317e-01 3.6683e-01 6.3538e-04
6.2814e-01 6.2814e-01 3.7186e-01 1.1299e-04 -2.3280e+00 -2.4633e+00 -9.4994e-03 2.7392e+02 2.3767e+01 -1.7657e+00 -1.0825e+00 6.4627e+00 -1.2422e-01 -6.2350e-03 6.4333e+00 3.9343e-03 6.4239e+00 6.4400e+00 6.2814e-01 6.2814e-01 3.7186e-01 6.4408e-04
6.2312e-01 6.2312e-01 3.7688e-01 1.1292e-04 -2.4101e+00 -2.3669e+00 -9.2900e-03 2.7389e+02 2.3487e+01 -1.8067e+00 -1.0050e+00 6.4563e+00 -1.2072e-01 -5.9210e-03 6.4291e+00 3.5272e-03 6.4194e+00 6.4349e+00 6.2312e-01 6.2312e-01 3.7688e-01 6.5278e-04
6.1809e-01 6.1809e-01 3.8191e-01 1.1284e-04 -2.4900e+00 -2.2682e+00 -8.9122e-03 2.7386e+02 2.3223e+01 -1.8526e+00 -9.2963e-01 6.4500e+00 -1.1726e-01 -5.5987e-03 6.4248e+00 3.1326e-03 6.4149e+00 6.4299e+00 6.1809e-01 6.1809e-01 3.8191e-01 6.6149e-04
6.1307e-01 6.1307e-01 3.8693e-01 1.1277e-04 -2.5727e+00 -2.1697e+00 -8.4679e-03 2.7382e+02 2.2963e+01 -1.8972e+00 -8.5869e-01 6.4438e+00 -1.1373e-01 -5.2905e-03 6.4206e+00 2.7575e-03 6.4105e+00 6.4250e+00 6.1307e-01 6.1307e-01 3.8693e-01 6.7019e-04
6.0804e-01 6.0804e-01 3.9196e-01 1.1270e-04 -2.6548e+00 -2.0703e+00 -7.9651e-03 2.7379e+02 2.2712e+01 -1.9439e+00 -7.8975e-01 6.4377e+00 -1.1021e-01 -4.9825e-03 6.4163e+00 2.3927e-03 6.4062e+00 6.4201e+00 6.0804e-01 6.0804e-01 3.9196e-01 6.7889e-04
6.0302e-01 6.0302e-01 3.9698e-01 1.1263e-04 -2.7337e+00 -1.9685e+00 -7.3407e-03 2.7376e+02 2.2483e+01 -1.9972e+00 -7.2367e-01 6.4317e+00 -1.0676e-01 -4.6670e-03 6.4119e+00 2.0447e-03 6.4019e+00 6.4152e+00 6.0302e-01 6.0302e-01 3.9698e-01 6.8760e-04
5.9799e-01 5.9799e-01 4.0201e-01 1.1256e-04 -2.8148e+00 -1.8668e+00 -6.7045e-03 2.7372e+02 2.2260e+01 -2.0496e+00 -6.6145e-01 6.4259e+00 -1.0326e-01 -4.3652e-03 6.4076e+00 1.7146e-03 6.3977e+00 6.4104e+00 5.9799e-01 5.9799e-01 4.0201e-01 6.9630e-04
5.9296e-01 5.9296e-01 4.0704e-01 1.1249e-04 -2.8960e+00 -1.7648e+00 -6.0530e-03 2.7369e+02 2.2044e+01 -2.1032e+00 -6.0146e-01 6.4202e+00 -9.9751e-02 -4.0679e-03 6.4032e+00 1.3958e-03 6.3936e+00 6.4057e+00 5.9296e-01 5.9296e-01 4.0704e-01 7.0501e-04
5.8794e-01 5.8794e-01 4.1206e-01 1.1242e-04 -2.9729e+00 -1.6603e+00 -5.3448e-03 2.7366e+02 2.1858e+01 -2.1650e+00 -5.4499e-01 6.4146e+00 -9.6353e-02 -3.7648e-03 6.3988e+00 1.0985e-03 6.3895e+00 6.4010e+00 5.8794e-01 5.8794e-01 4.1206e-01 7.1371e-04
5.8291e-01 5.8291e-01 4.1709e-01 1.1235e-04 -3.0514e+00 -1.5561e+00 -4.6631e-03 2.7363e+02 2.1678e+01 -2.2260e+00 -4.9172e-01 6.4092e+00 -9.2915e-02 -3.4747e-03 6.3944e+00 8.1709e-04 6.3855e+00 6.3964e+00 5.8291e-01 5.8291e-01 4.1709e-01 7.2241e-04
5.7789e-01 5.7789e-01 4.2211e-01 1.1228e-04 -3.1307e+00 -1.4520e+00 -4.0002e-03 2.7359e+02 2.1504e+01 -2.2871e+00 -4.4077e-01 6.4038e+00 -8.9458e-02 -3.1932e-03 6.3900e+00 5.4760e-04 6.3815e+00 6.3918e+00 5.7789e-01 5.7789e-01 4.2211e-01 7.3112e-04
5.7286e-01 5.7286e-01 4.2714e-01 1.1221e-04 -3.2046e+00 -1.3457e+00 -3.3598e-03 2.7356e+02 2.1368e+01 -2.3573e+00 -3.9386e-01 6.3986e+00 -8.6144e-02 -2.9087e-03 6.3855e+00 3.0466e-04 6.3776e+00 6.3872e+00 5.7286e-01 5.7286e-01 4.2714e-01 7.3982e-04
5.6784e-01 5.6784e-01 4.3216e-01 1.1215e-04 -3.2796e+00 -1.2397e+00 -2.7687e-03 2.7353e+02 2.1238e+01 -2.4267e+00 -3.4941e-01 6.3936e+00 -8.2804e-02 -2.6362e-03 6.3810e+00 7.5254e-05 6.3737e+00 6.3828e+00 5.6784e-01 5.6784e-01 4.3216e-01 7.4852e-04
5.6281e-01 5.6281e-01 4.3719e-01 1.1208e-04 -3.3559e+00 -1.1341e+00 -2.2284e-03 2.7351e+02 2.1115e+01 -2.4954e+00 -3.0750e-01 6.3886e+00 -7.9435e-02 -2.3761e-03 6.3765e+00 -1.4018e-04 6.3699e+00 6.3783e+00 5.6281e-01 5.6281e-01 4.3719e-01 7.5723e-04
5.5779e-01 5.5779e-01 4.4221e-01 1.1202e-04 -3.4263e+00 -1.0269e+00 -1.7874e-03 2.7348e+02 2.1034e+01 -2.5724e+00 -2.6941e-01 6.3839e+00 -7.6228e-02 -2.1170e-03 6.3719e+00 -3.2769e-04 6.3661e+00 6.3740e+00 5.5779e-01 5.5779e-01 4.4221e-01 7.6593e-04
5.5276e-01 5.5276e-01 4.4724e-01 1.1195e-04 -3.4971e+00 -9.2006e-01 -1.4107e-03 2.7345e+02 2.0960e+01 -2.6490e+00 -2.3329e-01 6.3792e+00 -7.3014e-02 -1.8684e-03 6.3674e+00 -5.0257e-04 6.3624e+00 6.3697e+00 5.5276e-01 5.5276e-01 4.4724e-01 7.7464e-04
5.4774e-01 5.4774e-01 4.5226e-01 1.1189e-04 -3.5692e+00 -8.1392e-01 -1.1270e-03 2.7342e+02 2.0896e+01 -2.7244e+00 -1.9993e-01 6.3747e+00 -6.9772e-02 -1.6365e-03 6.3628e+00 -6.6011e-04 6.3588e+00 6.3654e+00 5.4774e-01 5.4774e-01 4.5226e-01 7.8334e-04
5.4271e-01 5.4271e-01 4.5729e-01 1.1183e-04 -3.6356e+00 -7.0703e-01 -9.9169e-04 2.7340e+02 2.0872e+01 -2.8057e+00 -1.6956e-01 6.3704e+00 -6.6687e-02 -1.4093e-03 6.3581e+00 -7.9189e-04 6.3552e+00 6.3612e+00 5.4271e-01 5.4271e-01 4.5729e-01 7.9204e-04
5.3769e-01 5.3769e-01 4.6231e-01 1.1176e-04 -3.7014e+00 -6.0043e-01 -9.4079e-04 2.7337e+02 2.0860e+01 -2.8874e+00 -1.4082e-01 6.3661e+00 -6.3625e-02 -1.1913e-03 6.3535e+00 -9.1061e-04 6.3517e+00 6.3571e+00 5.3769e-01 5.3769e-01 4.6231e-01 8.0075e-04
5.3266e-01 5.3266e-01 4.6734e-01 1.1170e-04 -3.7686e+00 -4.9499e-01 -1.0322e-03 2.7335e+02 2.0861e+01 -2.9668e+00 -1.1479e-01 6.3621e+00 -6.0536e-02 -9.9492e-04 6.3489e+00 -1.0088e-03 6.3482e+00 6.3530e+00 5.3266e-01 5.3266e-01 4.6734e-01 8.0945e-04
5.2764e-01 5.2764e-01 4.7236e-01 1.1164e-04 -3.8305e+00 -3.8958e-01 -1.2992e-03 2.7333e+02 2.0898e+01 -3.0497e+00 -9.0775e-02 6.3582e+00 -5.7594e-02 -8.0616e-04 6.3442e+00 -1.0842e-03 6.3448e+00 6.3491e+00 5.2764e-01 5.2764e-01 4.7236e-01 8.1815e-04
5.2261e-01 5.2261e-01 4.7739e-01 1.1158e-04 -3.8906e+00 -2.8452e-01 -1.6737e-03 2.7330e+02 2.0953e+01 -3.1332e+00 -6.7986e-02 6.3545e+00 -5.4705e-02 -6.2572e-04 6.3395e+00 -1.1462e-03 6.3414e+00 6.3451e+00 5.2261e-01 5.2261e-01 4.7739e-01 8.2686e-04
5.1759e-01 5.1759e-01 4.8241e-01 1.1152e-04 -3.9521e+00 -1.8125e-01 -2.2461e-03 2.7328e+02 2.1023e+01 -3.2127e+00 -4.7445e-02 6.3509e+00 -5.1791e-02 -4.7255e-04 6.3348e+00 -1.1849e-03 6.3381e+00 6.3413e+00 5.1759e-01 5.1759e-01 4.8241e-01 8.3556e-04
5.1256e-01 5.1256e-01 4.8744e-01 1.1146e-04 -4.0089e+00 -7.8651e-02 -3.0026e-03 2.7327e+02 2.1126e+01 -3.2933e+00 -2.7883e-02 6.3475e+00 -4.9009e-02 -3.2887e-04 6.3301e+00 -1.2044e-03 6.3349e+00 6.3375e+00 5.1256e-01 5.1256e-01 4.8744e-01 8.4427e-04
5.0754e-01 5.0754e-01 4.9246e-01 1.1140e-04 -4.0628e+00 2.3364e-02 -3.8922e-03 2.7325e+02 2.1252e+01 -3.3743e+00 -9.0203e-03 6.3443e+00 -4.6311e-02 -1.9319e-04 6.3254e+00 -1.2101e-03 6.3317e+00 6.3338e+00 5.0754e-01 5.0754e-01 4.9246e-01 8.5297e-04
5.0251e-01 5.0251e-01 4.9749e-01 1.1135e-04 -4.1180e+00 1.2281e-01 -5.0409e-03 2.7323e+02 2.1395e+01 -3.4488e+00 8.5803e-03 6.3413e+00 -4.3590e-02 -9.0942e-05 6.3206e+00 -1.1906e-03 6.3286e+00 6.3302e+00 5.0251e-01 5.0251e-01 4.9749e-01 8.6167e-04
4.9749e-01 4.9749e-01 5.0251e-01 1.1131e-04 -4.2079e+00 2.2461e-01 -6.6817e-03 2.7321e+02 2.2322e+01 -3.5806e+00 3.5709e-02 6.3402e+00 -3.9469e-02 -1.7553e-04 6.3157e+00 -1.1721e-03 6.3259e+00 6.3273e+00 4.9749e-01 4.9749e-01 5.0251e-01 8.7038e-04
4.9246e-01 4.9246e-01 5.0754e-01 1.1125e-04 -4.2127e+00 3.2113e-01 -8.0974e-03 2.7319e+02 2.2031e+01 -3.6613e+00 5.3868e-02 6.3375e+00 -3.7413e-02 -1.1948e-04 6.3110e+00 -1.1238e-03 6.3229e+00 6.3238e+00 4.9246e-01 4.9246e-01 5.0754e-01 8.7908e-04
4.8744e-01 4.8744e-01 5.1256e-01 1.1120e-04 -4.2178e+00 4.1420e-01 -9.6412e-03 2.7318e+02 2.1742e+01 -3.7230e+00 6.9720e-02 6.3351e+00 -3.5357e-02 -7.7194e-05 6.3064e+00 -1.0523e-03 6.3200e+00 6.3205e+00 4.8744e-01 4.8744e-01 5.1256e-01 8.8778e-04
4.8241e-01 4.8241e-01 5.1759e-01 1.1115e-04 -4.2214e+00 5.0525e-01 -1.1182e-02 2.7316e+02 2.1452e+01 -3.7740e+00 8.4024e-02 6.3327e+00 -3.3343e-02 -4.6601e-05 6.3017e+00 -9.6999e-04 6.3171e+00 6.3172e+00 4.8241e-01 4.8241e-01 5.1759e-01 8.9649e-04
4.7739e-01 4.7739e-01 5.2261e-01 1.1110e-04 -4.2225e+00 5.9346e-01 -1.2708e-02 2.7314e+02 2.1159e+01 -3.8097e+00 9.6122e-02 6.3304e+00 -3.1394e-02 -3.3011e-05 6.2971e+00 -8.7296e-04 6.3143e+00 6.3139e+00 4.7739e-01 4.7739e-01 5.2261e-01 9.0519e-04
4.7236e-01 4.7236e-01 5.2764e-01 1.1105e-04 -4.2237e+00 6.7864e-01 -1.4252e-02 2.7313e+02 2.0870e+01 -3.8316e+00 1.0520e-01 6.3283e+00 -2.9450e-02 -3.0933e-05 6.2925e+00 -7.5770e-04 6.3115e+00 6.3108e+00 4.7236e-01 4.7236e-01 5.2764e-01 9.1390e-04
4.6734e-01 4.6734e-01 5.3266e-01 1.1100e-04 -4.2238e+00 7.6193e-01 -1.5771e-02 2.7311e+02 2.0580e+01 -3.8454e+00 1.1249e-01 6.3263e+00 -2.7541e-02 -3.8414e-05 6.2880e+00 -6.3286e-04 6.3088e+00 6.3077e+00 4.6734e-01 4.6734e-01 5.3266e-01 9.2260e-04
4.6231e-01 4.6231e-01 5.3769e-01 1.1096e-04 -4.2207e+00 8.4192e-01 -1.7216e-02 2.7309e+02 2.0288e+01 -3.8458e+00 1.1674e-01 6.3244e+00 -2.5718e-02 -6.4551e-05 6.2835e+00 -4.9268e-04 6.3062e+00 6.3047e+00 4.6231e-01 4.6231e-01 5.3769e-01 9.3130e-04
4.5729e-01 4.5729e-01 5.4271e-01 1.1091e-04 -4.2178e+00 9.1932e-01 -1.8624e-02 2.7307e+02 1.9999e+01 -3.8363e+00 1.1787e-01 6.3226e+00 -2.3904e-02 -1.0004e-04 6.2790e+00 -3.3851e-04 6.3037e+00 6.3018e+00 4.5729e-01 4.5729e-01 5.4271e-01 9.4001e-04
4.5226e-01 4.5226e-01 5.4774e-01 1.1087e-04 -4.2140e+00 9.9497e-01 -1.9995e-02 2.7305e+02 1.9711e+01 -3.8209e+00 1.1709e-01 6.3209e+00 -2.2116e-02 -1.4314e-04 6.2746e+00 -1.7583e-04 6.3012e+00 6.2989e+00 4.5226e-01 4.5226e-01 5.4774e-01 9.4871e-04
4.4724e-01 4.4724e-01 5.5276e-01 1.1083e-04 -4.2065e+00 1.0669e+00 -2.1256e-02 2.7303e+02 1.9422e+01 -3.7946e+00 1.1280e-01 6.3193e+00 -2.0437e-02 -2.0597e-04 6.2702e+00 2.4195e-06 6.2988e+00 6.2961e+00 4.4724e-01 4.4724e-01 5.5276e-01 9.5742e-04
4.4221e-01 4.4221e-01 5.5779e-01 1.1079e-04 -4.1990e+00 1.1366e+00 -2.2459e-02 2.7301e+02 1.9137e+01 -3.7617e+00 1.0568e-01 6.3179e+00 -1.8768e-02 -2.7610e-04 6.2658e+00 1.9111e-04 6.2964e+00 6.2934e+00 4.4221e-01 4.4221e-01 5.5779e-01 9.6612e-04
4.3719e-01 4.3719e-01 5.6281e-01 1.1075e-04 -4.1912e+00 1.2047e+00 -2.3618e-02 2.7298e+02 1.8853e+01 -3.7242e+00 9.6587e-02 6.3165e+00 -1.7115e-02 -3.5211e-04 6.2615e+00 3.8730e-04 6.2941e+00 6.2907e+00 4.3719e-01 4.3719e-01 5.6281e-01 9.7482e-04
4.3216e-01 4.3216e-01 5.6784e-01 1.1071e-04 -4.1790e+00 1.2687e+00 -2.4660e-02 2.7296e+02 1.8570e+01 -3.6791e+00 8.3950e-02 6.3152e+00 -1.5593e-02 -4.4826e-04 6.2573e+00 5.9891e-04 6.2918e+00 6.2881e+00 4.3216e-01 4.3216e-01 5.6784e-01 9.8353e-04
4.2714e-01 4.2714e-01 5.7286e-01 1.1068e-04 -4.1668e+00 1.3309e+00 -2.5645e-02 2.7294e+02 1.8289e+01 -3.6299e+00 6.9036e-02 6.3140e+00 -1.4082e-02 -5.4981e-04 6.2531e+00 8.1797e-04 6.2896e+00 6.2856e+00 4.2714e-01 4.2714e-01 5.7286e-01 9.9223e-04
4.2211e-01 4.2211e-01 5.7789e-01 1.1064e-04 -4.1545e+00 1.3915e+00 -2.6575e-02 2.7292e+02 1.8011e+01 -3.5766e+00 5.1915e-02 6.3128e+00 -1.2582e-02 -6.5660e-04 6.2489e+00 1.0443e-03 6.2875e+00 6.2831e+00 4.2211e-01 4.2211e-01 5.7789e-01 1.0009e-03
4.1709e-01 4.1709e-01 5.8291e-01 1.1061e-04 -4.1376e+00 1.4479e+00 -2.7417e-02 2.7290e+02 1.7734e+01 -3.5198e+00 3.2012e-02 6.3118e+00 -1.1221e-02 -7.8144e-04 6.2449e+00 1.2841e-03 6.2854e+00 6.2807e+00 4.1709e-01 4.1709e-01 5.8291e-01 1.0096e-03
4.1206e-01 4.1206e-01 5.8794e-01 1.1057e-04 -4.1204e+00 1.5027e+00 -2.8211e-02 2.7288e+02 1.7460e+01 -3.4604e+00 1.0324e-02 6.3108e+00 -9.8771e-03 -9.1087e-04 6.2408e+00 1.5295e-03 6.2833e+00 6.2783e+00 4.1206e-01 4.1206e-01 5.8794e-01 1.0183e-03
4.0704e-01 4.0704e-01 5.9296e-01 1.1054e-04 -4.1032e+00 1.5555e+00 -2.8938e-02 2.7287e+02 1.7189e+01 -3.3974e+00 -1.3852e-02 6.3099e+00 -8.5478e-03 -1.0459e-03 6.2368e+00 1.7825e-03 6.2813e+00 6.2760e+00 4.0704e-01 4.0704e-01 5.9296e-01 1.0270e-03
4.0201e-01 4.0201e-01 5.9799e-01 1.1051e-04 -4.0818e+00 1.6047e+00 -2.9629e-02 2.7285e+02 1.6921e+01 -3.3344e+00 -3.9531e-02 6.3090e+00 -7.3467e-03 -1.1946e-03 6.2329e+00 2.0455e-03 6.2793e+00 6.2738e+00 4.0201e-01 4.0201e-01 5.9799e-01 1.0357e-03
3.9698e-01 3.9698e-01 6.0302e-01 1.1048e-04 -4.0596e+00 1.6524e+00 -3.0285e-02 2.7283e+02 1.6654e+01 -3.2702e+00 -6.6525e-02 6.3082e+00 -6.1768e-03 -1.3480e-03 6.2291e+00 2.3134e-03 6.2774e+00 6.2716e+00 3.9698e-01 3.9698e-01 6.0302e-01 1.0445e-03
3.9196e-01 3.9196e-01 6.0804e-01 1.1045e-04 -4.0374e+00 1.6976e+00 -3.0873e-02 2.7281e+02 1.6392e+01 -3.2028e+00 -9.6068e-02 6.3075e+00 -5.0255e-03 -1.5070e-03 6.2253e+00 2.5887e-03 6.2755e+00 6.2694e+00 3.9196e-01 3.9196e-01 6.0804e-01 1.0532e-03
3.8693e-01 3.8693e-01 6.1307e-01 1.1042e-04 -4.0115e+00 1.7398e+00 -3.1471e-02 2.7280e+02 1.6133e+01 -3.1378e+00 -1.2595e-01 6.3068e+00 -3.9879e-03 -1.6757e-03 6.2216e+00 2.8710e-03 6.2737e+00 6.2674e+00 3.8693e-01 3.8693e-01 6.1307e-01 1.0619e-03
3.8191e-01 3.8191e-01 6.1809e-01 1.1039e-04 -3.9842e+00 1.7803e+00 -3.2058e-02 2.7278e+02 1.5875e+01 -3.0730e+00 -1.5648e-01 6.3062e+00 -2.9963e-03 -1.8490e-03 6.2179e+00 3.1573e-03 6.2719e+00 6.2653e+00 3.8191e-01 3.8191e-01 6.1809e-01 1.0706e-03
3.7688e-01 3.7688e-01 6.2312e-01 1.1036e-04 -3.9569e+00 1.8182e+00 -3.2583e-02 2.7277e+02 1.5623e+01 -3.0058e+00 -1.8939e-01 6.3056e+00 -2.0267e-03 -2.0274e-03 6.2143e+00 3.4503e-03 6.2702e+00 6.2634e+00 3.7688e-01 3.7688e-01 6.2312e-01 1.0793e-03
3.7186e-01 3.7186e-01 6.2814e-01 1.1033e-04 -3.9265e+00 1.8535e+00 -3.3151e-02 2.7275e+02 1.5374e+01 -2.9419e+00 -2.2172e-01 6.3050e+00 -1.1546e-03 -2.2121e-03 6.2108e+00 3.7477e-03 6.2685e+00 6.2614e+00 3.7186e-01 3.7186e-01 6.2814e-01 1.0880e-03
3.6683e-01 3.6683e-01 6.3317e-01 1.1030e-04 -3.8942e+00 1.8870e+00 -3.3742e-02 2.7274e+02 1.5126e+01 -2.8800e+00 -2.5385e-01 6.3045e+00 -3.4266e-04 -2.4008e-03 6.2073e+00 4.0483e-03 6.2668e+00 6.2595e+00 3.6683e-01 3.6683e-01 6.3317e-01 1.0967e-03
3.6181e-01 3.6181e-01 6.3819e-01 1.1028e-04 -3.8618e+00 1.9176e+00 -3.4280e-02 2.7273e+02 1.4885e+01 -2.8161e+00 -2.8797e-01 6.3041e+00 4.4458e-04 -2.5937e-03 6.2039e+00 4.3542e-03 6.2652e+00 6.2577e+00 3.6181e-01 3.6181e-01 6.3819e-01 1.1054e-03
3.5678e-01 3.5678e-01 6.4322e-01 1.1025e-04 -3.8270e+00 1.9461e+00 -3.4879e-02 2.7272e+02 1.4647e+01 -2.7559e+00 -3.2090e-01 6.3036e+00 1.1520e-03 -2.7901e-03 6.2006e+00 4.6626e-03 6.2636e+00 6.2559e+00 3.5678e-01 3.5678e-01 6.4322e-01 1.1141e-03
3.5176e-01 3.5176e-01 6.4824e-01 1.1022e-04 -3.7898e+00 1.9727e+00 -3.5536e-02 2.7271e+02 1.4410e+01 -2.6991e+00 -3.5271e-01 6.3032e+00 1.7844e-03 -2.9897e-03 6.1974e+00 4.9731e-03 6.2620e+00 6.2542e+00 3.5176e-01 3.5176e-01 6.4824e-01 1.1228e-03
3.4673e-01 3.4673e-01 6.5327e-01 1.1020e-04 -3.7525e+00 1.9963e+00 -3.6153e-02 2.7270e+02 1.4180e+01 -2.6408e+00 -3.8584e-01 6.3028e+00 2.3927e-03 -3.1919e-03 6.1942e+00 5.2868e-03 6.2604e+00 6.2525e+00 3.4673e-01 3.4673e-01 6.5327e-01 1.1315e-03
3.4171e-01 3.4171e-01 6.5829e-01 1.1017e-04 -3.7134e+00 2.0182e+00 -3.6829e-02 2.7269e+02 1.3953e+01 -2.5856e+00 -4.1757e-01 6.3025e+00 2.9383e-03 -3.3956e-03 6.1911e+00 5.6014e-03 6.2589e+00 6.2508e+00 3.4171e-01 3.4171e-01 6.5829e-01 1.1402e-03
3.3668e-01 3.3668e-01 6.6332e-01 1.1015e-04 -3.6714e+00 2.0377e+00 -3.7595e-02 2.7268e+02 1.3728e+01 -2.5352e+00 -4.4718e-01 6.3021e+00 3.3938e-03 -3.6012e-03 6.1881e+00 5.9169e-03 6.2575e+00 6.2492e+00 3.3668e-01 3.3668e-01 6.6332e-01 1.1489e-03
3.3166e-01 3.3166e-01 6.6834e-01 1.1012e-04 -3.6294e+00 2.0547e+00 -3.8331e-02 2.7267e+02 1.3510e+01 -2.4836e+00 -4.7735e-01 6.3018e+00 3.8298e-03 -3.8076e-03 6.1852e+00 6.2332e-03 6.2560e+00 6.2477e+00 3.3166e-01 3.3166e-01 6.6834e-01 1.1576e-03
3.2663e-01 3.2663e-01 6.7337e-01 1.1010e-04 -3.5861e+00 2.0700e+00 -3.9110e-02 2.7267e+02 1.3294e+01 -2.4343e+00 -5.0623e-01 6.3015e+00 4.2188e-03 -4.0141e-03 6.1823e+00 6.5491e-03 6.2546e+00 6.2461e+00 3.2663e-01 3.2663e-01 6.7337e-01 1.1663e-03
3.2161e-01 3.2161e-01 6.7839e-01 1.1007e-04 -3.5396e+00 2.0826e+00 -4.0000e-02 2.7266e+02 1.3081e+01 -2.3906e+00 -5.3185e-01 6.3012e+00 4.5046e-03 -4.2205e-03 6.1795e+00 6.8638e-03 6.2532e+00 6.2447e+00 3.2161e-01 3.2161e-01 6.7839e-01 1.1750e-03
3.1658e-01 3.1658e-01 6.8342e-01 1.1005e-04 -3.4932e+00 2.0930e+00 -4.0860e-02 2.7266e+02 1.2874e+01 -2.3458e+00 -5.5750e-01 6.3010e+00 4.7758e-03 -4.4261e-03 6.1768e+00 7.1772e-03 6.2518e+00 6.2432e+00 3.1658e-01 3.1658e-01 6.8342e-01 1.1837e-03
3.1156e-01 3.1156e-01 6.8844e-01 1.1002e-04 -3.4460e+00 2.1019e+00 -4.1735e-02 2.7265e+02 1.2670e+01 -2.3020e+00 -5.8215e-01 6.3007e+00 5.0158e-03 -4.6309e-03 6.1742e+00 7.4891e-03 6.2505e+00 6.2418e+00 3.1156e-01 3.1156e-01 6.8844e-01 1.1924e-03
3.0653e-01 3.0653e-01 6.9347e-01 1.1000e-04 -3.3952e+00 2.1077e+00 -4.2722e-02 2.7265e+02 1.2469e+01 -2.2643e+00 -6.0238e-01 6.3004e+00 5.1418e-03 -4.8329e-03 6.1717e+00 7.7968e-03 6.2492e+00 6.2404e+00 3.0653e-01 3.0653e-01 6.9347e-01 1.2011e-03
3.0151e-01 3.0151e-01 6.9849e-01 1.0998e-04 -3.3446e+00 2.1116e+00 -4.3669e-02 2.7265e+02 1.2273e+01 -2.2254e+00 -6.2236e-01 6.3002e+00 5.2582e-03 -5.0331e-03 6.1692e+00 8.1014e-03 6.2479e+00 6.2391e+00 3.0151e-01 3.0151e-01 6.9849e-01 1.2098e-03
2.9648e-01 2.9648e-01 7.0352e-01 1.0996e-04 -3.2937e+00 2.1142e+00 -4.4598e-02 2.7265e+02 1.2080e+01 -2.1862e+00 -6.4173e-01 6.2999e+00 5.3588e-03 -5.2318e-03 6.1668e+00 8.4034e-03 6.2466e+00 6.2378e+00 2.9648e-01 2.9648e-01 7.0352e-01 1.2185e-03
2.9146e-01 2.9146e-01 7.0854e-01 1.0993e-04 -3.2390e+00 2.1133e+00 -4.5602e-02 2.7265e+02 1.1892e+01 -2.1529e+00 -6.5571e-01 6.2996e+00 5.3380e-03 -5.4243e-03 6.1645e+00 8.6971e-03 6.2453e+00 6.2365e+00 2.9146e-01 2.9146e-01 7.0854e-01 1.2272e-03
2.8643e-01 2.8643e-01 7.1357e-01 1.0991e-04 -3.1846e+00 2.1108e+00 -4.6549e-02 2.7265e+02 1.1707e+01 -2.1181e+00 -6.6936e-01 6.2994e+00 5.3119e-03 -5.6146e-03 6.1623e+00 8.9866e-03 6.2441e+00 6.2352e+00 2.8643e-01 2.8643e-01 7.1357e-01 1.2359e-03
2.8141e-01 2.8141e-01 7.1859e-01 1.0989e-04 -3.1303e+00 2.1070e+00 -4.7444e-02 2.7265e+02 1.1525e+01 -2.0819e+00 -6.8272e-01 6.2991e+00 5.2809e-03 -5.8027e-03 6.1601e+00 9.2721e-03 6.2429e+00 6.2340e+00 2.8141e-01 2.8141e-01 7.1859e-01 1.2446e-03
2.7638e-01 2.7638e-01 7.2362e-01 1.0987e-04 -3.0722e+00 2.0996e+00 -4.8324e-02 2.7265e+02 1.1348e+01 -2.0503e+00 -6.9043e-01 6.2988e+00 5.1324e-03 -5.9815e-03 6.1580e+00 9.5446e-03 6.2417e+00 6.2328e+00 2.7638e-01 2.7638e-01 7.2362e-01 1.2533e-03
2.7136e-01 2.7136e-01 7.2864e-01 1.0985e-04 -3.0142e+00 2.0909e+00 -4.9129e-02 2.7265e+02 1.1173e+01 -2.0172e+00 -6.9773e-01 6.2985e+00 4.9783e-03 -6.1575e-03 6.1561e+00 9.8119e-03 6.2405e+00 6.2317e+00 2.7136e-01 2.7136e-01 7.2864e-01 1.2620e-03
2.6633e-01 2.6633e-01 7.3367e-01 1.0983e-04 -2.9566e+00 2.0805e+00 -4.9831e-02 2.7265e+02 1.1003e+01 -1.9817e+00 -7.0468e-01 6.2982e+00 4.8218e-03 -6.3301e-03 6.1541e+00 1.0072e-02 6.2393e+00 6.2306e+00 2.6633e-01 2.6633e-01 7.3367e-01 1.2708e-03
2.6131e-01 2.6131e-01 7.3869e-01 1.0981e-04 -2.8958e+00 2.0670e+00 -5.0397e-02 2.7265e+02 1.0835e+01 -1.9483e+00 -7.0711e-01 6.2979e+00 4.5712e-03 -6.4922e-03 6.1523e+00 1.0317e-02 6.2382e+00 6.2295e+00 2.6131e-01 2.6131e-01 7.3869e-01 1.2795e-03
2.5628e-01 2.5628e-01 7.4372e-01 1.0979e-04 -2.8348e+00 2.0521e+00 -5.0857e-02 2.7265e+02 1.0670e+01 -1.9136e+00 -7.0872e-01 6.2976e+00 4.3060e-03 -6.6504e-03 6.1506e+00 1.0555e-02 6.2370e+00 6.2284e+00 2.5628e-01 2.5628e-01 7.4372e-01 1.2882e-03
2.5126e-01 2.5126e-01 7.4874e-01 1.0977e-04 -2.7742e+00 2.0353e+00 -5.1126e-02 2.7265e+02 1.0509e+01 -1.8751e+00 -7.1020e-01 6.2973e+00 4.0424e-03 -6.8036e-03 6.1489e+00 1.0782e-02 6.2359e+00 6.2274e+00 2.5126e-01 2.5126e-01 7.4874e-01 1.2969e-03
2.4623e-01 2.4623e-01 7.5377e-01 1.0978e-04 -2.7229e+00 1.9931e+00 -4.3575e-02 2.7263e+02 1.0487e+01 -1.5570e+00 -7.5900e-01 6.2979e+00 3.8968e-03 -7.2633e-03 6.1478e+00 1.0914e-02 6.2358e+00 6.2271e+00 2.4623e-01 2.4623e-01 7.5377e-01 1.3056e-03
2.4121e-01 2.4121e-01 7.5879e-01 1.0976e-04 -2.6636e+00 1.9708e+00 -4.2798e-02 2.7263e+02 1.0264e+01 -1.4234e+00 -7.8819e-01 6.2975e+00 3.5515e-03 -7.3807e-03 6.1463e+00 1.1110e-02 6.2348e+00 6.2262e+00 2.4121e-01 2.4121e-01 7.5879e-01 1.3143e-03
2.3618e-01 2.3618e-01 7.6382e-01 1.0975e-04 -2.6046e+00 1.9457e+00 -4.1761e-02 2.7262e+02 1.0041e+01 -1.2815e+00 -8.1854e-01 6.2972e+00 3.2262e-03 -7.4840e-03 6.1450e+00 1.1292e-02 6.2337e+00 6.2253e+00 2.3618e-01 2.3618e-01 7.6382e-01 1.3230e-03
2.3116e-01 2.3116e-01 7.6884e-01 1.0973e-04 -2.5421e+00 1.9161e+00 -4.0597e-02 2.7262e+02 9.8067e+00 -1.1318e+00 -8.4837e-01 6.2967e+00 2.9036e-03 -7.5893e-03 6.1438e+00 1.1463e-02 6.2328e+00 6.2244e+00 2.3116e-01 2.3116e-01 7.6884e-01 1.3317e-03
2.2613e-01 2.2613e-01 7.7387e-01 1.0972e-04 -2.4778e+00 1.8837e+00 -3.9339e-02 2.7262e+02 9.5658e+00 -9.7724e-01 -8.7801e-01 6.2961e+00 2.5846e-03 -7.6940e-03 6.1428e+00 1.1625e-02 6.2318e+00 6.2236e+00 2.2613e-01 2.2613e-01 7.7387e-01 1.3404e-03
2.2111e-01 2.2111e-01 7.7889e-01 1.0970e-04 -2.4141e+00 1.8488e+00 -3.7838e-02 2.7262e+02 9.3259e+00 -8.1607e-01 -9.0872e-01 6.2955e+00 2.2891e-03 -7.7819e-03 6.1419e+00 1.1772e-02 6.2309e+00 6.2227e+00 2.2111e-01 2.2111e-01 7.7889e-01 1.3491e-03
2.1608e-01 2.1608e-01 7.8392e-01 1.0969e-04 -2.3479e+00 1.8109e+00 -3.6293e-02 2.7262e+02 9.0783e+00 -6.5146e-01 -9.3866e-01 6.2947e+00 1.9968e-03 -7.8702e-03 6.1411e+00 1.1909e-02 6.2300e+00 6.2220e+00 2.1608e-01 2.1608e-01 7.8392e-01 1.3578e-03
2.1106e-01 2.1106e-01 7.8894e-01 1.0968e-04 -2.2797e+00 1.7705e+00 -3.4710e-02 2.7261e+02 8.8238e+00 -4.8383e-01 -9.6791e-01 6.2939e+00 1.7072e-03 -7.9588e-03 6.1406e+00 1.2038e-02 6.2292e+00 6.2212e+00 2.1106e-01 2.1106e-01 7.8894e-01 1.3665e-03
2.0603e-01 2.0603e-01 7.9397e-01 1.0966e-04 -2.2126e+00 1.7281e+00 -3.2918e-02 2.7261e+02 8.5720e+00 -3.1196e-01 -9.9804e-01 6.2931e+00 1.4432e-03 -8.0285e-03 6.1400e+00 1.2149e-02 6.2283e+00 6.2205e+00 2.0603e-01 2.0603e-01 7.9397e-01 1.3752e-03
2.0101e-01 2.0101e-01 7.9899e-01 1.0965e-04 -2.1439e+00 1.6839e+00 -3.1130e-02 2.7261e+02 8.3156e+00 -1.3946e-01 -1.0273e+00 6.2922e+00 1.1828e-03 -8.0970e-03 6.1397e+00 1.2252e-02 6.2275e+00 6.2198e+00 2.0101e-01 2.0101e-01 7.9899e-01 1.3839e-03
1.9598e-01 1.9598e-01 8.0402e-01 1.0964e-04 -2.0731e+00 1.6374e+00 -2.9353e-02 2.7261e+02 8.0527e+00 3.3755e-02 -1.0554e+00 6.2911e+00 9.2638e-04 -8.1646e-03 6.1395e+00 1.2344e-02 6.2267e+00 6.2191e+00 1.9598e-01 1.9598e-01 8.0402e-01 1.3926e-03
1.9095e-01 1.9095e-01 8.0905e-01 1.0963e-04 -2.0037e+00 1.5898e+00 -2.7431e-02 2.7262e+02 7.7938e+00 2.0848e-01 -1.0840e+00 6.2900e+00 6.9260e-04 -8.2146e-03 6.1394e+00 1.2420e-02 6.2260e+00 6.2185e+00 1.9095e-01 1.9095e-01 8.0905e-01 1.4013e-03
1.8593e-01 1.8593e-01 8.1407e-01 1.0962e-04 -1.9336e+00 1.5412e+00 -2.5519e-02 2.7262e+02 7.5332e+00 3.8237e-01 -1.1118e+00 6.2889e+00 4.6454e-04 -8.2606e-03 6.1394e+00 1.2486e-02 6.2252e+00 6.2178e+00 1.8593e-01 1.8593e-01 8.1407e-01 1.4100e-03
1.8090e-01 1.8090e-01 8.1910e-01 1.0961e-04 -1.8616e+00 1.4907e+00 -2.3680e-02 2.7262e+02 7.2673e+00 5.5388e-01 -1.1379e+00 6.2876e+00 2.4144e-04 -8.3035e-03 6.1396e+00 1.2540e-02 6.2246e+00 6.2173e+00 1.8090e-01 1.8090e-01 8.1910e-01 1.4187e-03
1.7588e-01 1.7588e-01 8.2412e-01 1.0960e-04 -1.7912e+00 1.4399e+00 -2.1742e-02 2.7262e+02 7.0061e+00 7.2497e-01 -1.1642e+00 6.2863e+00 3.7635e-05 -8.3307e-03 6.1399e+00 1.2578e-02 6.2239e+00 6.2167e+00 1.7588e-01 1.7588e-01 8.2412e-01 1.4274e-03
1.7085e-01 1.7085e-01 8.2915e-01 1.0958e-04 -1.7208e+00 1.3886e+00 -1.9806e-02 2.7262e+02 6.7456e+00 8.9440e-01 -1.1899e+00 6.2849e+00 -1.5867e-04 -8.3514e-03 6.1402e+00 1.2607e-02 6.2232e+00 6.2161e+00 1.7085e-01 1.7085e-01 8.2915e-01 1.4361e-03
1.6583e-01 1.6583e-01 8.3417e-01 1.0957e-04 -1.6489e+00 1.3362e+00 -1.8006e-02 2.7262e+02 6.4818e+00 1.0578e+00 -1.2132e+00 6.2834e+00 -3.4975e-04 -8.3665e-03 6.1408e+00 1.2620e-02 6.2226e+00 6.2156e+00 1.6583e-01 1.6583e-01 8.3417e-01 1.4448e-03
1.6080e-01 1.6080e-01 8.3920e-01 1.0956e-04 -1.5786e+00 1.2839e+00 -1.6139e-02 2.7263e+02 6.2232e+00 1.2196e+00 -1.2365e+00 6.2819e+00 -5.2506e-04 -8.3677e-03 6.1414e+00 1.2619e-02 6.2220e+00 6.2151e+00 1.6080e-01 1.6080e-01 8.3920e-01 1.4535e-03
1.5578e-01 1.5578e-01 8.4422e-01 1.0955e-04 -1.5090e+00 1.2316e+00 -1.4256e-02 2.7263e+02 5.9673e+00 1.3795e+00 -1.2596e+00 6.2804e+00 -6.9134e-04 -8.3606e-03 6.1420e+00 1.2609e-02 6.2214e+00 6.2146e+00 1.5578e-01 1.5578e-01 8.4422e-01 1.4622e-03
1.5075e-01 1.5075e-01 8.4925e-01 1.0954e-04 -1.4386e+00 1.1790e+00 -1.2565e-02 2.7263e+02 5.7106e+00 1.5295e+00 -1.2794e+00 6.2787e+00 -8.5303e-04 -8.3448e-03 6.1428e+00 1.2580e-02 6.2208e+00 6.2141e+00 1.5075e-01 1.5075e-01 8.4925e-01 1.4709e-03
1.4573e-01 1.4573e-01 8.5427e-01 1.0953e-04 -1.3696e+00 1.1268e+00 -1.0828e-02 2.7264e+02 5.4591e+00 1.6772e+00 -1.2993e+00 6.2770e+00 -1.0025e-03 -8.3174e-03 6.1437e+00 1.2540e-02 6.2202e+00 6.2136e+00 1.4573e-01 1.4573e-01 8.5427e-01 1.4796e-03
1.4070e-01 1.4070e-01 8.5930e-01 1.0953e-04 -1.3019e+00 1.0749e+00 -9.0511e-03 2.7264e+02 5.2119e+00 1.8231e+00 -1.3191e+00 6.2753e+00 -1.1414e-03 -8.2800e-03 6.1446e+00 1.2490e-02 6.2197e+00 6.2132e+00 1.4070e-01 1.4070e-01 8.5930e-01 1.4883e-03
1.3568e-01 1.3568e-01 8.6432e-01 1.0952e-04 -1.2341e+00 1.0236e+00 -7.5045e-03 2.7265e+02 4.9671e+00 1.9555e+00 -1.3352e+00 6.2734e+00 -1.2775e-03 -8.2311e-03 6.1456e+00 1.2419e-02 6.2192e+00 6.2127e+00 1.3568e-01 1.3568e-01 8.6432e-01 1.4970e-03
1.3065e-01 1.3065e-01 8.6935e-01 1.0951e-04 -1.1676e+00 9.7285e-01 -5.9265e-03 2.7265e+02 4.7270e+00 2.0854e+00 -1.3512e+00 6.2715e+00 -1.4046e-03 -8.1727e-03 6.1467e+00 1.2339e-02 6.2187e+00 6.2123e+00 1.3065e-01 1.3065e-01 8.6935e-01 1.5058e-03
1.2563e-01 1.2563e-01 8.7437e-01 1.0950e-04 -1.1029e+00 9.2269e-01 -4.3018e-03 2.7265e+02 4.4930e+00 2.2124e+00 -1.3671e+00 6.2697e+00 -1.5199e-03 -8.1020e-03 6.1478e+00 1.2247e-02 6.2181e+00 6.2119e+00 1.2563e-01 1.2563e-01 8.7437e-01 1.5145e-03
1.2060e-01 1.2060e-01 8.7940e-01 1.0949e-04 -1.0387e+00 8.7380e-01 -2.8808e-03 2.7266e+02 4.2637e+00 2.3256e+00 -1.3795e+00 6.2677e+00 -1.6349e-03 -8.0197e-03 6.1490e+00 1.2136e-02 6.2176e+00 6.2114e+00 1.2060e-01 1.2060e-01 8.7940e-01 1.5232e-03
1.1558e-01 1.1558e-01 8.8442e-01 1.0948e-04 -9.7568e-01 8.2555e-01 -1.4609e-03 2.7266e+02 4.0390e+00 2.4350e+00 -1.3914e+00 6.2657e+00 -1.7439e-03 -7.9289e-03 6.1502e+00 1.2016e-02 6.2171e+00 6.2110e+00 1.1558e-01 1.1558e-01 8.8442e-01 1.5319e-03
1.1055e-01 1.1055e-01 8.8945e-01 1.0947e-04 -9.1497e-01 7.7827e-01 1.8560e-05 2.7267e+02 3.8224e+00 2.5403e+00 -1.4031e+00 6.2637e+00 -1.8401e-03 -7.8238e-03 6.1514e+00 1.1883e-02 6.2166e+00 6.2106e+00 1.1055e-01 1.1055e-01 8.8945e-01 1.5406e-03
1.0553e-01 1.0553e-01 8.9447e-01 1.0946e-04 -8.5529e-01 7.3256e-01 1.3376e-03 2.7267e+02 3.6119e+00 2.6326e+00 -1.4118e+00 6.2616e+00 -1.9384e-03 -7.7076e-03 6.1527e+00 1.1734e-02 6.2161e+00 6.2102e+00 1.0553e-01 1.0553e-01 8.9447e-01 1.5493e-03
1.0050e-01 1.0050e-01 8.9950e-01 1.0945e-04 -7.9669e-01 6.8767e-01 2.6294e-03 2.7268e+02 3.4060e+00 2.7196e+00 -1.4195e+00 6.2595e+00 -2.0337e-03 -7.5839e-03 6.1541e+00 1.1576e-02 6.2156e+00 6.2097e+00 1.0050e-01 1.0050e-01 8.9950e-01 1.5580e-03
9.5477e-02 9.5477e-02 9.0452e-01 1.0944e-04 -7.4094e-01 6.4409e-01 4.0027e-03 2.7269e+02 3.2102e+00 2.8016e+00 -1.4271e+00 6.2574e+00 -2.1158e-03 -7.4445e-03 6.1553e+00 1.1403e-02 6.2151e+00 6.2093e+00 9.5477e-02 9.5477e-02 9.0452e-01 1.5667e-03
9.0452e-02 9.0452e-02 9.0955e-01 1.0943e-04 -6.8649e-01 6.0211e-01 5.2672e-03 2.7269e+02 3.0213e+00 2.8722e+00 -1.4321e+00 6.2552e+00 -2.2014e-03 -7.2954e-03 6.1566e+00 1.1218e-02 6.2146e+00 6.2088e+00 9.0452e-02 9.0452e-02 9.0955e-01 1.5754e-03
8.5427e-02 8.5427e-02 9.1457e-01 1.0942e-04 -6.3309e-01 5.6115e-01 6.4877e-03 2.7270e+02 2.8372e+00 2.9360e+00 -1.4358e+00 6.2530e+00 -2.2872e-03 -7.1395e-03 6.1580e+00 1.1024e-02 6.2141e+00 6.2084e+00 8.5427e-02 8.5427e-02 9.1457e-01 1.5841e-03
8.0402e-02 8.0402e-02 9.1960e-01 1.0941e-04 -5.8309e-01 5.2177e-01 7.8236e-03 2.7270e+02 2.6653e+00 2.9944e+00 -1.4393e+00 6.2509e+00 -2.3596e-03 -6.9675e-03 6.1592e+00 1.0814e-02 6.2136e+00 6.2079e+00 8.0402e-02 8.0402e-02 9.1960e-01 1.5928e-03
7.5377e-02 7.5377e-02 9.2462e-01 1.0940e-04 -5.3445e-01 4.8384e-01 9.1023e-03 2.7271e+02 2.5000e+00 3.0432e+00 -1.4409e+00 6.2486e+00 -2.4358e-03 -6.7880e-03 6.1605e+00 1.0595e-02 6.2130e+00 6.2074e+00 7.5377e-02 7.5377e-02 9.2462e-01 1.6015e-03
7.0352e-02 7.0352e-02 9.2965e-01 1.0938e-04 -4.8693e-01 4.4711e-01 1.0334e-02 2.7271e+02 2.3403e+00 3.0840e+00 -1.4408e+00 6.2464e+00 -2.5153e-03 -6.6022e-03 6.1617e+00 1.0368e-02 6.2125e+00 6.2069e+00 7.0352e-02 7.0352e-02 9.2965e-01 1.6102e-03
6.5327e-02 6.5327e-02 9.3467e-01 1.0937e-04 -4.4327e-01 4.1213e-01 1.1724e-02 2.7272e+02 2.1942e+00 3.1193e+00 -1.4406e+00 6.2442e+00 -2.5810e-03 -6.4016e-03 6.1629e+00 1.0124e-02 6.2119e+00 6.2063e+00 6.5327e-02 6.5327e-02 9.3467e-01 1.6189e-03
6.0302e-02 6.0302e-02 9.3970e-01 1.0936e-04 -4.0089e-01 3.7833e-01 1.3104e-02 2.7273e+02 2.0542e+00 3.1473e+00 -1.4390e+00 6.2420e+00 -2.6501e-03 -6.1959e-03 6.1640e+00 9.8740e-03 6.2113e+00 6.2057e+00 6.0302e-02 6.0302e-02 9.3970e-01 1.6276e-03
5.5276e-02 5.5276e-02 9.4472e-01 1.0935e-04 -3.6013e-01 3.4603e-01 1.4468e-02 2.7273e+02 1.9219e+00 3.1658e+00 -1.4356e+00 6.2397e+00 -2.7236e-03 -5.9835e-03 6.1651e+00 9.6154e-03 6.2107e+00 6.2051e+00 5.5276e-02 5.5276e-02 9.4472e-01 1.6363e-03
5.0251e-02 5.0251e-02 9.4975e-01 1.0933e-04 -3.2279e-01 3.1521e-01 1.6006e-02 2.7274e+02 1.8017e+00 3.1801e+00 -1.4322e+00 6.2374e+00 -2.7848e-03 -5.7617e-03 6.1661e+00 9.3432e-03 6.2100e+00 6.2045e+00 5.0251e-02 5.0251e-02 9.4975e-01 1.6450e-03
4.5226e-02 4.5226e-02 9.5477e-01 1.0932e-04 -2.8695e-01 2.8541e-01 1.7587e-02 2.7275e+02 1.6878e+00 3.1888e+00 -1.4280e+00 6.2352e+00 -2.8467e-03 -5.5360e-03 6.1670e+00 9.0649e-03 6.2093e+00 6.2038e+00 4.5226e-02 4.5226e-02 9.5477e-01 1.6537e-03
4.0201e-02 4.0201e-02 9.5980e-01 1.0930e-04 -2.5323e-01 2.5729e-01 1.9208e-02 2.7275e+02 1.5837e+00 3.1872e+00 -1.4217e+00 6.2329e+00 -2.9132e-03 -5.3051e-03 6.1678e+00 8.7778e-03 6.2085e+00 6.2031e+00 4.0201e-02 4.0201e-02 9.5980e-01 1.6624e-03
3.5176e-02 3.5176e-02 9.6482e-01 1.0929e-04 -2.2243e-01 2.3032e-01 2.1012e-02 2.7276e+02 1.4900e+00 3.1827e+00 -1.4157e+00 6.2307e+00 -2.9678e-03 -5.0701e-03 6.1686e+00 8.4799e-03 6.2077e+00 6.2023e+00 3.5176e-02 3.5176e-02 9.6482e-01 1.6711e-03
3.0151e-02 3.0151e-02 9.6985e-01 1.0927e-04 -1.9321e-01 2.0417e-01 2.2903e-02 2.7276e+02 1.4025e+00 3.1744e+00 -1.4093e+00 6.2284e+00 -3.0197e-03 -4.8335e-03 6.1692e+00 8.1763e-03 6.2069e+00 6.2015e+00 3.0151e-02 3.0151e-02 9.6985e-01 1.6798e-03
2.5126e-02 2.5126e-02 9.7487e-01 1.0925e-04 -1.6658e-01 1.7974e-01 2.4913e-02 2.7277e+02 1.3265e+00 3.1557e+00 -1.4009e+00 6.2261e+00 -3.0744e-03 -4.5953e-03 6.1697e+00 7.8632e-03 6.2060e+00 6.2006e+00 2.5126e-02 2.5126e-02 9.7487e-01 1.6885e-03
2.0101e-02 2.0101e-02 9.7990e-01 1.0923e-04 -1.4232e-01 1.5612e-01 2.7106e-02 2.7278e+02 1.2589e+00 3.1353e+00 -1.3929e+00 6.2239e+00 -3.1165e-03 -4.3582e-03 6.1701e+00 7.5417e-03 6.2051e+00 6.1997e+00 2.0101e-02 2.0101e-02 9.7990e-01 1.6972e-03
1.5075e-02 1.5075e-02 9.8492e-01 1.0921e-04 -1.1963e-01 1.3311e-01 2.9418e-02 2.7278e+02 1.1971e+00 3.1130e+00 -1.3848e+00 6.2216e+00 -3.1520e-03 -4.1224e-03 6.1705e+00 7.2148e-03 6.2041e+00 6.1987e+00 1.5075e-02 1.5075e-02 9.8492e-01 1.7059e-03
1.0050e-02 1.0050e-02 9.8995e-01 1.0919e-04 -9.9879e-02 1.1168e-01 3.1951e-02 2.7279e+02 1.1482e+00 3.0807e+00 -1.3750e+00 6.2193e+00 -3.1846e-03 -3.8921e-03 6.1706e+00 6.8770e-03 6.2030e+00 6.1976e+00 1.0050e-02 1.0050e-02 9.8995e-01 1.7146e-03
5.0251e-03 5.0251e-03 9.9497e-01 1.0917e-04 -8.1942e-02 9.0739e-02 3.4654e-02 2.7280e+02 1.1055e+00 3.0479e+00 -1.3656e+00 6.2170e+00 -3.2035e-03 -3.6676e-03 6.1706e+00 6.5326e-03 6.2018e+00 6.1965e+00 5.0251e-03 5.0251e-03 9.9497e-01 1.7233e-03
0.0000e+00 0.0000e+00 1.0000e+00 1.0915e-04 -6.5464e-02 7.0204e-02 3.7494e-02 2.7280e+02 1.0679e+00 3.0148e+00 -1.3566e+00 6.2147e+00 -3.2114e-03 -3.4477e-03 6.1705e+00 6.1829e-03 6.2006e+00 6.1953e+00 0.0000e+00 0.0000e+00 1.0000e+00 1.7321e-03
