	-0.015	9.580375565e-06	1523.735897	2.915533881e-14	223.0137917	2.224609858	-1.014109104	222.9999658	223.0019063
	-0.01498908652	9.580374607e-06	1523.736033	2.979038016e-14	223.0137017	2.224608738	-1.010467748	222.9999264	223.0018563
	-0.01496349816	9.580372392e-06	1523.73635	3.119656671e-14	223.0134919	2.224606131	-1.002022887	222.9998349	223.0017398
	-0.01492351709	9.580369012e-06	1523.736832	3.316139007e-14	223.0131677	2.224602112	-0.9890886793	222.9996949	223.0015596
	-0.01486945936	9.580364602e-06	1523.737462	3.536752835e-14	223.0127363	2.224596784	-0.9721059774	222.9995114	223.0013198
	-0.01480174858	9.580359335e-06	1523.738214	3.74002395e-14	223.0122071	2.224590283	-0.9516538115	222.9992909	223.0010254
	-0.01472091486	9.580353424e-06	1523.739059	3.876289521e-14	223.0115916	2.22458277	-0.9284316586	222.9990413	223.0006827
	-0.01462759088	9.580347107e-06	1523.739963	3.889586951e-14	223.0109031	2.224574436	-0.9032372153	222.9987715	223.000299
	-0.01452250706	9.580340647e-06	1523.740888	3.719806628e-14	223.0101561	2.224565484	-0.8769409326	222.9984913	222.9998822
	-0.01440648583	9.580334316e-06	1523.741796	3.305037074e-14	223.0093662	2.224556135	-0.850458175	222.998211	222.9994407
	-0.01428043522	9.580328393e-06	1523.742648	2.584025319e-14	223.0085495	2.224546613	-0.824719889	222.997941	222.9989835
	-0.01414534176	9.580323148e-06	1523.743405	1.4986715e-14	223.007722	2.224537141	-0.800642708	222.9976916	222.9985192
	-0.01400226273	9.580318838e-06	1523.744031	-3.524854882e-17	223.0068997	2.224527937	-0.7790994323	222.9974725	222.9980567
	-0.01385231793	9.580315695e-06	1523.744492	-1.967148206e-14	223.0060975	2.224519206	-0.7608908171	222.9972927	222.9976041
	-0.01369668088	9.580313921e-06	1523.744761	-4.426757737e-14	223.0053295	2.224511132	-0.746719554	222.9971599	222.9971692
	-0.01353656965	9.580313677e-06	1523.744813	-7.405056954e-14	223.004608	2.224503878	-0.7371672692	222.9970805	222.9967587
	-0.01337323732	9.580315081e-06	1523.744634	-1.09114052e-13	223.0039437	2.224497578	-0.7326752646	222.9970593	222.9963787
	-0.01320796221	9.5803182e-06	1523.744212	-1.49407237e-13	223.0033452	2.224492332	-0.7335296113	222.9970994	222.9960339
	-0.01304203779	9.58032305e-06	1523.743545	-1.94728366e-13	223.002819	2.224488209	-0.7398510717	222.9972019	222.9957279
	-0.01287676268	9.580329594e-06	1523.742639	-2.447227396e-13	223.0023691	2.224485241	-0.7515901716	222.9973659	222.9954632
	-0.01271343035	9.580337739e-06	1523.741506	-2.988854936e-13	223.0019974	2.224483424	-0.768527588	222.9975888	222.995241
	-0.01255331912	9.580347344e-06	1523.740167	-3.56569099e-13	223.0017033	2.224482721	-0.7902798475	222.997866	222.995061
	-0.01239768207	9.580358217e-06	1523.738648	-4.169954173e-13	223.0014842	2.224483059	-0.8163101669	222.998191	222.994922
	-0.01224773727	9.580370125e-06	1523.736981	-4.792719975e-13	223.0013352	2.224484339	-0.8459441065	222.998556	222.9948216
	-0.01210465824	9.5803828e-06	1523.735206	-5.42412168e-13	223.00125	2.224486432	-0.8783895561	222.9989518	222.9947565
	-0.01196956478	9.580395943e-06	1523.733363	-6.053583588e-13	223.0012206	2.22448919	-0.9127604362	222.9993681	222.9947225
	-0.01184351417	9.580409236e-06	1523.731499	-6.670079807e-13	223.0012378	2.224492448	-0.9481033838	222.9997938	222.9947149
	-0.01172749294	9.580422349e-06	1523.729658	-7.262411119e-13	223.0012918	2.224496032	-0.983426596	223.0002174	222.9947285
	-0.01162240912	9.580434953e-06	1523.727888	-7.81949178e-13	223.0013722	2.22449976	-1.017729937	223.0006274	222.9947578
	-0.01152908514	9.580446726e-06	1523.726235	-8.330637781e-13	223.0014688	2.224503457	-1.050035375	223.0010124	222.9947974
	-0.01144825142	9.580457363e-06	1523.72474	-8.785848015e-13	223.0015715	2.224506952	-1.079416805	223.0013619	222.994842
	-0.01138054064	9.580466588e-06	1523.723444	-9.176069905e-13	223.0016712	2.224510089	-1.10502832	223.001666	222.9948867
	-0.01132648291	9.580474159e-06	1523.72238	-9.493441371e-13	223.0017598	2.22451273	-1.126130052	223.0019163	222.9949272
	-0.01128650184	9.580479876e-06	1523.721576	-9.731500755e-13	223.0018304	2.224514762	-1.142110691	223.0021056	222.9949599
	-0.01126091348	9.580483587e-06	1523.721054	-9.885348354e-13	223.0018779	2.224516097	-1.152505306	223.0022287	222.9949821
	-0.01125	9.580485183e-06	1523.72083	-9.951317649e-13	223.0018986	2.224516675	-1.156978235	223.0022817	222.9949918

	-0.01125	9.580805595e-06	1523.694261	-9.515607528e-13	223.0059763	2.22463175	-0.6969800135	223.003562	223.002555
	-0.01123908652	9.58079927e-06	1523.694821	-9.478111023e-13	223.005872	2.224629238	-0.7065967576	223.0035298	223.0023981
	-0.01121349816	9.580784862e-06	1523.696076	-9.390810105e-13	223.0056381	2.224623556	-0.7295813317	223.0034689	223.0020394
	-0.01117351709	9.580763531e-06	1523.697879	-9.25613239e-13	223.0053031	2.224615257	-0.7667195389	223.0034141	223.0015041
	-0.01111945936	9.580736981e-06	1523.700008	-9.077386628e-13	223.0049092	2.224605156	-0.8193098635	223.0034182	223.0008296
	-0.01105174858	9.580707441e-06	1523.702175	-8.858929108e-13	223.0045117	2.224594325	-0.8890368824	223.0035503	223.0000644
	-0.01097091486	9.580677589e-06	1523.704035	-8.606044736e-13	223.0041767	2.224584043	-0.9778906649	223.0038929	222.999267
	-0.01087759088	9.580650449e-06	1523.705197	-8.324795012e-13	223.0039788	2.224575759	-1.088071706	223.0045387	222.9985035
	-0.01077250706	9.580629286e-06	1523.705242	-8.021843277e-13	223.0039982	2.224571031	-1.221883164	223.0055869	222.9978453
	-0.01065648583	9.580617482e-06	1523.703737	-7.704263216e-13	223.0043177	2.224571471	-1.381613916	223.0071392	222.9973665
	-0.01053043522	9.580618411e-06	1523.700252	-7.379336594e-13	223.0050194	2.224578682	-1.569416401	223.0092955	222.9971413
	-0.01039534176	9.580635307e-06	1523.69438	-7.054346423e-13	223.0061813	2.224594194	-1.787183462	223.0121497	222.9972409
	-0.01025226273	9.580671141e-06	1523.685748	-6.736371865e-13	223.0078745	2.224619406	-2.036428469	223.0157854	222.9977311
	-0.01010231793	9.580728497e-06	1523.674039	-6.432091122e-13	223.0101594	2.224655521	-2.318172937	223.0202721	222.9986695
	-0.00994668088	9.580809466e-06	1523.659004	-6.147598267e-13	223.0130837	2.224703502	-2.632845672	223.0256614	223.0001033
	-0.009786569648	9.580915549e-06	1523.640472	-5.888239554e-13	223.0166795	2.224764016	-2.980197115	223.0319841	223.0020669
	-0.009623237324	9.581047576e-06	1523.618365	-5.658474101e-13	223.0209616	2.224837404	-3.359232153	223.0392474	223.0045807
	-0.009457962205	9.581205652e-06	1523.592705	-5.461763096e-13	223.0259257	2.224923649	-3.768164061	223.0474333	223.0076493
	-0.009292037795	9.581389118e-06	1523.563613	-5.300490743e-13	223.0315478	2.225022358	-4.204391618	223.0564975	223.0112612
	-0.009126762676	9.581596537e-06	1523.531317	-5.175919217e-13	223.037784	2.225132758	-4.664500752	223.066369	223.015388
	-0.008963430352	9.581825709e-06	1523.496148	-5.088178785e-13	223.0445705	2.225253704	-5.144291254	223.0769509	223.0199851
	-0.00880331912	9.582073702e-06	1523.458534	-5.036293177e-13	223.051825	2.225383691	-5.638828374	223.0881216	223.0249921
	-0.008647682067	9.582336914e-06	1523.418993	-5.018239184e-13	223.0594478	2.225520888	-6.142518303	223.0997367	223.0303342
	-0.008497737267	9.582611152e-06	1523.378121	-5.031038393e-13	223.0673243	2.225663177	-6.649205795	223.1116325	223.0359238
	-0.00835465824	9.582891729e-06	1523.33658	-5.070877971e-13	223.0753272	2.225808202	-7.15229149	223.1236291	223.0416627
	-0.008219564778	9.583173583e-06	1523.295079	-5.133256503e-13	223.0833202	2.225953425	-7.644865857	223.1355349	223.0474445
	-0.00809351417	9.583451407e-06	1523.254362	-5.213150124e-13	223.0911606	2.22609619	-8.119856127	223.1471505	223.0531575
	-0.00797749294	9.583719785e-06	1523.215182	-5.305193547e-13	223.0987036	2.226233792	-8.570182181	223.1582743	223.0586874
	-0.007872409117	9.583973334e-06	1523.178288	-5.40387015e-13	223.1058054	2.226363549	-8.988917022	223.1687073	223.0639206
	-0.007779085137	9.584206854e-06	1523.1444	-5.503705003e-13	223.1123277	2.226482871	-9.369447281	223.1782578	223.0687471
	-0.007698251415	9.584415465e-06	1523.114195	-5.599454634e-13	223.1181406	2.226589329	-9.705629177	223.1867468	223.0730637
	-0.007630540643	9.584594743e-06	1523.088283	-5.686287451e-13	223.1231267	2.226680724	-9.991935424	223.1940125	223.0767768
	-0.007576482908	9.584740838e-06	1523.067198	-5.759948999e-13	223.1271839	2.226755142	-10.22358867	223.1999146	223.0798048
	-0.007536501841	9.584850585e-06	1523.051375	-5.816906496e-13	223.1302283	2.226811011	-10.39667683	223.2043376	223.0820806
	-0.007510913483	9.58492158e-06	1523.041147	-5.85446555e-13	223.1321962	2.226847138	-10.50823963	223.2071943	223.0835534
	-0.0075	9.58495204e-06	1523.03676	-5.870747056e-13	223.1330402	2.226862635	-10.5560076	223.2084188	223.0841854

	-0.0075	9.590450956e-06	1522.579787	-9.780551993e-13	223.2331029	2.229139389	-4.409191012	223.2317453	223.222654
	-0.007489086517	9.590347321e-06	1522.588301	-9.797157154e-13	223.2316022	2.229099877	-4.546016999	223.2317622	223.2203542
	-0.007463498159	9.5901116e-06	1522.607299	-9.835001472e-13	223.2282642	2.229010748	-4.87589812	223.2320469	223.2151111
	-0.007423517092	9.589763685e-06	1522.63427	-9.891075429e-13	223.2235561	2.228881351	-5.416788452	223.2331792	223.2073372
	-0.007369459357	9.589332819e-06	1522.665476	-9.960964744e-13	223.218174	2.228725527	-6.197489051	223.2360432	223.1976376
	-0.007301748585	9.588857267e-06	1522.696034	-1.003889193e-12	223.2130282	2.228561374	-7.255443295	223.2417928	223.1868039
	-0.007220914863	9.588382951e-06	1522.720089	-1.011792155e-12	223.2092087	2.228410594	-8.635055783	223.2518056	223.1757867
	-0.007127590883	9.587961775e-06	1522.731044	-1.019021169e-12	223.2079442	2.228297678	-10.38569498	223.2676278	223.165661
	-0.00702250706	9.587649708e-06	1522.721806	-1.024730088e-12	223.2105551	2.228248995	-12.55942618	223.2909114	223.1575864
	-0.00690648583	9.587504707e-06	1522.685064	-1.0280421e-12	223.2184021	2.22829178	-15.20854892	223.3233457	223.1527653
	-0.006780435222	9.587584528e-06	1522.613573	-1.028082589e-12	223.2328321	2.228453092	-18.383022	223.3665857	223.1523967
	-0.00664534176	9.587944501e-06	1522.50045	-1.024012495e-12	223.2551245	2.228758736	-22.12786375	223.4221794	223.1576317
	-0.006502262733	9.588635352e-06	1522.339458	-1.015061087e-12	223.2864366	2.229232225	-26.48061683	223.4914967	223.1695276
	-0.006352317933	9.589701133e-06	1522.125278	-1.00055707e-12	223.3277539	2.229893779	-31.46896576	223.5756626	223.189006
	-0.00619668088	9.591177329e-06	1521.853757	-9.799570033e-13	223.3798433	2.230759424	-37.10859081	223.6754959	223.2168136
	-0.006036569648	9.593089216e-06	1521.52212	-9.528700795e-13	223.4432133	2.231840201	-43.40133565	223.7914568	223.2534883
	-0.005873237324	9.595450508e-06	1521.12915	-9.19078429e-13	223.5180815	2.233141526	-50.33375621	223.9236045	223.2993315
	-0.005707962205	9.598262357e-06	1520.675309	-8.785522573e-13	223.6043502	2.23466271	-57.87610722	224.0715667	223.354387
	-0.005542037795	9.601512727e-06	1520.162824	-8.314592719e-13	223.7015923	2.236396672	-65.98180921	224.2345216	223.4184285
	-0.005376762676	9.605176178e-06	1519.595705	-7.781680393e-13	223.8090468	2.238329843	-74.58742404	224.4111937	223.4909548
	-0.005213430352	9.60921407e-06	1518.979717	-7.192451008e-13	223.9256246	2.240442267	-83.61315142	224.5998642	223.5711938
	-0.00505331912	9.613575168e-06	1518.322293	-6.554458685e-13	224.049925	2.242707916	-92.96384242	224.7983947	223.6581147
	-0.004897682067	9.618196663e-06	1517.632392	-5.876995194e-13	224.1802618	2.245095184	-102.5305099	225.0042646	223.750449
	-0.004747737267	9.623005557e-06	1516.920313	-5.170882927e-13	224.3146986	2.247567571	-112.1923004	225.2146212	223.8467184
	-0.00460465824	9.627920388e-06	1516.197458	-4.44821772e-13	224.4510931	2.250084525	-121.8188761	225.4263404	223.9452703
	-0.004469564778	9.632853231e-06	1515.476064	-3.72206893e-13	224.5871472	2.252602419	-131.2731453	225.6360981	224.0443189
	-0.00434351417	9.637711937e-06	1514.768898	-3.006145522e-13	224.7204643	2.255075645	-140.4142641	225.8404474	224.1419904
	-0.00422749294	9.642402523e-06	1514.088939	-2.314438023e-13	224.8486088	2.257457776	-149.1008275	226.0359027	224.2363726
	-0.004122409117	9.646831661e-06	1513.449039	-1.660846978e-13	224.9691693	2.259702778	-157.1941589	226.2190253	224.3255651
	-0.004029085137	9.65090917e-06	1512.86159	-1.058809013e-13	225.0798212	2.261766224	-164.5616038	226.3865106	224.4077311
	-0.003948251415	9.654550463e-06	1512.338198	-5.209317352e-14	225.178388	2.26360648	-171.0797329	226.5352718	224.4811467
	-0.003880540643	9.65767885e-06	1511.889369	-5.864851485e-15	225.2628993	2.265185831	-176.6373616	226.6625201	224.5442487
	-0.003826482908	9.66022764e-06	1511.524229	3.180962055e-14	225.3316438	2.266471496	-181.1382936	226.7658366	224.5956775
	-0.003786501841	9.66214197e-06	1511.250282	6.01120227e-14	225.3832148	2.267436522	-184.5036954	226.8432353	224.6343142
	-0.003760913483	9.663380215e-06	1511.073217	7.84215284e-14	225.4165455	2.268060464	-186.6738877	226.8932115	224.6593099
	-0.00375	9.663911428e-06	1510.997286	8.627701627e-14	225.4308383	2.268328075	-187.6033477	226.9146308	224.6700342

	-0.00375	9.705752233e-06	1506.658584	-7.99619041e-13	226.4910328	2.288863081	-148.9461438	227.4941343	225.9710705
	-0.003739086517	9.705484231e-06	1506.620702	-7.998798611e-13	226.498691	2.288812704	-152.4883351	227.5350651	225.9620698
	-0.003713498159	9.704931076e-06	1506.523056	-8.004640611e-13	226.5183042	2.288732531	-160.8416777	227.6328355	225.942552
	-0.003673517092	9.704277899e-06	1506.345715	-8.013001399e-13	226.5536013	2.288713764	-174.0286055	227.790656	225.9165073
	-0.003619459357	9.703804123e-06	1506.057898	-8.022818233e-13	226.6103468	2.288894908	-192.1203554	228.0138492	225.8899241
	-0.003551748585	9.70387466e-06	1505.619476	-8.032701611e-13	226.6960551	2.289456755	-215.2062486	228.3093186	225.8706264
	-0.003470914863	9.704925821e-06	1504.982619	-8.040986617e-13	226.8196819	2.290615294	-243.3850645	228.685216	225.8679763
	-0.003377590883	9.707448261e-06	1504.093771	-8.045795487e-13	226.9912528	2.292613129	-276.7554384	229.1505503	225.8925133
	-0.00327250706	9.711967556e-06	1502.8959	-8.045108926e-13	227.2214414	2.295709721	-315.4050953	229.7147425	225.955543
	-0.00315648583	9.719023051e-06	1501.330942	-8.036843824e-13	227.5211103	2.30017076	-359.3992553	230.3871445	226.0686896
	-0.003030435222	9.729145681e-06	1499.342365	-8.018934811e-13	227.9008305	2.306257033	-408.7686325	231.1765352	226.2434265
	-0.00289534176	9.742835504e-06	1496.877756	-7.989416972e-13	228.370395	2.314213135	-463.497476	232.0906133	226.4905999
	-0.002752262733	9.760539685e-06	1493.891362	-7.946506995e-13	228.9383435	2.324256433	-523.5121124	233.1355035	226.8199625
	-0.002602317933	9.782631684e-06	1490.346472	-7.888680065e-13	229.6115135	2.336566622	-588.6704416	234.3152935	227.2397324
	-0.00244668088	9.809392328e-06	1486.21759	-7.814739932e-13	230.3946347	2.351276251	-658.7528129	235.631619	227.7561908
	-0.002286569648	9.840993441e-06	1481.492289	-7.723879788e-13	231.2899796	2.368462532	-733.4546743	237.0833113	228.3733344
	-0.002123237324	9.877484588e-06	1476.172716	-7.615731872e-13	232.297083	2.388140731	-812.3813339	238.6661207	229.092593
	-0.001957962205	9.918783407e-06	1470.276655	-7.490404053e-13	233.4125411	2.410259363	-895.045114	240.3725281	229.9126224
	-0.001792037795	9.964669907e-06	1463.838137	-7.348502064e-13	234.6298989	2.434697396	-980.8651056	242.1916515	230.8291813
	-0.001626762676	1.001478496e-05	1456.907553	-7.191136482e-13	235.9396287	2.461263568	-1069.169651	244.1092536	231.8350963
	-0.001463430352	1.006863313e-05	1449.551258	-7.019914034e-13	237.3292055	2.489697889	-1159.201599	246.1078539	232.9203184
	-0.00130331912	1.012558974e-05	1441.850671	-6.836913301e-13	238.7832756	2.519675295	-1250.126297	248.166942	234.072069
	-0.001147682067	1.018491215e-05	1433.900898	-6.64464538e-13	240.2839168	2.550811403	-1341.042184	250.2632909	235.2750746
	-0.0009977372668	1.024575481e-05	1425.808896	-6.446000519e-13	241.8109833	2.582670194	-1430.993781	252.3713605	236.5118812
	-0.0008546582405	1.030718781e-05	1417.691236	-6.244182209e-13	243.3425253	2.614773436	-1518.986792	254.4637833	237.7632426
	-0.0007195647776	1.036821836e-05	1409.671533	-6.0426306e-13	244.855274	2.646611581	-1604.004955	256.5119176	239.0085695
	-0.0005935141703	1.042781448e-05	1401.877595	-5.844937439e-13	246.3251753	2.677655817	-1685.028231	258.4864554	240.2264282
	-0.0004774929398	1.048493047e-05	1394.438395	-5.654755028e-13	247.7279605	2.70737095	-1761.051867	260.3580664	241.3950735
	-0.0003724091166	1.053853317e-05	1387.480938	-5.47570187e-13	249.0397343	2.735228717	-1831.10584	262.0980612	242.4930003
	-0.0002790851374	1.058762834e-05	1381.127113	-5.311267805e-13	250.2375662	2.760721165	-1894.274162	263.6790543	243.4994981
	-0.000198251415	1.063128641e-05	1375.490639	-5.164721455e-13	251.3000645	2.783373676	-1949.713535	265.0756086	244.3951918
	-0.0001305406425	1.066866679e-05	1370.674174	-5.039022771e-13	252.2079199	2.802757273	-1996.670837	266.2648425	245.162552
	-7.648290775e-05	1.069903996e-05	1366.766688	-4.93674335e-13	252.9443983	2.818499822	-2034.498941	267.2269804	245.7863601
	-3.650184135e-05	1.072180672e-05	1363.841185	-4.859997292e-13	253.4957691	2.830295743	-2062.670301	267.94583	246.254112
	-1.091348349e-05	1.073651283e-05	1361.952974	-4.810387906e-13	253.8516303	2.837913433	-2080.786754	268.409139	246.5563276
	0	1.074281709e-05	1361.143883	-4.789112831e-13	254.0041127	2.841178576	-2088.533982	268.6075097	246.6858995

	0	1.067445389e-05	1361.25743	-5.337311386e-13	253.3720433	2.816073337	-2559.064247	272.3981597	243.8403954
	1.091348349e-05	1.068569453e-05	1359.957663	-5.357169671e-13	253.6120683	2.821791175	-2565.309616	272.6520992	244.0735199
	3.650184135e-05	1.071206731e-05	1356.914646	-5.40309566e-13	254.1736568	2.835205463	-2579.790935	273.2455778	244.6192962
	7.648290775e-05	1.075332274e-05	1352.172624	-5.473071857e-13	255.0477889	2.856187155	-2601.963115	274.1674761	245.4697541
	0.0001305406425	1.080919803e-05	1345.785453	-5.564230294e-13	256.2232244	2.884599307	-2631.060487	275.4034982	246.6151802
	0.000198251415	1.087933868e-05	1337.824748	-5.67280801e-13	257.6850483	2.92025734	-2666.077474	276.9347278	248.0426599
	0.0002790851374	1.096329643e-05	1328.37891	-5.794267755e-13	259.4149183	2.962928154	-2705.7995	278.7380137	249.7362543
	0.0003724091166	1.106052931e-05	1317.551655	-5.923448162e-13	261.3914172	3.012330351	-2748.841708	280.7864928	251.6772679
	0.0004774929398	1.117040218e-05	1305.460276	-6.054735578e-13	263.5904649	3.068134765	-2793.693311	283.0501973	253.8445629
	0.0005935141703	1.129218782e-05	1292.233713	-6.182251768e-13	265.9857759	3.12996523	-2838.76609	285.4967241	256.2149105
	0.0007195647776	1.142506837e-05	1278.010476	-6.30005146e-13	268.5493478	3.197399627	-2882.445468	288.0919469	258.7633679
	0.0008546582405	1.15681376e-05	1262.93646	-6.402323445e-13	271.2519703	3.269971256	-2923.142571	290.8007514	261.4636737
	0.0009977372668	1.172040375e-05	1247.16273	-6.483588817e-13	274.0637389	3.347170579	-2959.345625	293.5877727	264.28865
	0.001147682067	1.188079333e-05	1230.843303	-6.538890023e-13	276.9545631	3.428447381	-2989.66907	296.4181144	267.2106047
	0.00130331912	1.204815581e-05	1214.132986	-6.563964689e-13	279.8946535	3.513213394	-3012.89884	299.2580305	270.2017221
	0.001463430352	1.222126937e-05	1197.18532	-6.555398628e-13	282.8549799	3.600845399	-3028.032384	302.075552	273.2344354
	0.001626762676	1.239884769e-05	1180.150666	-6.510753103e-13	285.8076858	3.690688856	-3034.312154	304.8410412	276.2817723
	0.001792037795	1.25795479e-05	1163.174475	-6.428662204e-13	288.7264532	3.78206204	-3031.251506	307.5276612	279.3176672
	0.001957962205	1.276197961e-05	1146.395771	-6.308897131e-13	291.5868087	3.874260716	-3018.652171	310.1117475	282.3172346
	0.002123237324	1.294471503e-05	1129.945872	-6.152395209e-13	294.3663663	3.966563302	-2996.612756	312.573076	285.2569987
	0.002286569648	1.312630018e-05	1113.947356	-5.96125255e-13	297.045002	4.058236525	-2965.527971	314.8950216	288.1150775
	0.00244668088	1.330526701e-05	1098.513302	-5.738680428e-13	299.6049611	4.148541491	-2926.078595	317.0646052	290.8713187
	0.002602317933	1.348014631e-05	1083.74678	-5.488926549e-13	302.0308961	4.236740144	-2879.21248	319.0724336	293.5073881
	0.002752262733	1.36494814e-05	1069.740599	-5.217163523e-13	304.3098411	4.322102018	-2826.117162	320.9125355	296.0068121
	0.00289534176	1.381184226e-05	1056.577289	-4.929347832e-13	306.4311245	4.403911206	-2768.184929	322.5821043	298.3549767
	0.003030435222	1.396584e-05	1044.329308	-4.632053567e-13	308.3862295	4.481473464	-2706.971402	324.0811576	300.5390872
	0.00315648583	1.411014141e-05	1033.059421	-4.332285952e-13	310.168607	4.554123326	-2644.148924	325.4121279	302.5480941
	0.00327250706	1.424348341e-05	1022.821253	-4.037280348e-13	311.7734546	4.621231138	-2581.456189	326.5794018	304.3725904
	0.003377590883	1.43646871e-05	1013.659938	-3.754292869e-13	313.1974675	4.682209894	-2520.645676	327.5888222	306.0046882
	0.003470914863	1.447267119e-05	1005.612872	-3.490389028e-13	314.4385755	4.736521759	-2463.430508	328.4471754	307.4378805
	0.003551748585	1.456646467e-05	998.7104811	-3.25223691e-13	315.4956756	4.783684167	-2411.432396	329.1616783	308.6668964
	0.003619459357	1.464521822e-05	992.9770108	-3.045911243e-13	316.3683711	4.823275381	-2366.132284	329.7394871	309.6875559
	0.003673517092	1.470821447e-05	988.4312677	-2.876714517e-13	317.0567283	4.854939399	-2328.825252	330.1872419	310.496632
	0.003713498159	1.475487635e-05	985.0873132	-2.749021251e-13	317.5610559	4.878390005	-2300.581213	330.510664	311.0917228
	0.003739086517	1.47847717e-05	982.9552083	-2.666155651e-13	317.8816981	4.893412915	-2282.213832	330.7142053	311.4711148
	0.00375	1.479752952e-05	982.0477765	-2.630542552e-13	318.0179461	4.899823597	-2274.31105	330.8001962	311.6325764

	0.00375	1.47441801e-05	991.2819976	-5.829434212e-13	316.910886	4.865162898	-1965.063846	327.295059	311.7245836
	0.003760913483	1.47523832e-05	990.7426711	-5.808686653e-13	316.9962387	4.869257729	-1957.482408	327.3378288	311.8313322
	0.003786501841	1.477152786e-05	989.4844366	-5.761100649e-13	317.1953812	4.878814088	-1939.763212	327.4374683	312.0804701
	0.003826482908	1.48011917e-05	987.5361649	-5.689723664e-13	317.5037849	4.893620421	-1912.23652	327.5913532	312.4665109
	0.003880540643	1.484081656e-05	984.9362294	-5.598984512e-13	317.9154386	4.913397031	-1875.326534	327.7959297	312.9822073
	0.003948251415	1.488966565e-05	981.7352595	-5.4946839e-13	318.4224101	4.937774726	-1829.594605	328.0465168	313.617992
	0.004029085137	1.494684097e-05	977.9949075	-5.383794193e-13	319.0150384	4.966303571	-1775.727859	328.33743	314.3622039
	0.004122409117	1.501130627e-05	973.7862371	-5.274213087e-13	319.6821848	4.9984644	-1714.523743	328.6621408	315.2013857
	0.00422749294	1.508191342e-05	969.1878652	-5.174482282e-13	320.4115228	5.033682094	-1646.872085	329.0134609	316.1206265
	0.00434351417	1.515743158e-05	964.2839202	-5.093480598e-13	321.189856	5.071340181	-1573.735311	329.3837433	317.1039393
	0.004469564778	1.523657796e-05	959.1618802	-5.040101467e-13	322.0034557	5.110796307	-1496.127389	329.7650949	318.1346608
	0.00460465824	1.53180495e-05	953.9103543	-5.022925282e-13	322.8384066	5.151398124	-1415.092102	330.1495947	319.1958616
	0.004747737267	1.540055439e-05	948.6168731	-5.04989721e-13	323.6809518	5.192499126	-1331.681242	330.5295099	320.2707561
	0.004897682067	1.548284266e-05	943.365753	-5.12802097e-13	324.5178262	5.233473984	-1246.933332	330.897504	321.3430983
	0.00505331912	1.556373485e-05	938.2360967	-5.263078602e-13	325.336568	5.273732925	-1161.853448	331.2468302	322.3975541
	0.005213430352	1.564214789e-05	933.299986	-5.459385454e-13	326.1258022	5.312734754	-1077.394675	331.5715058	323.420038
	0.005376762676	1.571711774e-05	928.6209207	-5.719588558e-13	326.8754834	5.34999816	-994.4416713	331.8664597	324.3980056
	0.005542037795	1.578781781e-05	924.2525439	-6.044515202e-13	327.5770966	5.385110974	-913.796758	332.1276517	325.3206938
	0.005707962205	1.585357296e-05	920.2376908	-6.433076981e-13	328.2238056	5.417737172	-836.1688568	332.3521579	326.1793019
	0.005873237324	1.591386855e-05	916.6077831	-6.882232874e-13	328.8105491	5.447621408	-762.1655115	332.5382213	326.9671102
	0.006036569648	1.596835452e-05	913.3825831	-7.387013034e-13	329.33408	5.47459102	-692.2881332	332.6852652	327.6795323
	0.00619668088	1.601684428e-05	910.5703092	-7.94060314e-13	329.7929489	5.498555461	-626.9305062	332.7938708	328.3141018
	0.006352317933	1.605930872e-05	908.1681033	-8.534487199e-13	330.1874328	5.519503249	-566.3804889	332.8657181	328.8703944
	0.006502262733	1.609586542e-05	906.1628307	-9.158644899e-13	330.5194119	5.537496553	-510.8247497	332.9034936	329.3498893
	0.00664534176	1.612676376e-05	904.5321798	-9.801797891e-13	330.7921998	5.552663638	-460.3562794	332.9107683	329.7557753
	0.006780435222	1.615236616e-05	903.246025	-1.045169781e-12	331.0103328	5.56518946	-414.9843432	332.8918485	330.0927093
	0.00690648583	1.617312643e-05	902.2680021	-1.109544756e-12	331.1793259	5.575304726	-374.6464596	332.8516057	330.3665346
	0.00702250706	1.618956571e-05	901.5572435	-1.171984627e-12	331.3054043	5.58327382	-339.2219366	332.7952914	330.5839706
	0.007127590883	1.620224711e-05	901.0702141	-1.231174767e-12	331.3952183	5.589381999	-308.5464516	332.7283414	330.7522831
	0.007220914863	1.621174962e-05	900.7625862	-1.285842096e-12	331.4555532	5.5939223	-282.4271339	332.656177	330.8789475
	0.007301748585	1.621864242e-05	900.5910904	-1.334790348e-12	331.4930419	5.597182592	-260.6576038	332.5840101	330.9713152
	0.007369459357	1.622346031e-05	900.5152814	-1.376933426e-12	331.5138911	5.599433229	-243.0324275	332.5166569	331.0362957
	0.007423517092	1.622668116e-05	900.4991598	-1.411325822e-12	331.5236297	5.600915676	-229.3604835	332.4583674	331.0800638
	0.007463498159	1.622870597e-05	900.5125973	-1.437189052e-12	331.5268873	5.60183253	-219.4768117	332.4126764	331.1078026
	0.007489086517	1.622984243e-05	900.532515	-1.453932216e-12	331.5272118	5.602339196	-213.25293	332.3822823	331.1234886
	0.0075	1.623028927e-05	900.543697	-1.461118411e-12	331.5269322	5.602536265	-210.6225995	332.3690457	331.1296879

	0.0075	1.625670169e-05	898.3263801	-1.321678877e-12	331.8511332	5.617141225	-227.8575614	332.8815138	331.3607942
	0.007510913483	1.625764366e-05	898.2695928	-1.321481502e-12	331.8596457	5.617611724	-226.8791962	332.885668	331.3714734
	0.007536501841	1.625984057e-05	898.1372042	-1.321039395e-12	331.8794922	5.618708935	-224.5934378	332.8953289	331.3963833
	0.007576482908	1.626324043e-05	897.9324789	-1.320406627e-12	331.9101861	5.62040661	-221.0449394	332.9102007	331.4349419
	0.007630540643	1.626777378e-05	897.6598	-1.319663564e-12	331.9510747	5.622669648	-216.2915436	332.9298763	331.4863737
	0.007698251415	1.627334906e-05	897.3249452	-1.318915285e-12	332.0012976	5.625451767	-210.4097376	332.9538201	331.5496558
	0.007779085137	1.627985482e-05	896.9349398	-1.318287694e-12	332.0598084	5.628696653	-203.4930242	332.9813834	331.6235429
	0.007872409117	1.628716271e-05	896.4978653	-1.317922792e-12	332.1254033	5.632339475	-195.6497343	333.0118236	331.7066003
	0.00797749294	1.629513093e-05	896.0226396	-1.317973284e-12	332.1967536	5.636308618	-187.0004918	333.0443265	331.7972422
	0.00809351417	1.630360791e-05	895.5187753	-1.318596703e-12	332.2724416	5.640527591	-177.6754204	333.078031	331.8937726
	0.008219564778	1.631243634e-05	894.9961244	-1.31994924e-12	332.3509986	5.644917042	-167.8111753	333.1120542	331.99443
	0.00835465824	1.632145725e-05	894.4646169	-1.322179492e-12	332.4309437	5.64939683	-157.5478845	333.1455182	332.0974324
	0.008497737267	1.633051399e-05	893.9340002	-1.325422322e-12	332.5108223	5.653888078	-147.0260863	333.1775756	332.2010223
	0.008647682067	1.633945625e-05	893.4135882	-1.329793051e-12	332.589244	5.658315166	-136.383748	333.2074351	332.3035102
	0.00880331912	1.63481436e-05	892.9120278	-1.335382152e-12	332.6649164	5.66260758	-125.7534483	333.2343836	332.4033151
	0.008963430352	1.635644891e-05	892.4370876	-1.34225065e-12	332.7366775	5.666701592	-115.2598	333.2578077	332.4990016
	0.009126762676	1.63642611e-05	891.9954773	-1.350426373e-12	332.8035215	5.670541691	-105.0171805	333.2772106	332.5893112
	0.009292037795	1.637148748e-05	891.5927018	-1.35990118e-12	332.8646216	5.674081761	-95.12782894	333.2922258	332.6731883
	0.009457962205	1.637805548e-05	891.2329539	-1.370629285e-12	332.9193453	5.677285936	-85.68035661	333.3026268	332.7497994
	0.009623237324	1.63839137e-05	890.9190491	-1.382526726e-12	332.9672641	5.680129139	-76.7487028	333.3083321	332.8185447
	0.009786569648	1.638903231e-05	890.6524037	-1.395472022e-12	333.0081575	5.682597277	-68.39155623	333.3094062	332.8790635
	0.00994668088	1.639340279e-05	890.4330557	-1.409308013e-12	333.0420093	5.684687099	-60.6522461	333.3060552	332.931231
	0.01010231793	1.6397037e-05	890.2597293	-1.423844832e-12	333.0689983	5.686405715	-53.55909274	333.2986189	332.9751483
	0.01025226273	1.639996566e-05	890.1299376	-1.438863939e-12	333.0894835	5.687769811	-47.12619358	333.287558	333.0111262
	0.01039534176	1.640223628e-05	890.0401227	-1.454123109e-12	333.1039827	5.688804576	-41.35460688	333.2734384	333.039662
	0.01053043522	1.640391054e-05	889.9858263	-1.469362221e-12	333.1131482	5.689542382	-36.23388336	333.256911	333.0614109
	0.01065648583	1.640506136e-05	889.9618855	-1.484309686e-12	333.1177369	5.690021271	-31.74388584	333.2386908	333.0771543
	0.01077250706	1.640576962e-05	889.9626486	-1.498689339e-12	333.1185789	5.690283282	-27.85682815	333.2195319	333.0877631
	0.01087759088	1.640612075e-05	889.9822007	-1.512227568e-12	333.1165441	5.690372697	-24.53945873	333.2002033	333.0941604
	0.01097091486	1.640620118e-05	890.0145957	-1.524660489e-12	333.1125077	5.690334243	-21.75531035	333.1814632	333.0972825
	0.01105174858	1.640609491e-05	890.0540829	-1.535740944e-12	333.1073165	5.690211325	-19.4669363	333.164034	333.0980409
	0.01111945936	1.64058802e-05	890.0953244	-1.545245117e-12	333.1017571	5.69004434	-17.63805472	333.1485791	333.097286
	0.01117351709	1.640562653e-05	890.1335935	-1.552978556e-12	333.0965261	5.689869124	-16.23552741	333.1356807	333.0957736
	0.01121349816	1.640539192e-05	890.1649494	-1.558781403e-12	333.0922046	5.689715603	-15.23110901	333.1258213	333.0941353
	0.01123908652	1.64052208e-05	890.1863795	-1.562532421e-12	333.0892368	5.689606668	-14.60294656	333.1193685	333.0928548
	0.01125	1.640514284e-05	890.1958429	-1.564141053e-12	333.087923	5.689557671	-14.33851889	333.1165825	333.0922536

	0.01125	1.641113454e-05	889.6077722	-1.41530676e-12	333.1720645	5.693073453	-23.30608565	333.2781809	333.1378189
	0.01126091348	1.641122842e-05	889.6022255	-1.417801879e-12	333.1728241	5.693119008	-23.21363843	333.2785091	333.138764
	0.01128650184	1.641144727e-05	889.5892995	-1.42355397e-12	333.1745952	5.693225212	-22.99760268	333.2792716	333.1409685
	0.01132648291	1.641178567e-05	889.5693247	-1.432266096e-12	333.1773348	5.693389447	-22.66207713	333.2804437	333.1443816
	0.01138054064	1.641223634e-05	889.5427472	-1.443511676e-12	333.180985	5.693608198	-22.2123435	333.2819909	333.1489352
	0.01144825142	1.641278968e-05	889.5101546	-1.456731479e-12	333.1854697	5.693876834	-21.65538917	333.2838682	333.1545398
	0.01152908514	1.6413434e-05	889.472261	-1.471252219e-12	333.1906963	5.694189722	-20.9997628	333.2860208	333.1610862
	0.01162240912	1.64141559e-05	889.429887	-1.486309556e-12	333.1965584	5.694540382	-20.25537909	333.2883862	333.1684489
	0.01172749294	1.641494054e-05	889.3839371	-1.501074391e-12	333.2029381	5.694921664	-19.43329229	333.2908959	333.1764887
	0.01184351417	1.641577214e-05	889.3353746	-1.514681581e-12	333.20971	5.695325941	-18.54544654	333.2934777	333.1850571
	0.01196956478	1.641663434e-05	889.2851954	-1.526260117e-12	333.2167439	5.695745312	-17.60441024	333.2960577	333.1939993
	0.01210465824	1.641751065e-05	889.2344005	-1.534963836e-12	333.2239085	5.696171816	-16.62310218	333.2985627	333.203159
	0.01224773727	1.64183849e-05	889.18397	-1.540001645e-12	333.2310748	5.696597637	-15.61451687	333.3009224	333.2123817
	0.01239768207	1.641924165e-05	889.1348361	-1.5406663e-12	333.2381193	5.697015304	-14.59145683	333.3030714	333.2215189
	0.01255331912	1.642006657e-05	889.0878603	-1.536360812e-12	333.2449272	5.697417883	-13.56627904	333.3049513	333.2304312
	0.01271343035	1.642084679e-05	889.0438104	-1.526621602e-12	333.2513951	5.697799144	-12.55066226	333.3065125	333.2389922
	0.01287676268	1.642157121e-05	889.0033433	-1.51113767e-12	333.2574332	5.698153703	-11.55540146	333.3077156	333.2470903
	0.01304203779	1.642223076e-05	888.966989	-1.489765127e-12	333.2629675	5.698477144	-10.5902344	333.3085327	333.254632
	0.01320796221	1.642281854e-05	888.9351406	-1.462536604e-12	333.2679411	5.698766102	-9.663704523	333.3089478	333.2615428
	0.01337323732	1.642332994e-05	888.9080472	-1.429665201e-12	333.2723152	5.699018314	-8.783063189	333.3089577	333.2677686
	0.01353656965	1.642376271e-05	888.8858125	-1.39154282e-12	333.276069	5.699232642	-7.954212906	333.3085718	333.273276
	0.01369668088	1.642411686e-05	888.8683971	-1.348732893e-12	333.2792	5.69940905	-7.181692068	333.3078117	333.2780524
	0.01385231793	1.642439461e-05	888.8556253	-1.301957687e-12	333.2817226	5.699548555	-6.468700313	333.3067106	333.2821046
	0.01400226273	1.64246002e-05	888.8471966	-1.252080556e-12	333.2836674	5.699653146	-5.817162413	333.3053119	333.2854579
	0.01414534176	1.642473964e-05	888.8427005	-1.200083647e-12	333.2850788	5.69972567	-5.227827419	333.3036682	333.2881537
	0.01428043522	1.642482045e-05	888.8416341	-1.147041721e-12	333.2860132	5.699769697	-4.700398717	333.3018391	333.2902473
	0.01440648583	1.642485131e-05	888.8434237	-1.094092878e-12	333.2865361	5.699789361	-4.233689726	333.2998898	333.2918051
	0.01452250706	1.64248417e-05	888.8474466	-1.042407064e-12	333.2867198	5.699789186	-3.825799233	333.2978885	333.2929014
	0.01462759088	1.642480156e-05	888.8530558	-9.931533027e-13	333.28664	5.699773912	-3.474299797	333.2959046	333.2936151
	0.01472091486	1.642474086e-05	888.8596035	-9.474666685e-13	333.2863728	5.699748299	-3.176432346	333.2940062	333.2940263
	0.01480174858	1.642466923e-05	888.8664658	-9.06415982e-13	333.2859922	5.699716956	-2.929299944	333.2922581	333.2942133
	0.01486945936	1.642459562e-05	888.8730649	-8.709732358e-13	333.2855668	5.699684157	-2.730053867	333.2907196	333.2942491
	0.01492351709	1.642452794e-05	888.8788901	-8.419856941e-13	333.2851574	5.699653688	-2.576065524	333.2894428	333.2941985
	0.01496349816	1.64244728e-05	888.8835165	-8.201516249e-13	333.2848148	5.699628708	-2.465078684	333.2884708	333.2941159
	0.01498908652	1.642443524e-05	888.8866194	-8.060013344e-13	333.2845777	5.699611628	-2.395341192	333.2878363	333.2940428
	0.015	1.642441868e-05	888.8879765	-7.999243671e-13	333.2844724	5.699604085	-2.365905585	333.2875627	333.2940069
