	-0.015	1.916072614e-05	1523.738201	7.741806253e-14	222.9905162	8.897499119	3.177594486	222.9900769	223.0036947
	-0.01498908652	1.916072501e-05	1523.738326	7.484515317e-14	222.9904171	8.897494637	3.178458487	222.990017	223.0036307
	-0.01496349816	1.916072239e-05	1523.738616	6.890106021e-14	222.9901864	8.897484215	3.180425788	222.9898779	223.0034816
	-0.01492351709	1.916071842e-05	1523.739061	5.986196179e-14	222.9898307	8.897468178	3.183335497	222.9896644	223.0032504
	-0.01486945936	1.916071328e-05	1523.739645	4.812197968e-14	222.989359	8.897446972	3.18695137	222.9893832	223.0029416
	-0.01480174858	1.91607072e-05	1523.74035	3.419806726e-14	222.9887835	8.897421183	3.190964233	222.989043	223.0025609
	-0.01472091486	1.916070048e-05	1523.74115	1.87132041e-14	222.9881184	8.897391524	3.195003003	222.9886544	223.0021153
	-0.01462759088	1.916069343e-05	1523.74202	2.375532158e-15	222.9873804	8.897358807	3.198648176	222.9882295	223.0016127
	-0.01452250706	1.916068643e-05	1523.74293	-1.404550897e-14	222.9865877	8.897323924	3.20144723	222.9877816	223.0010621
	-0.01440648583	1.916067983e-05	1523.743848	-2.974524453e-14	222.9857595	8.897287818	3.202931406	222.9873245	223.0004731
	-0.01428043522	1.916067402e-05	1523.744743	-4.391118642e-14	222.9849159	8.897251455	3.202633345	222.9868726	222.9998556
	-0.01414534176	1.916066935e-05	1523.745584	-5.575093782e-14	222.9840764	8.897215795	3.200104976	222.9864398	222.9992197
	-0.01400226273	1.916066618e-05	1523.746342	-6.451968813e-14	222.9832605	8.897181763	3.194935105	222.9860396	222.9985756
	-0.01385231793	1.916066479e-05	1523.746989	-6.954641788e-14	222.9824861	8.897150221	3.18676609	222.9856845	222.9979328
	-0.01369668088	1.916066547e-05	1523.747501	-7.025797143e-14	222.9817696	8.897121946	3.175309083	222.9853854	222.9973006
	-0.01353656965	1.91606684e-05	1523.747858	-6.620022128e-14	222.9811253	8.897097603	3.160357313	222.9851516	222.9966875
	-0.01337323732	1.916067374e-05	1523.748046	-5.705563706e-14	222.9805651	8.897077729	3.141796964	222.9849904	222.9961008
	-0.01320796221	1.916068155e-05	1523.748053	-4.265668377e-14	222.980098	8.897062715	3.119615279	222.9849066	222.9955471
	-0.01304203779	1.916069182e-05	1523.747877	-2.299460359e-14	222.97973	8.897052801	3.0939056	222.9849029	222.9950317
	-0.01287676268	1.916070449e-05	1523.747518	1.776720975e-15	222.9794639	8.897048064	3.064869138	222.9849792	222.9945585
	-0.01271343035	1.916071938e-05	1523.746983	3.134197147e-14	222.9792995	8.89704842	3.032813405	222.9851332	222.9941303
	-0.01255331912	1.916073627e-05	1523.746285	6.523065584e-14	222.9792334	8.897053629	2.998147298	222.9853597	222.9937487
	-0.01239768207	1.916075488e-05	1523.745442	1.028282612e-13	222.9792594	8.897063306	2.961372959	222.9856518	222.9934139
	-0.01224773727	1.916077483e-05	1523.744476	1.433919766e-13	222.9793686	8.897076929	2.923074637	222.9860003	222.9931251
	-0.01210465824	1.916079573e-05	1523.743414	1.860705209e-13	222.9795498	8.897093863	2.883904848	222.986394	222.9928803
	-0.01196956478	1.916081713e-05	1523.742285	2.299274841e-13	222.9797899	8.89711338	2.844568253	222.9868208	222.9926767
	-0.01184351417	1.916083856e-05	1523.741122	2.739674769e-13	222.9800744	8.897134679	2.805803699	222.9872671	222.9925111
	-0.01172749294	1.916085952e-05	1523.739957	3.171642966e-13	222.9803878	8.89715692	2.768364974	222.9877189	222.9923792
	-0.01162240912	1.916087954e-05	1523.738823	3.584902514e-13	222.9807144	8.897179245	2.733000833	222.9881621	222.9922769
	-0.01152908514	1.916089814e-05	1523.737755	3.969457487e-13	222.9810383	8.89720081	2.700434905	222.9885828	222.9921997
	-0.01144825142	1.916091488e-05	1523.736783	4.315882406e-13	222.9813448	8.89722081	2.671346064	222.9889678	222.9921431
	-0.01138054064	1.916092934e-05	1523.735934	4.615596367e-13	222.98162	8.897238507	2.646349883	222.989305	222.9921031
	-0.01132648291	1.916094118e-05	1523.735235	4.861113264e-13	222.9818518	8.897253253	2.625981719	222.9895838	222.9920761
	-0.01128650184	1.916095011e-05	1523.734705	5.046259557e-13	222.9820301	8.897264513	2.610682025	222.9897955	222.9920588
	-0.01126091348	1.916095589e-05	1523.73436	5.16634501e-13	222.9821474	8.897271876	2.600784987	222.9899335	222.992049
	-0.01125	1.916095838e-05	1523.734212	5.217939109e-13	222.9821981	8.897275054	2.596538938	222.9899929	222.9920451

	-0.01125	1.91615199e-05	1523.695271	5.120140461e-14	222.9876624	8.897753835	2.561998436	222.9934161	222.9995657
	-0.01123908652	1.916150995e-05	1523.695997	5.70834363e-14	222.9875851	8.897746125	2.55845489	222.9933393	222.9994089
	-0.01121349816	1.916148721e-05	1523.697654	7.073404468e-14	222.9874132	8.8977287	2.550053723	222.9931733	222.9990492
	-0.01117351709	1.916145335e-05	1523.70012	9.166773791e-14	222.9871711	8.897703301	2.536666764	222.9929532	222.9985093
	-0.01111945936	1.91614108e-05	1523.703212	1.192059029e-13	222.9868948	8.897672505	2.518061564	222.9927314	222.9978222
	-0.01105174858	1.916136276e-05	1523.706694	1.524569388e-13	222.9866317	8.897639682	2.493938432	222.9925769	222.997031
	-0.01097091486	1.916131306e-05	1523.710281	1.903431684e-13	222.9864385	8.897608871	2.463947402	222.9925718	222.9961877
	-0.01087759088	1.916126602e-05	1523.713652	2.316346495e-13	222.9863791	8.897584636	2.427707901	222.9928089	222.9953511
	-0.01077250706	1.916122632e-05	1523.716458	2.74987928e-13	222.986522	8.897571888	2.38483098	222.9933873	222.9945849
	-0.01065648583	1.916119883e-05	1523.71834	3.189884192e-13	222.9869379	8.897575705	2.334943372	222.9944094	222.9939552
	-0.01053043522	1.916118839e-05	1523.718937	3.621950712e-13	222.9876969	8.897601133	2.277712567	222.9959757	222.9935283
	-0.01039534176	1.916119966e-05	1523.717903	4.031859064e-13	222.9888655	8.89765299	2.212872	222.9981816	222.9933683
	-0.01025226273	1.916123694e-05	1523.714921	4.40603013e-13	222.9905037	8.897735671	2.140245465	223.0011127	222.9935344
	-0.01010231793	1.916130399e-05	1523.709711	4.731955754e-13	222.9926628	8.897852964	2.059769852	223.004841	222.9940789
	-0.00994668088	1.916140385e-05	1523.702047	4.998595944e-13	222.9953825	8.898007879	1.971515373	223.0094215	222.995045
	-0.009786569648	1.916153878e-05	1523.691765	5.196730514e-13	222.9986892	8.898202508	1.875702496	223.0148892	222.9964651
	-0.009623237324	1.916171006e-05	1523.678771	5.319254116e-13	223.0025942	8.898437897	1.772714916	223.0212563	222.9983593
	-0.009457962205	1.916191795e-05	1523.663046	5.361405402e-13	223.0070922	8.898713965	1.663107988	223.0285108	223.0007338
	-0.009292037795	1.916216165e-05	1523.644652	5.320923092e-13	223.0121611	8.899029444	1.547612214	223.036615	223.003581
	-0.009126762676	1.916243925e-05	1523.623734	5.198124014e-13	223.017761	8.899381867	1.427131507	223.0455054	223.0068786
	-0.008963430352	1.916274776e-05	1523.600516	4.995900629e-13	223.0238353	8.89976758	1.302736112	223.0550934	223.01059
	-0.00880331912	1.916308315e-05	1523.575299	4.719638042e-13	223.030311	8.900181805	1.175650253	223.0652662	223.0146647
	-0.008647682067	1.916344046e-05	1523.548456	4.37705306e-13	223.0371004	8.900618729	1.047234723	223.075889	223.0190399
	-0.008497737267	1.916381388e-05	1523.520421	3.97796024e-13	223.0441027	8.90107163	0.9189647916	223.0868081	223.0236415
	-0.00835465824	1.916419689e-05	1523.491682	3.533972207e-13	223.0512063	8.901533034	0.7924039644	223.0978537	223.0283858
	-0.008219564778	1.916458245e-05	1523.462763	3.05814353e-13	223.0582917	8.901994895	0.6691742654	223.1088444	223.0331821
	-0.00809351417	1.916496316e-05	1523.434219	2.564569246e-13	223.0652341	8.902448799	0.55092381	223.1195913	223.037935
	-0.00797749294	1.916533146e-05	1523.406614	2.067950513e-13	223.0719068	8.902886175	0.4392925466	223.1299028	223.0425464
	-0.007872409117	1.916567984e-05	1523.38051	1.583140934e-13	223.0781843	8.903298524	0.3358770999	223.1395895	223.046919
	-0.007779085137	1.916600101e-05	1523.356448	1.124687673e-13	223.0839457	8.903677642	0.2421956907	223.1484688	223.0509584
	-0.007698251415	1.916628817e-05	1523.334939	7.063816825e-14	223.0890777	8.904015838	0.1596541138	223.1563701	223.0545759
	-0.007630540643	1.916653511e-05	1523.316445	3.408311157e-14	223.0934777	8.904306144	0.08951374351	223.1631389	223.0576909
	-0.007576482908	1.916673645e-05	1523.301367	3.907140652e-15	223.0970568	8.904542505	0.03286250733	223.1686413	223.0602333
	-0.007536501841	1.916688775e-05	1523.290038	-1.897747219e-14	223.0997417	8.90471994	-0.009410145838	223.172767	223.0621453
	-0.007510913483	1.916698565e-05	1523.282707	-3.387669232e-14	223.101477	8.90483467	-0.03663179332	223.1754326	223.0633832
	-0.0075	1.916702766e-05	1523.279562	-4.02912593e-14	223.1022211	8.90488388	-0.04828144481	223.1765755	223.0639145

	-0.0075	1.91763994e-05	1522.615178	-2.397278913e-13	223.2225871	8.914044561	0.230921628	223.2437202	223.2101904
	-0.007489086517	1.917623284e-05	1522.62687	-2.527833171e-13	223.2205961	8.913886749	0.2155126519	223.2425214	223.2078044
	-0.007463498159	1.91758522e-05	1522.653538	-2.832218827e-13	223.2160867	8.913527706	0.1775920787	223.2399371	223.2023355
	-0.007423517092	1.917528518e-05	1522.693114	-3.302987587e-13	223.2094863	8.912997509	0.1133131125	223.2365349	223.1941426
	-0.007369459357	1.917457228e-05	1522.742567	-3.930149857e-13	223.2014261	8.912340356	0.01665032425	223.2331677	223.1837477
	-0.007301748585	1.917376651e-05	1522.797929	-4.700535563e-13	223.1927316	8.911614087	-0.1202433436	223.2309493	223.1718347
	-0.007220914863	1.917293155e-05	1522.854438	-5.598128981e-13	223.1843928	8.910888118	-0.3067033066	223.2312128	223.1592253
	-0.007127590883	1.917213945e-05	1522.906706	-6.604502481e-13	223.1775279	8.910240904	-0.553154707	223.2354582	223.1468503
	-0.00702250706	1.917146801e-05	1522.948922	-7.699316202e-13	223.1733416	8.909757061	-0.8706594091	223.2452944	223.1357157
	-0.00690648583	1.917099796e-05	1522.975057	-8.860866397e-13	223.1730796	8.909524213	-1.270423513	223.2623751	223.1268672
	-0.006780435222	1.917080994e-05	1522.979099	-1.006666562e-12	223.1779812	8.909629689	-1.763281876	223.2883316	223.1213515
	-0.00664534176	1.91709815e-05	1522.955275	-1.129403722e-12	223.1892305	8.910157166	-2.359177035	223.324705	223.1201778
	-0.006502262733	1.917158409e-05	1522.898278	-1.252070652e-12	223.2079094	8.911183378	-3.066650219	223.37288	223.1242795
	-0.006352317933	1.917268021e-05	1522.80348	-1.372537089e-12	223.2349524	8.912774983	-3.892361934	223.4340211	223.1344785
	-0.00619668088	1.917432088e-05	1522.667125	-1.488823215e-12	223.2711055	8.914985714	-4.840658728	223.5090163	223.1514516
	-0.006036569648	1.917654332e-05	1522.486503	-1.59914755e-12	223.3168903	8.917853886	-5.913201463	223.5984267	223.1757018
	-0.005873237324	1.917936912e-05	1522.260084	-1.701968119e-12	223.3725753	8.92140036	-7.108668537	223.7024464	223.2075342
	-0.005707962205	1.918280285e-05	1521.987626	-1.79601572e-12	223.4381534	8.925627028	-8.422545256	223.8208733	223.2470388
	-0.005542037795	1.918683119e-05	1521.67024	-1.880318372e-12	223.5133293	8.930515867	-9.847007895	223.9530915	223.2940784
	-0.005376762676	1.919142263e-05	1521.310408	-1.954216294e-12	223.5975147	8.936028617	-11.3709081	224.0980662	223.3482849
	-0.005213430352	1.919652766e-05	1520.91197	-2.017367063e-12	223.6898328	8.942107075	-12.97986013	224.2543518	223.409062
	-0.00505331912	1.920207964e-05	1520.480059	-2.06974093e-12	223.7891322	8.94867402	-14.65643029	224.4201133	223.4755951
	-0.004897682067	1.920799614e-05	1520.020997	-2.111606534e-12	223.8940091	8.95563475	-16.38042465	224.5931594	223.5468683
	-0.004747737267	1.92141808e-05	1519.542155	-2.143507605e-12	224.0028381	8.962879169	-18.129268	224.7709877	223.6216881
	-0.00460465824	1.922052561e-05	1519.051778	-2.166231476e-12	224.1138098	8.970284392	-19.87846442	224.9508401	223.6987123
	-0.004469564778	1.92269137e-05	1518.558778	-2.180770527e-12	224.2249749	8.977717772	-21.60212658	225.1297672	223.7764841
	-0.00434351417	1.923322228e-05	1518.072506	-2.188277853e-12	224.3342937	8.985040272	-23.27355954	225.3046996	223.8534706
	-0.00422749294	1.92393259e-05	1517.602511	-2.190018657e-12	224.4396879	8.992110079	-24.86588217	225.4725239	223.9281032
	-0.004122409117	1.924509983e-05	1517.158279	-2.187318982e-12	224.5390956	8.998786356	-26.3526687	225.6301614	223.9988204
	-0.004029085137	1.925042341e-05	1516.748983	-2.181513477e-12	224.6305257	9.004933013	-27.7085918	225.7746479	224.0641102
	-0.003948251415	1.925518336e-05	1516.383231	-2.173893914e-12	224.7121117	9.010422394	-28.91004838	225.9032105	224.1225523
	-0.003880540643	1.925927692e-05	1516.068829	-2.165660141e-12	224.7821621	9.015138758	-29.93574997	226.0133406	224.1728574
	-0.003826482908	1.926261467e-05	1515.812569	-2.157875077e-12	224.8392066	9.018981453	-30.76725951	226.1028605	224.213903
	-0.003786501841	1.926512303e-05	1515.620038	-2.151425255e-12	224.8820356	9.021867675	-31.38945621	226.1699811	224.2447653
	-0.003760913483	1.926674615e-05	1515.495478	-2.146988486e-12	224.9097319	9.023734602	-31.79088823	226.2133459	224.2647428
	-0.00375	1.926744263e-05	1515.442034	-2.145022877e-12	224.9216121	9.024535529	-31.96286397	226.2319377	224.2733167

	-0.00375	1.935097224e-05	1509.680587	-1.347742924e-12	226.1128251	9.111661619	-28.91498751	226.9440747	225.7035328
	-0.003739086517	1.934995738e-05	1509.72407	-1.338684798e-12	226.1097975	9.11087531	-29.81850209	226.9682117	225.6869848
	-0.003713498159	1.934770152e-05	1509.817756	-1.31754643e-12	226.1044427	9.109169699	-31.95179645	227.0269872	225.6497095
	-0.003673517092	1.934452379e-05	1509.940934	-1.284798491e-12	226.1009708	9.106892087	-35.32672614	227.1249479	225.595746
	-0.003619459357	1.934090009e-05	1510.062485	-1.241063795e-12	226.105768	9.104563701	-39.97081173	227.2692779	225.5310788
	-0.003551748585	1.93374525e-05	1510.141756	-1.187164389e-12	226.1271712	9.102865529	-45.91903787	227.4693267	225.463534
	-0.003470914863	1.933492604e-05	1510.13011	-1.124101962e-12	226.1751418	9.10261244	-53.2111692	227.7362048	225.4024933
	-0.003377590883	1.933416046e-05	1509.972804	-1.053032136e-12	226.260871	9.104721784	-61.88871731	228.0822994	225.3585442
	-0.00327250706	1.933605806e-05	1509.611132	-9.752347957e-13	226.3963314	9.110177625	-71.99153011	228.520725	225.3430813
	-0.00315648583	1.934154859e-05	1508.984755	-8.920814753e-13	226.5937877	9.11999177	-83.5541113	229.0647268	225.3678719
	-0.003030435222	1.93515525e-05	1508.03415	-8.050008048e-13	226.8652848	9.135162909	-96.60180126	229.7270557	225.4446003
	-0.00289534176	1.936694362e-05	1506.703087	-7.154430275e-13	227.2221288	9.156635196	-111.1469593	230.5193369	225.5844047
	-0.002752262733	1.938851257e-05	1504.941057	-6.248446331e-13	227.6743787	9.185257646	-127.1852903	231.451454	225.7974239
	-0.002602317933	1.94169321e-05	1502.705572	-5.345941333e-13	228.2303663	9.221745719	-144.6924555	232.5309692	226.0923665
	-0.00244668088	1.945272554e-05	1499.964258	-4.459999663e-13	228.8962602	9.266646365	-163.6211017	233.7625995	226.4761188
	-0.002286569648	1.949623943e-05	1496.696664	-3.602614444e-13	229.6756886	9.32030773	-183.8984304	235.1477689	226.9534036
	-0.002123237324	1.954762116e-05	1492.895732	-2.784435599e-13	230.5694348	9.382854579	-205.4244134	236.6842511	227.5265017
	-0.001957962205	1.960680266e-05	1488.56887	-2.014563412e-13	231.575216	9.454170295	-228.0707427	238.3659183	228.1950462
	-0.001792037795	1.96734904e-05	1483.738597	-1.300393037e-13	232.6875541	9.533886143	-251.6805796	240.1826046	228.9558968
	-0.001626762676	1.974716246e-05	1478.442716	-6.475138301e-14	233.8977434	9.621378239	-276.0691452	242.1200918	229.8030988
	-0.001463430352	1.982707261e-05	1472.734021	-5.966559593e-15	235.1939192	9.71577243	-301.025166	244.1602212	230.7279298
	-0.00130331912	1.991226138e-05	1466.679527	4.612478744e-14	236.5612252	9.815957055	-326.3131653	246.2811288	231.7190332
	-0.001147682067	2.00015741e-05	1460.359251	9.150894429e-14	237.9820769	9.920603298	-351.6765606	248.4576009	232.7626362
	-0.0009977372668	2.009368512e-05	1453.864564	1.303366604e-13	239.4365145	10.0281926	-376.8415048	250.6615406	233.842845
	-0.0008546582405	2.018712779e-05	1447.296166	1.629061609e-13	240.9026351	10.13705042	-401.5213837	252.8625332	234.9420108
	-0.0007195647776	2.028032922e-05	1440.76174	1.896420003e-13	242.357093	10.24538531	-425.4218602	255.0284959	236.0411554
	-0.0005935141703	2.037164892e-05	1434.373354	2.110705108e-13	243.7756533	10.35133235	-448.2463398	257.1263927	237.1204436
	-0.0004774929398	2.045942006e-05	1428.244676	2.277927005e-13	245.1337828	10.45299946	-469.7017133	259.1229956	238.1596896
	-0.0003724091166	2.054199228e-05	1422.488098	2.404555316e-13	246.407262	10.54851545	-489.5042282	260.98567	239.1388816
	-0.0002790851374	2.061777474e-05	1417.211842	2.497225545e-13	247.5727991	10.63607827	-507.3853272	262.6831614	240.0387097
	-0.000198251415	2.068527799e-05	1412.517141	2.562448855e-13	248.6086284	10.71400201	-523.0972976	264.1863605	240.8410805
	-0.0001305406425	2.074315373e-05	1408.495574	2.60633501e-13	249.4950755	10.7807614	-536.4185724	265.4690257	241.5296043
	-7.648290775e-05	2.07902308e-05	1405.226643	2.634337693e-13	250.2150719	10.83503221	-547.1585319	266.5084389	242.0900377
	-3.650184135e-05	2.082554662e-05	1402.775665	2.651030606e-13	250.7546007	10.87572641	-555.1616322	267.2859738	242.5106696
	-1.091348349e-05	2.084837124e-05	1401.192159	2.659921284e-13	251.1030383	10.90201909	-560.3104123	267.787526	242.782617
	0	2.085815872e-05	1400.513265	2.663287469e-13	251.2523913	10.91329183	-562.5127164	268.0023698	242.8992532

	0	2.065139956e-05	1410.889012	4.95096209e-13	249.9058611	10.74720488	-690.4862417	271.3289626	239.2130731
	1.091348349e-05	2.067055907e-05	1409.608705	4.863673039e-13	250.1747876	10.76891793	-693.564876	271.6756096	239.4431619
	3.650184135e-05	2.071558426e-05	1406.609589	4.660608126e-13	250.8038475	10.81989241	-700.7043798	272.4851672	239.9820251
	7.648290775e-05	2.078622318e-05	1401.93131	4.347809757e-13	251.7825811	10.89972066	-711.6383859	273.7410675	240.8222553
	0.0001305406425	2.08822921e-05	1395.620924	3.933576672e-13	253.0978548	11.00800823	-725.9930171	275.4216777	241.9549657
	0.000198251415	2.100353154e-05	1387.741147	3.428828014e-13	254.7322539	11.14421806	-743.2772186	277.498412	243.3683231
	0.0002790851374	2.114958909e-05	1378.369714	2.846795647e-13	256.6643866	11.30766062	-762.8978104	279.9363673	245.0476871
	0.0003724091166	2.132000303e-05	1367.5983	2.202633028e-13	258.8693129	11.49748697	-784.1783514	282.6951697	246.9758296
	0.0004774929398	2.151418447e-05	1355.531236	1.512966022e-13	261.3190451	11.71268177	-806.380751	285.7299536	249.133196
	0.0005935141703	2.173139871e-05	1342.284074	7.954010054e-14	263.9831012	11.95205654	-828.7288974	288.992439	251.4981977
	0.0007195647776	2.197074642e-05	1327.98202	6.800568208e-15	266.8290969	12.21424342	-850.433549	292.4320759	254.0475274
	0.0008546582405	2.223114565e-05	1312.758284	-6.51221345e-14	269.8233595	12.49769012	-870.717705	295.9972213	256.7564914
	0.0009977372668	2.251131559e-05	1296.752371	-1.344875906e-13	272.9315471	12.80065639	-888.8416557	299.6363157	259.5993512
	0.001147682067	2.280976294e-05	1280.108355	-1.996652375e-13	276.1192585	13.12121278	-904.1269226	303.2990258	262.5496666
	0.00130331912	2.312477173e-05	1262.973163	-2.591811125e-13	279.3526172	13.45724185	-915.9783353	306.9373215	265.5806333
	0.001463430352	2.345439738e-05	1245.494904	-3.117595023e-13	282.5988153	13.80644258	-923.9035473	310.506456	268.6654093
	0.001626762676	2.379646566e-05	1227.821273	-3.563582334e-13	285.8266048	14.1663381	-927.5293741	313.9658254	271.777422
	0.001792037795	2.414857703e-05	1210.098056	-3.921965328e-13	289.0067248	14.53428702	-926.6144361	317.2796817	274.8906519
	0.001957962205	2.450811675e-05	1192.467751	-4.187746276e-13	292.1122551	14.9074987	-921.0577022	320.4176838	277.9798891
	0.002123237324	2.487227094e-05	1175.06834	-4.358845082e-13	295.1188908	15.28305224	-910.9026615	323.3552725	281.0209559
	0.002286569648	2.523804858e-05	1158.032206	-4.436115559e-13	298.0051322	15.65791939	-896.3369826	326.0738629	283.9908969
	0.00244668088	2.560230936e-05	1141.485214	-4.423270234e-13	300.7523896	16.02899099	-877.6876643	328.560852	286.8681317
	0.002602317933	2.59617969e-05	1125.545964	-4.326716401e-13	303.3450042	16.39310683	-855.4118218	330.8094465	289.6325721
	0.002752262733	2.631317692e-05	1110.325199	-4.155308928e-13	305.7701875	16.74708833	-830.0833871	332.8183201	292.2657035
	0.00289534176	2.665307962e-05	1095.925376	-3.920027903e-13	308.0178877	17.08777374	-802.376132	334.5911151	294.7506317
	0.003030435222	2.697814538e-05	1082.44039	-3.63359155e-13	310.0805886	17.41205508	-773.0435373	336.1358093	297.0720998
	0.00315648583	2.728507293e-05	1069.955419	-3.310016856e-13	311.9530545	17.71691627	-742.8961294	337.4639708	299.2164763
	0.00327250706	2.757066887e-05	1058.546901	-2.964141968e-13	313.6320297	17.99947168	-712.7769854	338.5899278	301.1717201
	0.003377590883	2.783189732e-05	1048.282593	-2.611125586e-13	315.115908	18.25700431	-683.5361658	339.5298846	302.9273264
	0.003470914863	2.806592872e-05	1039.221721	-2.265939297e-13	316.4043851	18.48700285	-656.0048687	340.3010129	304.4742592
	0.003551748585	2.827018652e-05	1031.415173	-1.942868989e-13	317.498107	18.68719682	-630.9701069	340.9205509	305.8048747
	0.003619459357	2.844239049e-05	1024.905728	-1.655041196e-13	318.3983303	18.85558896	-609.1506988	341.4049412	306.9128417
	0.003673517092	2.858059576e-05	1019.728301	-1.413989573e-13	319.1066036	18.99048416	-591.1753291	341.7690366	307.7930619
	0.003713498159	2.868322587e-05	1015.9102	-1.229276103e-13	319.6244843	19.09051372	-577.5634272	342.0253993	308.4415939
	0.003739086517	2.874909493e-05	1013.471532	-1.10818705e-13	319.9532753	19.15465037	-568.7100382	342.1837079	308.8555562
	0.00375	2.877723203e-05	1012.432614	-1.055860859e-13	320.092874	19.18203245	-564.9004286	342.2498577	309.0318493

	0.00375	2.873015481e-05	1016.680312	5.544285668e-13	318.8505121	19.07632365	-518.1307403	337.6813417	309.4560411
	0.003760913483	2.874934589e-05	1016.036681	5.519830765e-13	318.9306568	19.09420375	-515.6808317	337.6867052	309.5735309
	0.003786501841	2.879414504e-05	1014.534719	5.461193056e-13	319.1176035	19.13593641	-509.9620104	337.6988971	309.8477479
	0.003826482908	2.88635886e-05	1012.207963	5.365926325e-13	319.406994	19.20060918	-501.0977249	337.7168704	310.2726788
	0.003880540643	2.895640816e-05	1009.100808	5.230045693e-13	319.7930223	19.28701799	-489.2505521	337.7390846	310.8403848
	0.003948251415	2.907092877e-05	1005.271849	5.048376216e-13	320.2680297	19.39357324	-474.6351638	337.7635244	311.5403856
	0.004029085137	2.920510785e-05	1000.792482	4.814793184e-13	320.8226931	19.51833714	-457.5133315	337.7877711	312.3599062
	0.004122409117	2.935658643e-05	995.7450656	4.522506508e-13	321.446271	19.65907286	-438.1873405	337.8090915	313.2842015
	0.00422749294	2.952274839e-05	990.2208072	4.164383284e-13	322.1268874	19.81330135	-416.9923811	337.8245386	314.2969314
	0.00434351417	2.97007856e-05	984.3174313	3.733297998e-13	322.8518425	19.97836369	-394.2881835	337.8310615	315.3805729
	0.004469564778	2.988776698e-05	978.136714	3.222498507e-13	323.607943	20.1514873	-370.4501473	337.8256208	316.5168572
	0.00460465824	3.00807095e-05	971.7819502	2.625975275e-13	324.38184	20.32985387	-345.8602267	337.8053059	317.6872181
	0.004747737267	3.027664897e-05	965.3554291	1.938821072e-13	325.1603657	20.51066714	-320.8978374	337.7674497	318.8732399
	0.004897682067	3.047270871e-05	958.9559918	1.157568574e-13	325.9308585	20.69121855	-295.9310447	337.7097382	320.0570904
	0.00505331912	3.066616401e-05	952.6767411	2.804938583e-14	326.6814676	20.86894884	-271.3082883	337.6303097	321.2219278
	0.005213430352	3.085450062e-05	946.6029684	-6.921251985e-14	327.4014274	21.04150387	-247.3508726	337.5278423	322.3522691
	0.005376762676	3.103546574e-05	940.8103573	-1.757805311e-13	328.0812946	21.20678317	-224.346435	337.4016242	323.4343104
	0.005542037795	3.120710991e-05	935.3635115	-2.911716973e-13	328.7131411	21.36297982	-202.5435654	337.2516071	324.4561896
	0.005707962205	3.136781899e-05	930.3148471	-4.146612563e-13	329.2906976	21.50861058	-182.1477196	337.078439	325.4081852
	0.005873237324	3.151633521e-05	925.7038767	-5.452827343e-13	329.8094439	21.6425357	-163.3185226	336.883475	326.2828468
	0.006036569648	3.165176702e-05	921.5569002	-6.818355106e-13	330.2666444	21.7639678	-146.16852	336.6687673	327.0750525
	0.00619668088	3.177358765e-05	917.8871049	-8.228997851e-13	330.6613281	21.87246992	-130.7633849	336.4370324	327.781996
	0.006352317933	3.18816225e-05	914.6950639	-9.668586598e-13	330.9942147	21.96794287	-117.1235455	336.1915975	328.403102
	0.006502262733	3.197602624e-05	911.9696113	-1.111926818e-12	331.2675898	22.05060258	-105.227154	335.9363272	328.9398761
	0.00664534176	3.205725031e-05	909.6890592	-1.256185074e-12	331.4851348	22.12094835	-95.01427582	335.6755326	329.3956937
	0.006780435222	3.212600221e-05	907.8227113	-1.397619886e-12	331.6517156	22.17972306	-86.39213985	335.4138651	329.7755374
	0.00690648583	3.2183198e-05	906.3326197	-1.534166746e-12	331.7731393	22.22786703	-79.2412607	335.1561986	330.0856905
	0.00702250706	3.222990971e-05	905.1755244	-1.663756262e-12	331.8558871	22.26646682	-73.42221533	334.907503	330.3333986
	0.007127590883	3.226730941e-05	904.3049074	-1.784361611e-12	331.9068309	22.2967011	-68.78283904	334.672713	330.5265112
	0.007220914863	3.229661207e-05	903.6730934	-1.894046043e-12	331.9329448	22.31978506	-65.16559358	334.4565961	330.6731135
	0.007301748585	3.23190189e-05	903.2333253	-1.991009043e-12	331.9410201	22.33691561	-62.41485687	334.2636241	330.7811641
	0.007369459357	3.233566327e-05	902.9417456	-2.073629839e-12	331.9373936	22.34921896	-60.38388823	334.0978508	330.858148
	0.007423517092	3.23475609e-05	902.7592176	-2.14050692e-12	331.927698	22.35770238	-58.94123564	333.9628011	330.9107573
	0.007463498159	3.235556611e-05	902.6529262	-2.190492217e-12	331.916643	22.36321185	-57.97637461	333.8613748	330.9446113
	0.007489086517	3.236033509e-05	902.5977087	-2.222716814e-12	331.9078343	22.36639665	-57.40442529	333.7957719	330.9640221
	0.0075	3.236228491e-05	902.5771998	-2.236516086e-12	331.9036659	22.36767394	-57.17130824	333.7676286	330.9717651

	0.0075	3.241504043e-05	900.7861167	-2.005468899e-12	332.1637198	22.42169084	-51.59711133	334.098854	331.1964022
	0.007510913483	3.241738344e-05	900.7187186	-2.008097102e-12	332.1710377	22.42380951	-51.36359951	334.0978549	331.2077895
	0.007536501841	3.24228488e-05	900.561537	-2.014126541e-12	332.1880929	22.4287506	-50.81816572	334.0954745	331.2343542
	0.007576482908	3.243130919e-05	900.3183131	-2.023174656e-12	332.2144526	22.43639662	-49.97175386	334.0916493	331.2754826
	0.007630540643	3.244259499e-05	899.9940457	-2.034685727e-12	332.2495337	22.44659063	-48.83860591	334.0862718	331.3303584
	0.007698251415	3.245648246e-05	899.5953273	-2.047931865e-12	332.2925676	22.45912562	-47.43754689	334.0792029	331.3979045
	0.007779085137	3.247269924e-05	899.1301794	-2.062038107e-12	332.3426205	22.47374974	-45.79157359	334.0702786	331.4768096
	0.007872409117	3.249093152e-05	898.6078382	-2.07601328e-12	332.3986188	22.49017298	-43.92730511	334.0593184	331.5655624
	0.00797749294	3.251083233e-05	898.0385084	-2.08878527e-12	332.4593791	22.50807489	-41.87434682	334.0461343	331.6624917
	0.00809351417	3.253203065e-05	897.4330919	-2.09923948e-12	332.5236403	22.52711313	-39.66458995	334.030541	331.7658093
	0.008219564778	3.255414098e-05	896.8029014	-2.106259261e-12	332.5900986	22.54693244	-37.33146775	334.0123664	331.8736566
	0.00835465824	3.257677331e-05	896.1593665	-2.108766972e-12	332.6574421	22.56717385	-34.90918968	333.9914618	331.9841521
	0.008497737267	3.259954286e-05	895.5137409	-2.10576438e-12	332.7243864	22.5874839	-32.43197535	333.9677128	332.0954379
	0.008647682067	3.262207963e-05	894.8768205	-2.096371036e-12	332.7897077	22.60752345	-29.93330988	333.9410482	332.2057261
	0.00880331912	3.264403728e-05	894.258679	-2.079859418e-12	332.8522748	22.626976	-27.44524137	333.9114488	332.3133408
	0.008963430352	3.266510115e-05	893.6684308	-2.055685647e-12	332.911077	22.64555515	-24.99773978	333.878955	332.4167567
	0.009126762676	3.268499517e-05	893.1140251	-2.023514776e-12	332.9652484	22.66301101	-22.61813437	333.8436721	332.5146328
	0.009292037795	3.270348752e-05	892.6020805	-1.983239788e-12	333.0140872	22.67913546	-20.33064443	333.8057742	332.605839
	0.009457962205	3.27203948e-05	892.1377615	-1.934993645e-12	333.0570702	22.69376598	-18.1560149	333.765506	332.6894765
	0.009623237324	3.273558469e-05	891.7247019	-1.879153937e-12	333.093861	22.70678805	-16.11126522	333.7231828	332.7648908
	0.009786569648	3.274897697e-05	891.3649768	-1.816339932e-12	333.1243127	22.71813609	-14.2095561	333.6791876	332.8316766
	0.00994668088	3.276054297e-05	891.059122	-1.747402032e-12	333.1484647	22.72779281	-12.46017536	333.6339667	332.8896752
	0.01010231793	3.277030336e-05	890.8062012	-1.673403911e-12	333.1665337	22.73578709	-10.86864005	333.588023	332.9389644
	0.01025226273	3.277832459e-05	890.6039175	-1.595597808e-12	333.1788993	22.74219053	-9.436908666	333.5419075	332.9798416
	0.01039534176	3.278471383e-05	890.448765	-1.515393702e-12	333.1860848	22.74711269	-8.163693817	333.4962089	333.0127994
	0.01053043522	3.278961287e-05	890.3362151	-1.434323244e-12	333.1887336	22.75069522	-7.044862626	333.4515419	333.0384971
	0.01065648583	3.279319101e-05	890.2609314	-1.353999534e-12	333.1875826	22.75310513	-6.073909533	333.4085341	333.0577264
	0.01077250706	3.279563724e-05	890.2170056	-1.276073913e-12	333.1834324	22.75452741	-5.242484065	333.3678131	333.0713744
	0.01087759088	3.279715199e-05	890.1982072	-1.202191094e-12	333.1771164	22.75515719	-4.540954526	333.3299917	333.0803844
	0.01097091486	3.279793866e-05	890.198237	-1.133943953e-12	333.1694696	22.75519178	-3.958987632	333.2956544	333.0857151
	0.01105174858	3.279819539e-05	890.2109785	-1.072829374e-12	333.1612969	22.75482281	-3.486123821	333.2653437	333.0883018
	0.01111945936	3.279810703e-05	890.2307364	-1.020206465e-12	333.1533442	22.75422872	-3.112328318	333.2395472	333.0890176
	0.01117351709	3.279783792e-05	890.2524559	-9.772584623e-13	333.1462706	22.75356788	-2.828499156	333.2186861	333.0886396
	0.01121349816	3.279752548e-05	890.2719157	-9.449596121e-13	333.1406252	22.75297258	-2.62691564	333.2031053	333.0878177
	0.01123908652	3.279727489e-05	890.2858856	-9.240494258e-13	333.1368274	22.75254404	-2.501619926	333.1930656	333.0870497
	0.01125	3.2797156e-05	890.2922036	-9.150745555e-13	333.1351638	22.75234997	-2.449064333	333.1887676	333.0866646

	0.01125	3.280925604e-05	889.8246502	-2.949311582e-13	333.2225433	22.76671414	-4.427162631	333.3739528	333.1248246
	0.01126091348	3.280948104e-05	889.8182152	-3.010595103e-13	333.2232293	22.76691717	-4.397852155	333.3739287	333.1258319
	0.01128650184	3.281000579e-05	889.8032113	-3.153565506e-13	333.2248282	22.76739063	-4.329450433	333.3738678	333.1281818
	0.01132648291	3.281081785e-05	889.7800034	-3.374936454e-13	333.2272995	22.7681231	-4.223476369	333.3737611	333.1318206
	0.01138054064	3.281190061e-05	889.7490809	-3.670338817e-13	333.2305887	22.76909935	-4.081939009	333.373594	333.1366767
	0.01144825142	3.281323217e-05	889.7110889	-4.034008126e-13	333.2346242	22.77029926	-3.907490177	333.373348	333.1426558
	0.01152908514	3.281478585e-05	889.6668117	-4.458925183e-13	333.2393186	22.77169837	-3.703361392	333.3730007	333.1496428
	0.01162240912	3.281653096e-05	889.6171523	-4.936999682e-13	333.2445717	22.77326852	-3.473281086	333.3725273	333.1575055
	0.01172749294	3.281843358e-05	889.5631074	-5.45928201e-13	333.250273	22.7749786	-3.221379025	333.3719012	333.166097
	0.01184351417	3.282045745e-05	889.5057407	-6.016195895e-13	333.2563046	22.77679542	-2.952081278	333.3710954	333.1752607
	0.01196956478	3.282256495e-05	889.4461547	-6.597784797e-13	333.2625446	22.77868453	-2.669998905	333.3700839	333.1848334
	0.01210465824	3.282471807e-05	889.3854617	-7.193964723e-13	333.2688705	22.78061117	-2.379813657	333.3688424	333.1946499
	0.01224773727	3.282687934e-05	889.3247548	-7.794775983e-13	333.2751621	22.78254113	-2.086164046	333.3673499	333.2045468
	0.01239768207	3.282901283e-05	889.2650799	-8.39062654e-13	333.2813051	22.78444166	-1.793535066	333.3655898	333.214367
	0.01255331912	3.283108497e-05	889.20741	-8.972519854e-13	333.2871935	22.78628222	-1.506154779	333.3635506	333.2239627
	0.01271343035	3.283306538e-05	889.1526216	-9.532260677e-13	333.2927327	22.78803525	-1.227900672	333.3612273	333.2331995
	0.01287676268	3.283492753e-05	889.1014744	-1.006263296e-12	333.2978416	22.78967681	-0.9622184359	333.3586215	333.2419587
	0.01304203779	3.283664928e-05	889.0545954	-1.055754492e-12	333.3024543	22.79118703	-0.7120553835	333.3557425	333.2501402
	0.01320796221	3.283821333e-05	889.0124665	-1.101213734e-12	333.3065215	22.79255052	-0.4798102623	333.3526069	333.2576637
	0.01337323732	3.283960744e-05	888.9754175	-1.142285241e-12	333.3100114	22.79375663	-0.2673007059	333.3492394	333.2644705
	0.01353656965	3.284082453e-05	888.9436232	-1.178746159e-12	333.3129099	22.79479946	-0.07574900871	333.345672	333.2705233
	0.01369668088	3.284186263e-05	888.9171058	-1.210505223e-12	333.3152201	22.79567787	0.09421366475	333.3419439	333.2758064
	0.01385231793	3.284272465e-05	888.895742	-1.237597404e-12	333.3169617	22.79639523	0.2425251004	333.3381007	333.2803248
	0.01400226273	3.284341801e-05	888.8792737	-1.260174785e-12	333.3181698	22.79695907	0.3696529044	333.3341936	333.2841027
	0.01414534176	3.284395415e-05	888.8673239	-1.278493987e-12	333.3188925	22.79738063	0.4765399674	333.3302784	333.287181
	0.01428043522	3.284434789e-05	888.8594153	-1.292900622e-12	333.3191896	22.79767428	0.5645365389	333.326414	333.2896157
	0.01440648583	3.284461677e-05	888.8549917	-1.303811316e-12	333.3191292	22.79785683	0.635321335	333.3226615	333.2914741
	0.01452250706	3.28447802e-05	888.8534419	-1.311693903e-12	333.3187855	22.79794683	0.6908144331	333.3190822	333.292832
	0.01462759088	3.284485868e-05	888.8541245	-1.31704648e-12	333.318236	22.79796382	0.7330849436	333.3157367	333.2937701
	0.01472091486	3.284487297e-05	888.8563932	-1.320376018e-12	333.317558	22.79792746	0.7642565994	333.3126829	333.2943707
	0.01480174858	3.284484321e-05	888.8596223	-1.32217725e-12	333.3168265	22.79785687	0.7864144429	333.3099751	333.2947141
	0.01486945936	3.284478818e-05	888.8632303	-1.322912519e-12	333.3161105	22.79776979	0.8015157379	333.3076619	333.2948755
	0.01492351709	3.284472455e-05	888.8667018	-1.322993285e-12	333.3154714	22.79768199	0.8113080725	333.3057858	333.2949217
	0.01496349816	3.284466623e-05	888.8696069	-1.322763864e-12	333.3149602	22.79760661	0.8172573548	333.3043815	333.2949087
	0.01498908652	3.284462389e-05	888.8716169	-1.322487996e-12	333.3146158	22.79755371	0.8204879049	333.3034753	333.2948792
	0.015	3.284460464e-05	888.8725099	-1.3223397e-12	333.3144648	22.79753003	0.8217287294	333.303087	333.2948617
