1.0000e+00 1.0000e+00 0.0000e+00 1.3768e-03 3.7009e+00 -5.2100e+00 5.3527e-01 2.7524e+02 3.6152e+02 -1.8198e+01 -1.1577e+02 8.1273e+01 -3.9702e+00 -3.6434e-01 7.6989e+01 6.9526e-01 7.8274e+01 7.8845e+01 1.0000e+00 1.0000e+00 0.0000e+00 0.0000e+00
9.9497e-01 9.9497e-01 5.0251e-03 1.3512e-03 4.1601e+00 -5.1217e+00 4.2758e-01 2.7519e+02 3.3458e+02 -1.2230e+01 -1.0445e+02 7.9621e+01 -3.7907e+00 -4.0275e-01 7.5639e+01 6.3303e-01 7.6855e+01 7.7372e+01 9.9497e-01 9.9497e-01 5.0251e-03 8.7038e-06
9.8995e-01 9.8995e-01 1.0050e-02 1.3277e-03 4.5043e+00 -5.1003e+00 3.3646e-01 2.7514e+02 3.1041e+02 -5.5924e+00 -9.4644e+01 7.8097e+01 -3.6028e+00 -4.2503e-01 7.4390e+01 5.7993e-01 7.5545e+01 7.6011e+01 9.8995e-01 9.8995e-01 1.0050e-02 1.7408e-05
9.8492e-01 9.8492e-01 1.5075e-02 1.3065e-03 4.7054e+00 -5.1624e+00 2.6599e-01 2.7510e+02 2.8969e+02 1.8781e+00 -8.6728e+01 7.6732e+01 -3.4045e+00 -4.2720e-01 7.3266e+01 5.3819e-01 7.4369e+01 7.4789e+01 9.8492e-01 9.8492e-01 1.5075e-02 2.6111e-05
9.7990e-01 9.7990e-01 2.0101e-02 1.2906e-03 4.7357e+00 -5.2814e+00 2.2361e-01 2.7507e+02 2.7564e+02 8.3015e+00 -8.1243e+01 7.5707e+01 -3.2210e+00 -4.1688e-01 7.2414e+01 5.0940e-01 7.3484e+01 7.3868e+01 9.7990e-01 9.7990e-01 2.0101e-02 3.4815e-05
9.7487e-01 9.7487e-01 2.5126e-02 1.2763e-03 4.6550e+00 -5.4482e+00 1.9084e-01 2.7503e+02 2.6493e+02 1.4777e+01 -7.6702e+01 7.4790e+01 -3.0333e+00 -4.0287e-01 7.1638e+01 4.8470e-01 7.2688e+01 7.3039e+01 9.7487e-01 9.7487e-01 2.5126e-02 4.3519e-05
9.6985e-01 9.6985e-01 3.0151e-02 1.2638e-03 4.3964e+00 -5.6957e+00 1.7024e-01 2.7500e+02 2.5919e+02 2.1609e+01 -7.3438e+01 7.4004e+01 -2.8337e+00 -3.8463e-01 7.0949e+01 4.6492e-01 7.1998e+01 7.2317e+01 9.6985e-01 9.6985e-01 3.0151e-02 5.2223e-05
9.6482e-01 9.6482e-01 3.5176e-02 1.2540e-03 4.0947e+00 -5.9305e+00 1.5607e-01 2.7498e+02 2.5641e+02 2.6839e+01 -7.0855e+01 7.3393e+01 -2.6570e+00 -3.7005e-01 7.0400e+01 4.4779e-01 7.1457e+01 7.1750e+01 9.6482e-01 9.6482e-01 3.5176e-02 6.0926e-05
9.5980e-01 9.5980e-01 4.0201e-02 1.2454e-03 3.7314e+00 -6.1817e+00 1.4538e-01 2.7496e+02 2.5585e+02 3.1642e+01 -6.8685e+01 7.2859e+01 -2.4838e+00 -3.5745e-01 6.9908e+01 4.3181e-01 7.0981e+01 7.1249e+01 9.5980e-01 9.5980e-01 4.0201e-02 6.9630e-05
9.5477e-01 9.5477e-01 4.5226e-02 1.2381e-03 3.1991e+00 -6.5009e+00 1.4039e-01 2.7494e+02 2.6007e+02 3.6520e+01 -6.7276e+01 7.2425e+01 -2.3005e+00 -3.4803e-01 6.9471e+01 4.1724e-01 7.0581e+01 7.0826e+01 9.5477e-01 9.5477e-01 4.5226e-02 7.8334e-05
9.4975e-01 9.4975e-01 5.0251e-02 1.2319e-03 2.7419e+00 -6.7617e+00 1.3310e-01 2.7493e+02 2.6323e+02 3.9908e+01 -6.5731e+01 7.2058e+01 -2.1453e+00 -3.4146e-01 6.9106e+01 4.0279e-01 7.0244e+01 7.0469e+01 9.4975e-01 9.4975e-01 5.0251e-02 8.7038e-05
9.4472e-01 9.4472e-01 5.5276e-02 1.2264e-03 2.3035e+00 -7.0010e+00 1.2501e-01 2.7491e+02 2.6636e+02 4.2575e+01 -6.4177e+01 7.1733e+01 -2.0027e+00 -3.3686e-01 6.8780e+01 3.8843e-01 6.9944e+01 7.0153e+01 9.4472e-01 9.4472e-01 5.5276e-02 9.5742e-05
9.3970e-01 9.3970e-01 6.0302e-02 1.2218e-03 1.7295e+00 -7.2931e+00 1.1934e-01 2.7491e+02 2.7305e+02 4.5290e+01 -6.3047e+01 7.1478e+01 -1.8524e+00 -3.3659e-01 6.8489e+01 3.7426e-01 6.9695e+01 6.9887e+01 9.3970e-01 9.3970e-01 6.0302e-02 1.0445e-04
9.3467e-01 9.3467e-01 6.5327e-02 1.2175e-03 1.2982e+00 -7.5091e+00 1.1015e-01 2.7490e+02 2.7623e+02 4.6950e+01 -6.1546e+01 7.1231e+01 -1.7291e+00 -3.3456e-01 6.8234e+01 3.6039e-01 6.9462e+01 6.9642e+01 9.3467e-01 9.3467e-01 6.5327e-02 1.1315e-04
9.2965e-01 9.2965e-01 7.0352e-02 1.2135e-03 9.7703e-01 -7.6661e+00 9.8254e-02 2.7490e+02 2.7670e+02 4.7791e+01 -5.9761e+01 7.0990e+01 -1.6266e+00 -3.3118e-01 6.8005e+01 3.4676e-01 6.9242e+01 6.9412e+01 9.2965e-01 9.2965e-01 7.0352e-02 1.2185e-04
9.2462e-01 9.2462e-01 7.5377e-02 1.2101e-03 5.5319e-01 -7.8668e+00 8.8709e-02 2.7490e+02 2.7952e+02 4.8903e+01 -5.8270e+01 7.0795e+01 -1.5161e+00 -3.3052e-01 6.7798e+01 3.3329e-01 6.9053e+01 6.9215e+01 9.2462e-01 9.2462e-01 7.5377e-02 1.3056e-04
9.1960e-01 9.1960e-01 8.0402e-02 1.2066e-03 2.8075e-01 -7.9972e+00 7.7546e-02 2.7490e+02 2.7837e+02 4.9448e+01 -5.6472e+01 7.0582e+01 -1.4260e+00 -3.2566e-01 6.7608e+01 3.2050e-01 6.8860e+01 6.9017e+01 9.1960e-01 9.1960e-01 8.0402e-02 1.3926e-04
9.1457e-01 9.1457e-01 8.5427e-02 1.2032e-03 1.9102e-01 -8.0429e+00 6.4430e-02 2.7489e+02 2.7242e+02 4.9310e+01 -5.4303e+01 7.0350e+01 -1.3606e+00 -3.1575e-01 6.7437e+01 3.0852e-01 6.8662e+01 6.8816e+01 9.1457e-01 9.1457e-01 8.5427e-02 1.4796e-04
9.0955e-01 9.0955e-01 9.0452e-02 1.2000e-03 2.4131e-02 -8.1270e+00 5.4745e-02 2.7489e+02 2.6815e+02 4.9703e+01 -5.2408e+01 7.0143e+01 -1.2843e+00 -3.0730e-01 6.7275e+01 2.9675e-01 6.8482e+01 6.8634e+01 9.0955e-01 9.0955e-01 9.0452e-02 1.5667e-04
9.0452e-01 9.0452e-01 9.5477e-02 1.1967e-03 -3.5583e-02 -8.1658e+00 4.5677e-02 2.7488e+02 2.6116e+02 4.9956e+01 -5.0383e+01 6.9921e+01 -1.2181e+00 -2.9551e-01 6.7122e+01 2.8558e-01 6.8297e+01 6.8447e+01 9.0452e-01 9.0452e-01 9.5477e-02 1.6537e-04
8.9950e-01 8.9950e-01 1.0050e-01 1.1933e-03 1.2597e-01 -8.1102e+00 3.7044e-02 2.7487e+02 2.4860e+02 4.9824e+01 -4.8050e+01 6.9664e+01 -1.1738e+00 -2.7702e-01 6.6983e+01 2.7550e-01 6.8098e+01 6.8248e+01 8.9950e-01 8.9950e-01 1.0050e-01 1.7408e-04
8.9447e-01 8.9447e-01 1.0553e-01 1.1902e-03 2.0469e-01 -8.0978e+00 3.1782e-02 2.7485e+02 2.3820e+02 5.0357e+01 -4.6005e+01 6.9430e+01 -1.1140e+00 -2.6078e-01 6.6848e+01 2.6541e-01 6.7914e+01 6.8064e+01 8.9447e-01 8.9447e-01 1.0553e-01 1.8278e-04
8.8945e-01 8.8945e-01 1.1055e-01 1.1870e-03 3.2365e-01 -8.0719e+00 2.7878e-02 2.7483e+02 2.2708e+02 5.1031e+01 -4.3979e+01 6.9193e+01 -1.0536e+00 -2.4369e-01 6.6717e+01 2.5560e-01 6.7732e+01 6.7881e+01 8.8945e-01 8.8945e-01 1.1055e-01 1.9148e-04
8.8442e-01 8.8442e-01 1.1558e-01 1.1838e-03 6.4644e-01 -7.9635e+00 2.5463e-02 2.7480e+02 2.1175e+02 5.1589e+01 -4.1766e+01 6.8928e+01 -1.0052e+00 -2.2181e-01 6.6599e+01 2.4668e-01 6.7542e+01 6.7690e+01 8.8442e-01 8.8442e-01 1.1558e-01 2.0019e-04
8.7940e-01 8.7940e-01 1.2060e-01 1.1810e-03 8.6603e-01 -7.9067e+00 2.3409e-02 2.7477e+02 1.9955e+02 5.2714e+01 -3.9771e+01 6.8695e+01 -9.3791e-01 -2.0324e-01 6.6486e+01 2.3778e-01 6.7373e+01 6.7518e+01 8.7940e-01 8.7940e-01 1.2060e-01 2.0889e-04
8.7437e-01 8.7437e-01 1.2563e-01 1.1788e-03 5.0665e-01 -7.8750e+00 3.5604e-02 2.7467e+02 1.9671e+02 4.5810e+01 -4.0183e+01 6.8494e+01 -9.3794e-01 -1.9278e-01 6.6354e+01 2.3940e-01 6.7264e+01 6.7371e+01 8.7437e-01 8.7437e-01 1.2563e-01 2.1759e-04
8.6935e-01 8.6935e-01 1.3065e-01 1.1764e-03 5.0139e-01 -7.8421e+00 3.8772e-02 2.7464e+02 1.9168e+02 4.5104e+01 -3.8859e+01 6.8305e+01 -9.3207e-01 -1.8478e-01 6.6253e+01 2.3326e-01 6.7126e+01 6.7228e+01 8.6935e-01 8.6935e-01 1.3065e-01 2.2630e-04
8.6432e-01 8.6432e-01 1.3568e-01 1.1741e-03 4.7010e-01 -7.8187e+00 4.1484e-02 2.7462e+02 1.8708e+02 4.4476e+01 -3.7605e+01 6.8123e+01 -9.2192e-01 -1.7675e-01 6.6154e+01 2.2723e-01 6.6993e+01 6.7090e+01 8.6432e-01 8.6432e-01 1.3568e-01 2.3500e-04
8.5930e-01 8.5930e-01 1.4070e-01 1.1719e-03 4.1906e-01 -7.8025e+00 4.3842e-02 2.7459e+02 1.8282e+02 4.3907e+01 -3.6404e+01 6.7946e+01 -9.0849e-01 -1.6870e-01 6.6058e+01 2.2128e-01 6.6863e+01 6.6956e+01 8.5930e-01 8.5930e-01 1.4070e-01 2.4371e-04
8.5427e-01 8.5427e-01 1.4573e-01 1.1699e-03 3.5868e-01 -7.7815e+00 4.5518e-02 2.7456e+02 1.7901e+02 4.3337e+01 -3.5281e+01 6.7784e+01 -8.9191e-01 -1.6122e-01 6.5970e+01 2.1541e-01 6.6745e+01 6.6833e+01 8.5427e-01 8.5427e-01 1.4573e-01 2.5241e-04
8.4925e-01 8.4925e-01 1.5075e-01 1.1679e-03 2.8006e-01 -7.7665e+00 4.7029e-02 2.7454e+02 1.7549e+02 4.2807e+01 -3.4205e+01 6.7627e+01 -8.7258e-01 -1.5382e-01 6.5885e+01 2.0957e-01 6.6630e+01 6.6714e+01 8.4925e-01 8.4925e-01 1.5075e-01 2.6111e-04
8.4422e-01 8.4422e-01 1.5578e-01 1.1660e-03 1.8011e-01 -7.7585e+00 4.8346e-02 2.7451e+02 1.7231e+02 4.2322e+01 -3.3182e+01 6.7476e+01 -8.5005e-01 -1.4652e-01 6.5802e+01 2.0377e-01 6.6519e+01 6.6599e+01 8.4422e-01 8.4422e-01 1.5578e-01 2.6982e-04
8.3920e-01 8.3920e-01 1.6080e-01 1.1642e-03 8.3690e-02 -7.7398e+00 4.9376e-02 2.7449e+02 1.6930e+02 4.1770e+01 -3.2200e+01 6.7334e+01 -8.2733e-01 -1.3976e-01 6.5726e+01 1.9800e-01 6.6416e+01 6.6492e+01 8.3920e-01 8.3920e-01 1.6080e-01 2.7852e-04
8.3417e-01 8.3417e-01 1.6583e-01 1.1625e-03 -2.4349e-02 -7.7236e+00 5.0318e-02 2.7447e+02 1.6649e+02 4.1227e+01 -3.1251e+01 6.7197e+01 -8.0296e-01 -1.3316e-01 6.5653e+01 1.9225e-01 6.6316e+01 6.6389e+01 8.3417e-01 8.3417e-01 1.6583e-01 2.8722e-04
8.2915e-01 8.2915e-01 1.7085e-01 1.1608e-03 -1.5450e-01 -7.7138e+00 5.1152e-02 2.7445e+02 1.6402e+02 4.0716e+01 -3.0353e+01 6.7065e+01 -7.7558e-01 -1.2676e-01 6.5581e+01 1.8652e-01 6.6220e+01 6.6289e+01 8.2915e-01 8.2915e-01 1.7085e-01 2.9593e-04
8.2412e-01 8.2412e-01 1.7588e-01 1.1593e-03 -2.7233e-01 -7.6901e+00 5.1819e-02 2.7442e+02 1.6151e+02 4.0111e+01 -2.9468e+01 6.6940e+01 -7.4994e-01 -1.2073e-01 6.5514e+01 1.8085e-01 6.6129e+01 6.6194e+01 8.2412e-01 8.2412e-01 1.7588e-01 3.0463e-04
8.1910e-01 8.1910e-01 1.8090e-01 1.1578e-03 -3.9415e-01 -7.6647e+00 5.2418e-02 2.7440e+02 1.5909e+02 3.9489e+01 -2.8601e+01 6.6817e+01 -7.2385e-01 -1.1488e-01 6.5450e+01 1.7521e-01 6.6040e+01 6.6103e+01 8.1910e-01 8.1910e-01 1.8090e-01 3.1334e-04
8.1407e-01 8.1407e-01 1.8593e-01 1.1563e-03 -5.3829e-01 -7.6450e+00 5.2939e-02 2.7438e+02 1.5700e+02 3.8887e+01 -2.7783e+01 6.6701e+01 -6.9502e-01 -1.0928e-01 6.5387e+01 1.6961e-01 6.5955e+01 6.6014e+01 8.1407e-01 8.1407e-01 1.8593e-01 3.2204e-04
8.0905e-01 8.0905e-01 1.9095e-01 1.1549e-03 -6.6531e-01 -7.6105e+00 5.3311e-02 2.7436e+02 1.5475e+02 3.8195e+01 -2.6960e+01 6.6587e+01 -6.6886e-01 -1.0388e-01 6.5329e+01 1.6410e-01 6.5873e+01 6.5930e+01 8.0905e-01 8.0905e-01 1.9095e-01 3.3074e-04
8.0402e-01 8.0402e-01 1.9598e-01 1.1535e-03 -7.8799e-01 -7.5701e+00 5.3605e-02 2.7434e+02 1.5247e+02 3.7463e+01 -2.6142e+01 6.6475e+01 -6.4353e-01 -9.8606e-02 6.5273e+01 1.5865e-01 6.5794e+01 6.5847e+01 8.0402e-01 8.0402e-01 1.9598e-01 3.3945e-04
7.9899e-01 7.9899e-01 2.0101e-01 1.1522e-03 -9.3304e-01 -7.5348e+00 5.3822e-02 2.7432e+02 1.5051e+02 3.6752e+01 -2.5369e+01 6.6369e+01 -6.1562e-01 -9.3608e-02 6.5218e+01 1.5326e-01 6.5717e+01 6.5768e+01 7.9899e-01 7.9899e-01 2.0101e-01 3.4815e-04
7.9397e-01 7.9397e-01 2.0603e-01 1.1510e-03 -1.0596e+00 -7.4856e+00 5.3898e-02 2.7430e+02 1.4835e+02 3.5970e+01 -2.4585e+01 6.6265e+01 -5.9054e-01 -8.8670e-02 6.5166e+01 1.4798e-01 6.5643e+01 6.5691e+01 7.9397e-01 7.9397e-01 2.0603e-01 3.5685e-04
7.8894e-01 7.8894e-01 2.1106e-01 1.1497e-03 -1.1733e+00 -7.4263e+00 5.3870e-02 2.7428e+02 1.4605e+02 3.5138e+01 -2.3793e+01 6.6161e+01 -5.6748e-01 -8.3781e-02 6.5116e+01 1.4278e-01 6.5569e+01 6.5616e+01 7.8894e-01 7.8894e-01 2.1106e-01 3.6556e-04
7.8392e-01 7.8392e-01 2.1608e-01 1.1485e-03 -1.3096e+00 -7.3719e+00 5.3768e-02 2.7427e+02 1.4406e+02 3.4335e+01 -2.3045e+01 6.6063e+01 -5.4181e-01 -7.9175e-02 6.5068e+01 1.3766e-01 6.5499e+01 6.5543e+01 7.8392e-01 7.8392e-01 2.1608e-01 3.7426e-04
7.7889e-01 7.7889e-01 2.2111e-01 1.1474e-03 -1.4289e+00 -7.3059e+00 5.3544e-02 2.7425e+02 1.4189e+02 3.3493e+01 -2.2285e+01 6.5965e+01 -5.1857e-01 -7.4540e-02 6.5022e+01 1.3265e-01 6.5430e+01 6.5472e+01 7.7889e-01 7.7889e-01 2.2111e-01 3.8297e-04
7.7387e-01 7.7387e-01 2.2613e-01 1.1462e-03 -1.5288e+00 -7.2267e+00 5.3182e-02 2.7423e+02 1.3949e+02 3.2605e+01 -2.1511e+01 6.5867e+01 -4.9810e-01 -6.9873e-02 6.4978e+01 1.2776e-01 6.5362e+01 6.5402e+01 7.7387e-01 7.7387e-01 2.2613e-01 3.9167e-04
7.6884e-01 7.6884e-01 2.3116e-01 1.1451e-03 -1.6487e+00 -7.1520e+00 5.2760e-02 2.7421e+02 1.3739e+02 3.1763e+01 -2.0776e+01 6.5774e+01 -4.7514e-01 -6.5455e-02 6.4935e+01 1.2293e-01 6.5297e+01 6.5335e+01 7.6884e-01 7.6884e-01 2.3116e-01 4.0037e-04
7.6382e-01 7.6382e-01 2.3618e-01 1.1441e-03 -1.7567e+00 -7.0690e+00 5.2228e-02 2.7419e+02 1.3518e+02 3.0914e+01 -2.0035e+01 6.5681e+01 -4.5366e-01 -6.0994e-02 6.4894e+01 1.1820e-01 6.5232e+01 6.5269e+01 7.6382e-01 7.6382e-01 2.3618e-01 4.0908e-04
7.5879e-01 7.5879e-01 2.4121e-01 1.1430e-03 -1.8400e+00 -6.9705e+00 5.1509e-02 2.7417e+02 1.3271e+02 3.0045e+01 -1.9275e+01 6.5589e+01 -4.3523e-01 -5.6414e-02 6.4855e+01 1.1362e-01 6.5168e+01 6.5204e+01 7.5879e-01 7.5879e-01 2.4121e-01 4.1778e-04
7.5377e-01 7.5377e-01 2.4623e-01 1.1420e-03 -1.9410e+00 -6.8766e+00 5.0715e-02 2.7415e+02 1.3051e+02 2.9239e+01 -1.8549e+01 6.5499e+01 -4.1430e-01 -5.2046e-02 6.4816e+01 1.0910e-01 6.5107e+01 6.5141e+01 7.5377e-01 7.5377e-01 2.4623e-01 4.2648e-04
7.4874e-01 7.4874e-01 2.5126e-01 1.1410e-03 -2.1482e+00 -6.8187e+00 4.9405e-02 2.7412e+02 1.2886e+02 2.8146e+01 -1.7916e+01 6.5418e+01 -3.8802e-01 -4.8095e-02 6.4775e+01 1.0493e-01 6.5050e+01 6.5081e+01 7.4874e-01 7.4874e-01 2.5126e-01 4.3519e-04
7.4372e-01 7.4372e-01 2.5628e-01 1.1400e-03 -2.2435e+00 -6.7113e+00 4.9444e-02 2.7410e+02 1.2672e+02 2.7118e+01 -1.7270e+01 6.5330e+01 -3.7382e-01 -4.4289e-02 6.4736e+01 1.0084e-01 6.4989e+01 6.5018e+01 7.4372e-01 7.4372e-01 2.5628e-01 4.4389e-04
7.3869e-01 7.3869e-01 2.6131e-01 1.1390e-03 -2.3506e+00 -6.6058e+00 4.9337e-02 2.7408e+02 1.2471e+02 2.6100e+01 -1.6643e+01 6.5245e+01 -3.5812e-01 -4.0597e-02 6.4698e+01 9.6814e-02 6.4930e+01 6.4958e+01 7.3869e-01 7.3869e-01 2.6131e-01 4.5260e-04
7.3367e-01 7.3367e-01 2.6633e-01 1.1381e-03 -2.4627e+00 -6.5001e+00 4.9112e-02 2.7406e+02 1.2277e+02 2.5083e+01 -1.6027e+01 6.5162e+01 -3.4175e-01 -3.6999e-02 6.4661e+01 9.2824e-02 6.4872e+01 6.4898e+01 7.3367e-01 7.3367e-01 2.6633e-01 4.6130e-04
7.2864e-01 7.2864e-01 2.7136e-01 1.1372e-03 -2.5735e+00 -6.3882e+00 4.8546e-02 2.7404e+02 1.2095e+02 2.4053e+01 -1.5430e+01 6.5083e+01 -3.2537e-01 -3.3670e-02 6.4625e+01 8.8900e-02 6.4817e+01 6.4842e+01 7.2864e-01 7.2864e-01 2.7136e-01 4.7000e-04
7.2362e-01 7.2362e-01 2.7638e-01 1.1363e-03 -2.6930e+00 -6.2775e+00 4.7905e-02 2.7403e+02 1.1922e+02 2.3030e+01 -1.4847e+01 6.5006e+01 -3.0788e-01 -3.0447e-02 6.4589e+01 8.5032e-02 6.4763e+01 6.4786e+01 7.2362e-01 7.2362e-01 2.7638e-01 4.7871e-04
7.1859e-01 7.1859e-01 2.8141e-01 1.1354e-03 -2.8186e+00 -6.1674e+00 4.7203e-02 2.7401e+02 1.1756e+02 2.2013e+01 -1.4276e+01 6.4931e+01 -2.8962e-01 -2.7308e-02 6.4555e+01 8.1206e-02 6.4710e+01 6.4732e+01 7.1859e-01 7.1859e-01 2.8141e-01 4.8741e-04
7.1357e-01 7.1357e-01 2.8643e-01 1.1346e-03 -2.9386e+00 -6.0494e+00 4.6217e-02 2.7399e+02 1.1597e+02 2.0982e+01 -1.3723e+01 6.4860e+01 -2.7186e-01 -2.4444e-02 6.4521e+01 7.7475e-02 6.4660e+01 6.4680e+01 7.1357e-01 7.1357e-01 2.8643e-01 4.9612e-04
7.0854e-01 7.0854e-01 2.9146e-01 1.1338e-03 -3.0647e+00 -5.9321e+00 4.5198e-02 2.7397e+02 1.1445e+02 1.9957e+01 -1.3182e+01 6.4791e+01 -2.5331e-01 -2.1670e-02 6.4488e+01 7.3795e-02 6.4611e+01 6.4630e+01 7.0854e-01 7.0854e-01 2.9146e-01 5.0482e-04
7.0352e-01 7.0352e-01 2.9648e-01 1.1330e-03 -3.1978e+00 -5.8157e+00 4.4142e-02 2.7395e+02 1.1300e+02 1.8940e+01 -1.2653e+01 6.4723e+01 -2.3390e-01 -1.8995e-02 6.4455e+01 7.0169e-02 6.4562e+01 6.4580e+01 7.0352e-01 7.0352e-01 2.9648e-01 5.1352e-04
6.9849e-01 6.9849e-01 3.0151e-01 1.1322e-03 -3.3218e+00 -5.6910e+00 4.2887e-02 2.7393e+02 1.1158e+02 1.7913e+01 -1.2139e+01 6.4659e+01 -2.1539e-01 -1.6546e-02 6.4424e+01 6.6653e-02 6.4516e+01 6.4533e+01 6.9849e-01 6.9849e-01 3.0151e-01 5.2223e-04
6.9347e-01 6.9347e-01 3.0653e-01 1.1315e-03 -3.4493e+00 -5.5662e+00 4.1605e-02 2.7392e+02 1.1020e+02 1.6891e+01 -1.1634e+01 6.4596e+01 -1.9642e-01 -1.4185e-02 6.4392e+01 6.3189e-02 6.4470e+01 6.4486e+01 6.9347e-01 6.9347e-01 3.0653e-01 5.3093e-04
6.8844e-01 6.8844e-01 3.1156e-01 1.1307e-03 -3.5840e+00 -5.4422e+00 4.0303e-02 2.7390e+02 1.0889e+02 1.5879e+01 -1.1143e+01 6.4535e+01 -1.7653e-01 -1.1944e-02 6.4361e+01 5.9797e-02 6.4426e+01 6.4441e+01 6.8844e-01 6.8844e-01 3.1156e-01 5.3963e-04
6.8342e-01 6.8342e-01 3.1658e-01 1.1300e-03 -3.7080e+00 -5.3107e+00 3.8871e-02 2.7388e+02 1.0757e+02 1.4862e+01 -1.0664e+01 6.4477e+01 -1.5774e-01 -9.8671e-03 6.4331e+01 5.6517e-02 6.4383e+01 6.4397e+01 6.8342e-01 6.8342e-01 3.1658e-01 5.4834e-04
6.7839e-01 6.7839e-01 3.2161e-01 1.1294e-03 -3.8320e+00 -5.1777e+00 3.7408e-02 2.7386e+02 1.0627e+02 1.3849e+01 -1.0193e+01 6.4419e+01 -1.3887e-01 -7.8759e-03 6.4301e+01 5.3294e-02 6.4340e+01 6.4354e+01 6.7839e-01 6.7839e-01 3.2161e-01 5.5704e-04
6.7337e-01 6.7337e-01 3.2663e-01 1.1287e-03 -3.9634e+00 -5.0457e+00 3.5946e-02 2.7384e+02 1.0504e+02 1.2850e+01 -9.7369e+00 6.4364e+01 -1.1904e-01 -6.0203e-03 6.4272e+01 5.0162e-02 6.4299e+01 6.4312e+01 6.7337e-01 6.7337e-01 3.2663e-01 5.6575e-04
6.6834e-01 6.6834e-01 3.3166e-01 1.1281e-03 -4.0833e+00 -4.9071e+00 3.4399e-02 2.7383e+02 1.0378e+02 1.1851e+01 -9.2898e+00 6.4311e+01 -1.0038e-01 -4.2785e-03 6.4243e+01 4.7136e-02 6.4259e+01 6.4271e+01 6.6834e-01 6.6834e-01 3.3166e-01 5.7445e-04
6.6332e-01 6.6332e-01 3.3668e-01 1.1274e-03 -4.1997e+00 -4.7660e+00 3.2821e-02 2.7381e+02 1.0251e+02 1.0855e+01 -8.8494e+00 6.4259e+01 -8.2027e-02 -2.6110e-03 6.4214e+01 4.4174e-02 6.4220e+01 6.4231e+01 6.6332e-01 6.6332e-01 3.3668e-01 5.8315e-04
6.5829e-01 6.5829e-01 3.4171e-01 1.1268e-03 -4.3234e+00 -4.6259e+00 3.1260e-02 2.7379e+02 1.0131e+02 9.8766e+00 -8.4256e+00 6.4209e+01 -6.2680e-02 -1.0935e-03 6.4186e+01 4.1322e-02 6.4182e+01 6.4192e+01 6.5829e-01 6.5829e-01 3.4171e-01 5.9186e-04
6.5327e-01 6.5327e-01 3.4673e-01 1.1262e-03 -4.4359e+00 -4.4805e+00 2.9646e-02 2.7378e+02 1.0006e+02 8.9030e+00 -8.0086e+00 6.4161e+01 -4.4443e-02 3.5006e-04 6.4158e+01 3.8566e-02 6.4144e+01 6.4154e+01 6.5327e-01 6.5327e-01 3.4673e-01 6.0056e-04
6.4824e-01 6.4824e-01 3.5176e-01 1.1256e-03 -4.5410e+00 -4.3315e+00 2.7998e-02 2.7376e+02 9.8780e+01 7.9335e+00 -7.5968e+00 6.4113e+01 -2.6921e-02 1.7363e-03 6.4130e+01 3.5879e-02 6.4108e+01 6.4117e+01 6.4824e-01 6.4824e-01 3.5176e-01 6.0926e-04
6.4322e-01 6.4322e-01 3.5678e-01 1.1251e-03 -4.6534e+00 -4.1840e+00 2.6384e-02 2.7374e+02 9.7560e+01 6.9868e+00 -7.2031e+00 6.4068e+01 -8.3519e-03 2.9593e-03 6.4103e+01 3.3320e-02 6.4072e+01 6.4081e+01 6.4322e-01 6.4322e-01 3.5678e-01 6.1797e-04
6.3819e-01 6.3819e-01 3.6181e-01 1.1245e-03 -4.7556e+00 -4.0323e+00 2.4739e-02 2.7373e+02 9.6290e+01 6.0473e+00 -6.8146e+00 6.4024e+01 9.2491e-03 4.1366e-03 6.4075e+01 3.0842e-02 6.4037e+01 6.4046e+01 6.3819e-01 6.3819e-01 3.6181e-01 6.2667e-04
6.3317e-01 6.3317e-01 3.6683e-01 1.1240e-03 -4.8471e+00 -3.8764e+00 2.3061e-02 2.7371e+02 9.4967e+01 5.1154e+00 -6.4315e+00 6.3981e+01 2.5819e-02 5.2655e-03 6.4048e+01 2.8448e-02 6.4003e+01 6.4011e+01 6.3317e-01 6.3317e-01 3.6683e-01 6.3538e-04
6.2814e-01 6.2814e-01 3.7186e-01 1.1234e-03 -4.9447e+00 -3.7222e+00 2.1425e-02 2.7369e+02 9.3693e+01 4.2086e+00 -6.0654e+00 6.3941e+01 4.3365e-02 6.2404e-03 6.4021e+01 2.6180e-02 6.3969e+01 6.3977e+01 6.2814e-01 6.2814e-01 3.7186e-01 6.4408e-04
6.2312e-01 6.2312e-01 3.7688e-01 1.1229e-03 -5.0796e+00 -3.5801e+00 1.9940e-02 2.7367e+02 9.2665e+01 3.3297e+00 -5.7172e+00 6.3901e+01 6.3990e-02 7.0384e-03 6.3993e+01 2.4004e-02 6.3937e+01 6.3943e+01 6.2312e-01 6.2312e-01 3.7688e-01 6.5278e-04
6.1809e-01 6.1809e-01 3.8191e-01 1.1224e-03 -5.1628e+00 -3.4202e+00 1.8370e-02 2.7366e+02 9.1448e+01 2.3664e+00 -5.3630e+00 6.3862e+01 7.8270e-02 7.8718e-03 6.3965e+01 2.1936e-02 6.3904e+01 6.3910e+01 6.1809e-01 6.1809e-01 3.8191e-01 6.6149e-04
6.1307e-01 6.1307e-01 3.8693e-01 1.1219e-03 -5.2503e+00 -3.2618e+00 1.6821e-02 2.7364e+02 9.0270e+01 1.4255e+00 -5.0237e+00 6.3824e+01 9.3197e-02 8.5846e-03 6.3937e+01 1.9978e-02 6.3872e+01 6.3877e+01 6.1307e-01 6.1307e-01 3.8693e-01 6.7019e-04
6.0804e-01 6.0804e-01 3.9196e-01 1.1214e-03 -5.3364e+00 -3.1033e+00 1.5281e-02 2.7362e+02 8.9107e+01 4.9303e-01 -4.6921e+00 6.3788e+01 1.0810e-01 9.2202e-03 6.3909e+01 1.8080e-02 6.3840e+01 6.3846e+01 6.0804e-01 6.0804e-01 3.9196e-01 6.7889e-04
6.0302e-01 6.0302e-01 3.9698e-01 1.1210e-03 -5.4163e+00 -2.9437e+00 1.3753e-02 2.7361e+02 8.7962e+01 -4.2972e-01 -4.3727e+00 6.3754e+01 1.2256e-01 9.7155e-03 6.3881e+01 1.6278e-02 6.3810e+01 6.3815e+01 6.0302e-01 6.0302e-01 3.9698e-01 6.8760e-04
5.9799e-01 5.9799e-01 4.0201e-01 1.1205e-03 -5.4992e+00 -2.7855e+00 1.2255e-02 2.7359e+02 8.6844e+01 -1.3320e+00 -4.0656e+00 6.3722e+01 1.3748e-01 1.0107e-02 6.3853e+01 1.4574e-02 6.3780e+01 6.3785e+01 5.9799e-01 5.9799e-01 4.0201e-01 6.9630e-04
5.9296e-01 5.9296e-01 4.0704e-01 1.1200e-03 -5.5817e+00 -2.6277e+00 1.0776e-02 2.7357e+02 8.5738e+01 -2.2234e+00 -3.7662e+00 6.3690e+01 1.5246e-01 1.0428e-02 6.3825e+01 1.2931e-02 6.3751e+01 6.3756e+01 5.9296e-01 5.9296e-01 4.0704e-01 7.0501e-04
5.8794e-01 5.8794e-01 4.1206e-01 1.1196e-03 -5.6553e+00 -2.4691e+00 9.3315e-03 2.7356e+02 8.4639e+01 -3.1010e+00 -3.4801e+00 6.3661e+01 1.6668e-01 1.0600e-02 6.3798e+01 1.1404e-02 6.3723e+01 6.3727e+01 5.8794e-01 5.8794e-01 4.1206e-01 7.1371e-04
5.8291e-01 5.8291e-01 4.1709e-01 1.1192e-03 -5.7309e+00 -2.3118e+00 7.9196e-03 2.7354e+02 8.3559e+01 -3.9605e+00 -3.2041e+00 6.3633e+01 1.8123e-01 1.0686e-02 6.3770e+01 9.9604e-03 6.3696e+01 6.3700e+01 5.8291e-01 5.8291e-01 4.1709e-01 7.2241e-04
5.7789e-01 5.7789e-01 4.2211e-01 1.1188e-03 -5.8073e+00 -2.1553e+00 6.5320e-03 2.7353e+02 8.2491e+01 -4.8069e+00 -2.9355e+00 6.3606e+01 1.9592e-01 1.0709e-02 6.3743e+01 8.5789e-03 6.3669e+01 6.3673e+01 5.7789e-01 5.7789e-01 4.2211e-01 7.3112e-04
5.7286e-01 5.7286e-01 4.2714e-01 1.1184e-03 -5.8721e+00 -1.9984e+00 5.2038e-03 2.7351e+02 8.1417e+01 -5.6350e+00 -2.6814e+00 6.3581e+01 2.0954e-01 1.0581e-02 6.3716e+01 7.3322e-03 6.3644e+01 6.3647e+01 5.7286e-01 5.7286e-01 4.2714e-01 7.3982e-04
5.6784e-01 5.6784e-01 4.3216e-01 1.1180e-03 -5.9380e+00 -1.8428e+00 3.9063e-03 2.7350e+02 8.0357e+01 -6.4475e+00 -2.4353e+00 6.3558e+01 2.2336e-01 1.0386e-02 6.3688e+01 6.1540e-03 6.3618e+01 6.3621e+01 5.6784e-01 5.6784e-01 4.3216e-01 7.4852e-04
5.6281e-01 5.6281e-01 4.3719e-01 1.1176e-03 -6.0053e+00 -1.6884e+00 2.6404e-03 2.7348e+02 7.9309e+01 -7.2438e+00 -2.1974e+00 6.3535e+01 2.3739e-01 1.0121e-02 6.3661e+01 5.0463e-03 6.3594e+01 6.3597e+01 5.6281e-01 5.6281e-01 4.3719e-01 7.5723e-04
5.5779e-01 5.5779e-01 4.4221e-01 1.1173e-03 -6.0596e+00 -1.5341e+00 1.4484e-03 2.7347e+02 7.8245e+01 -8.0196e+00 -1.9732e+00 6.3514e+01 2.5014e-01 9.7299e-03 6.3634e+01 4.0728e-03 6.3570e+01 6.3573e+01 5.5779e-01 5.5779e-01 4.4221e-01 7.6593e-04
5.5276e-01 5.5276e-01 4.4724e-01 1.1169e-03 -6.1138e+00 -1.3810e+00 2.8764e-04 2.7345e+02 7.7188e+01 -8.7814e+00 -1.7558e+00 6.3494e+01 2.6293e-01 9.2811e-03 6.3607e+01 3.1610e-03 6.3547e+01 6.3549e+01 5.5276e-01 5.5276e-01 4.4724e-01 7.7464e-04
5.4774e-01 5.4774e-01 4.5226e-01 1.1166e-03 -6.1691e+00 -1.2296e+00 -8.3057e-04 2.7344e+02 7.6145e+01 -9.5228e+00 -1.5480e+00 6.3475e+01 2.7590e-01 8.7536e-03 6.3580e+01 2.3343e-03 6.3524e+01 6.3526e+01 5.4774e-01 5.4774e-01 4.5226e-01 7.8334e-04
5.4271e-01 5.4271e-01 4.5729e-01 1.1163e-03 -6.2119e+00 -1.0790e+00 -1.8720e-03 2.7342e+02 7.5080e+01 -1.0244e+01 -1.3519e+00 6.3458e+01 2.8758e-01 8.1333e-03 6.3553e+01 1.6253e-03 6.3502e+01 6.3504e+01 5.4271e-01 5.4271e-01 4.5729e-01 7.9204e-04
5.3769e-01 5.3769e-01 4.6231e-01 1.1159e-03 -6.2525e+00 -9.2933e-01 -2.8773e-03 2.7341e+02 7.4016e+01 -1.0952e+01 -1.1623e+00 6.3442e+01 2.9905e-01 7.4617e-03 6.3526e+01 9.7761e-04 6.3481e+01 6.3483e+01 5.3769e-01 5.3769e-01 4.6231e-01 8.0075e-04
5.3266e-01 5.3266e-01 4.6734e-01 1.1156e-03 -6.2939e+00 -7.8208e-01 -3.8287e-03 2.7339e+02 7.2965e+01 -1.1634e+01 -9.8347e-01 6.3426e+01 3.1067e-01 6.7052e-03 6.3500e+01 4.2789e-04 6.3460e+01 6.3462e+01 5.3266e-01 5.3266e-01 4.6734e-01 8.0945e-04
5.2764e-01 5.2764e-01 4.7236e-01 1.1153e-03 -6.3238e+00 -6.3600e-01 -4.7045e-03 2.7338e+02 7.1892e+01 -1.2298e+01 -8.1442e-01 6.3412e+01 3.2105e-01 5.8861e-03 6.3473e+01 -2.2060e-05 6.3440e+01 6.3442e+01 5.2764e-01 5.2764e-01 4.7236e-01 8.1815e-04
5.2261e-01 5.2261e-01 4.7739e-01 1.1150e-03 -6.3492e+00 -4.9097e-01 -5.5379e-03 2.7337e+02 7.0812e+01 -1.2949e+01 -6.5154e-01 6.3399e+01 3.3096e-01 5.0253e-03 6.3446e+01 -4.1164e-04 6.3420e+01 6.3422e+01 5.2261e-01 5.2261e-01 4.7739e-01 8.2686e-04
5.1759e-01 5.1759e-01 4.8241e-01 1.1147e-03 -6.3752e+00 -3.4904e-01 -6.3055e-03 2.7335e+02 6.9746e+01 -1.3570e+01 -5.0058e-01 6.3387e+01 3.4098e-01 4.0766e-03 6.3420e+01 -6.9255e-04 6.3401e+01 6.3403e+01 5.1759e-01 5.1759e-01 4.8241e-01 8.3556e-04
5.1256e-01 5.1256e-01 4.8744e-01 1.1145e-03 -6.3909e+00 -2.0862e-01 -7.0017e-03 2.7334e+02 6.8660e+01 -1.4174e+01 -3.5765e-01 6.3376e+01 3.4985e-01 3.0905e-03 6.3394e+01 -8.9261e-04 6.3382e+01 6.3384e+01 5.1256e-01 5.1256e-01 4.8744e-01 8.4427e-04
5.0754e-01 5.0754e-01 4.9246e-01 1.1142e-03 -6.3999e+00 -6.9400e-02 -7.6476e-03 2.7333e+02 6.7561e+01 -1.4766e+01 -2.2060e-01 6.3365e+01 3.5799e-01 2.0754e-03 6.3367e+01 -1.0341e-03 6.3364e+01 6.3366e+01 5.0754e-01 5.0754e-01 4.9246e-01 8.5297e-04
5.0251e-01 5.0251e-01 4.9749e-01 1.1139e-03 -6.4093e+00 6.5891e-02 -8.2150e-03 2.7332e+02 6.6476e+01 -1.5323e+01 -9.6438e-02 6.3356e+01 3.6619e-01 9.7277e-04 6.3341e+01 -1.0591e-03 6.3347e+01 6.3348e+01 5.0251e-01 5.0251e-01 4.9749e-01 8.6167e-04
4.9749e-01 4.9749e-01 5.0251e-01 1.1137e-03 -6.4298e+00 1.9519e-01 -8.7392e-03 2.7330e+02 6.5443e+01 -1.5868e+01 1.9420e-02 6.3349e+01 3.7526e-01 -3.3215e-04 6.3315e+01 -1.0459e-03 6.3330e+01 6.3331e+01 4.9749e-01 4.9749e-01 5.0251e-01 8.7038e-04
4.9246e-01 4.9246e-01 5.0754e-01 1.1134e-03 -6.4247e+00 3.2640e-01 -9.1765e-03 2.7329e+02 6.4399e+01 -1.6421e+01 1.3178e-01 6.3341e+01 3.8061e-01 -1.5249e-03 6.3289e+01 -9.5935e-04 6.3313e+01 6.3315e+01 4.9246e-01 4.9246e-01 5.0754e-01 8.7908e-04
4.8744e-01 4.8744e-01 5.1256e-01 1.1132e-03 -6.4196e+00 4.5342e-01 -9.5313e-03 2.7328e+02 6.3363e+01 -1.6939e+01 2.3203e-01 6.3335e+01 3.8594e-01 -2.7905e-03 6.3264e+01 -7.6390e-04 6.3297e+01 6.3299e+01 4.8744e-01 4.8744e-01 5.1256e-01 8.8778e-04
4.8241e-01 4.8241e-01 5.1759e-01 1.1130e-03 -6.4104e+00 5.7781e-01 -9.8280e-03 2.7327e+02 6.2326e+01 -1.7439e+01 3.2672e-01 6.3329e+01 3.9080e-01 -4.1039e-03 6.3239e+01 -5.1965e-04 6.3282e+01 6.3283e+01 4.8241e-01 4.8241e-01 5.1759e-01 8.9649e-04
4.7739e-01 4.7739e-01 5.2261e-01 1.1128e-03 -6.3949e+00 6.9849e-01 -1.0042e-02 2.7326e+02 6.1284e+01 -1.7912e+01 4.1384e-01 6.3324e+01 3.9493e-01 -5.4852e-03 6.3214e+01 -2.0910e-04 6.3267e+01 6.3268e+01 4.7739e-01 4.7739e-01 5.2261e-01 9.0519e-04
4.7236e-01 4.7236e-01 5.2764e-01 1.1126e-03 -6.3792e+00 8.1527e-01 -1.0183e-02 2.7325e+02 6.0249e+01 -1.8355e+01 4.9098e-01 6.3320e+01 3.9901e-01 -6.9199e-03 6.3189e+01 1.9107e-04 6.3253e+01 6.3254e+01 4.7236e-01 4.7236e-01 5.2764e-01 9.1390e-04
4.6734e-01 4.6734e-01 5.3266e-01 1.1124e-03 -6.3604e+00 9.2946e-01 -1.0273e-02 2.7323e+02 5.9213e+01 -1.8780e+01 5.6293e-01 6.3316e+01 4.0271e-01 -8.3890e-03 6.3165e+01 6.3688e-04 6.3239e+01 6.3240e+01 4.6734e-01 4.6734e-01 5.3266e-01 9.2260e-04
4.6231e-01 4.6231e-01 5.3769e-01 1.1122e-03 -6.3339e+00 1.0390e+00 -1.0267e-02 2.7322e+02 5.8172e+01 -1.9175e+01 6.2659e-01 6.3313e+01 4.0549e-01 -9.9190e-03 6.3141e+01 1.1544e-03 6.3225e+01 6.3227e+01 4.6231e-01 4.6231e-01 5.3769e-01 9.3130e-04
4.5729e-01 4.5729e-01 5.4271e-01 1.1120e-03 -6.3072e+00 1.1450e+00 -1.0200e-02 2.7321e+02 5.7137e+01 -1.9543e+01 6.8228e-01 6.3311e+01 4.0819e-01 -1.1485e-02 6.3117e+01 1.7425e-03 6.3212e+01 6.3214e+01 4.5729e-01 4.5729e-01 5.4271e-01 9.4001e-04
4.5226e-01 4.5226e-01 5.4774e-01 1.1118e-03 -6.2785e+00 1.2484e+00 -1.0088e-02 2.7320e+02 5.6103e+01 -1.9894e+01 7.3316e-01 6.3310e+01 4.1064e-01 -1.3073e-02 6.3094e+01 2.3724e-03 6.3200e+01 6.3201e+01 4.5226e-01 4.5226e-01 5.4774e-01 9.4871e-04
4.4724e-01 4.4724e-01 5.5276e-01 1.1116e-03 -6.2408e+00 1.3462e+00 -9.8681e-03 2.7319e+02 5.5062e+01 -2.0210e+01 7.7533e-01 6.3309e+01 4.1199e-01 -1.4708e-02 6.3071e+01 3.0752e-03 6.3188e+01 6.3189e+01 4.4724e-01 4.4724e-01 5.5276e-01 9.5742e-04
4.4221e-01 4.4221e-01 5.5779e-01 1.1115e-03 -6.2029e+00 1.4410e+00 -9.5981e-03 2.7319e+02 5.4026e+01 -2.0504e+01 8.1138e-01 6.3309e+01 4.1326e-01 -1.6363e-02 6.3049e+01 3.8308e-03 6.3177e+01 6.3178e+01 4.4221e-01 4.4221e-01 5.5779e-01 9.6612e-04
4.3719e-01 4.3719e-01 5.6281e-01 1.1113e-03 -6.1641e+00 1.5333e+00 -9.2892e-03 2.7318e+02 5.2994e+01 -2.0782e+01 8.4303e-01 6.3309e+01 4.1439e-01 -1.8032e-02 6.3026e+01 4.6236e-03 6.3166e+01 6.3167e+01 4.3719e-01 4.3719e-01 5.6281e-01 9.7482e-04
4.3216e-01 4.3216e-01 5.6784e-01 1.1112e-03 -6.1151e+00 1.6190e+00 -8.8632e-03 2.7317e+02 5.1954e+01 -2.1022e+01 8.6586e-01 6.3309e+01 4.1426e-01 -1.9724e-02 6.3005e+01 5.4857e-03 6.3155e+01 6.3156e+01 4.3216e-01 4.3216e-01 5.6784e-01 9.8353e-04
4.2714e-01 4.2714e-01 5.7286e-01 1.1110e-03 -6.0659e+00 1.7021e+00 -8.3977e-03 2.7316e+02 5.0918e+01 -2.1244e+01 8.8420e-01 6.3310e+01 4.1405e-01 -2.1424e-02 6.2984e+01 6.3844e-03 6.3145e+01 6.3146e+01 4.2714e-01 4.2714e-01 5.7286e-01 9.9223e-04
4.2211e-01 4.2211e-01 5.7789e-01 1.1109e-03 -6.0166e+00 1.7827e+00 -7.8939e-03 2.7315e+02 4.9887e+01 -2.1448e+01 8.9820e-01 6.3312e+01 4.1378e-01 -2.3131e-02 6.2963e+01 7.3185e-03 6.3135e+01 6.3136e+01 4.2211e-01 4.2211e-01 5.7789e-01 1.0009e-03
4.1709e-01 4.1709e-01 5.8291e-01 1.1108e-03 -5.9569e+00 1.8563e+00 -7.2774e-03 2.7314e+02 4.8850e+01 -2.1615e+01 9.0437e-01 6.3314e+01 4.1221e-01 -2.4832e-02 6.2942e+01 8.3073e-03 6.3126e+01 6.3127e+01 4.1709e-01 4.1709e-01 5.8291e-01 1.0096e-03
4.1206e-01 4.1206e-01 5.8794e-01 1.1106e-03 -5.8967e+00 1.9275e+00 -6.6261e-03 2.7313e+02 4.7816e+01 -2.1767e+01 9.0709e-01 6.3316e+01 4.1053e-01 -2.6531e-02 6.2922e+01 9.3214e-03 6.3117e+01 6.3118e+01 4.1206e-01 4.1206e-01 5.8794e-01 1.0183e-03
4.0704e-01 4.0704e-01 5.9296e-01 1.1105e-03 -5.8363e+00 1.9956e+00 -5.9307e-03 2.7313e+02 4.6787e+01 -2.1897e+01 9.0518e-01 6.3318e+01 4.0877e-01 -2.8229e-02 6.2903e+01 1.0370e-02 6.3108e+01 6.3110e+01 4.0704e-01 4.0704e-01 5.9296e-01 1.0270e-03
4.0201e-01 4.0201e-01 5.9799e-01 1.1104e-03 -5.7671e+00 2.0574e+00 -5.1427e-03 2.7312e+02 4.5754e+01 -2.1995e+01 8.9741e-01 6.3320e+01 4.0588e-01 -2.9893e-02 6.2884e+01 1.1451e-02 6.3100e+01 6.3102e+01 4.0201e-01 4.0201e-01 5.9799e-01 1.0357e-03
3.9698e-01 3.9698e-01 6.0302e-01 1.1103e-03 -5.6962e+00 2.1166e+00 -4.3179e-03 2.7311e+02 4.4724e+01 -2.2078e+01 8.8667e-01 6.3323e+01 4.0274e-01 -3.1545e-02 6.2866e+01 1.2550e-02 6.3092e+01 6.3094e+01 3.9698e-01 3.9698e-01 6.0302e-01 1.0445e-03
3.9196e-01 3.9196e-01 6.0804e-01 1.1102e-03 -5.6253e+00 2.1720e+00 -3.4452e-03 2.7311e+02 4.3700e+01 -2.2137e+01 8.7130e-01 6.3326e+01 3.9953e-01 -3.3182e-02 6.2848e+01 1.3678e-02 6.3084e+01 6.3086e+01 3.9196e-01 3.9196e-01 6.0804e-01 1.0532e-03
3.8693e-01 3.8693e-01 6.1307e-01 1.1101e-03 -5.5470e+00 2.2220e+00 -2.4996e-03 2.7310e+02 4.2674e+01 -2.2169e+01 8.5178e-01 6.3329e+01 3.9536e-01 -3.4766e-02 6.2831e+01 1.4820e-02 6.3077e+01 6.3079e+01 3.8693e-01 3.8693e-01 6.1307e-01 1.0619e-03
3.8191e-01 3.8191e-01 6.1809e-01 1.1100e-03 -5.4660e+00 2.2690e+00 -1.5168e-03 2.7309e+02 4.1650e+01 -2.2186e+01 8.2980e-01 6.3332e+01 3.9083e-01 -3.6324e-02 6.2814e+01 1.5971e-02 6.3070e+01 6.3072e+01 3.8191e-01 3.8191e-01 6.1809e-01 1.0706e-03
3.7688e-01 3.7688e-01 6.2312e-01 1.1099e-03 -5.3853e+00 2.3118e+00 -4.8454e-04 2.7309e+02 4.0634e+01 -2.2175e+01 8.0347e-01 6.3335e+01 3.8623e-01 -3.7851e-02 6.2797e+01 1.7141e-02 6.3064e+01 6.3065e+01 3.7688e-01 3.7688e-01 6.2312e-01 1.0793e-03
3.7186e-01 3.7186e-01 6.2814e-01 1.1098e-03 -5.3054e+00 2.3446e+00 5.5450e-04 2.7308e+02 3.9615e+01 -2.2142e+01 7.7463e-01 6.3340e+01 3.8092e-01 -3.9644e-02 6.2783e+01 1.8345e-02 6.3059e+01 6.3061e+01 3.7186e-01 3.7186e-01 6.2814e-01 1.0880e-03
3.6683e-01 3.6683e-01 6.3317e-01 1.1097e-03 -5.2160e+00 2.3790e+00 1.6580e-03 2.7308e+02 3.8599e+01 -2.2117e+01 7.4355e-01 6.3343e+01 3.7454e-01 -4.1205e-02 6.2769e+01 1.9553e-02 6.3053e+01 6.3055e+01 3.6683e-01 3.6683e-01 6.3317e-01 1.0967e-03
3.6181e-01 3.6181e-01 6.3819e-01 1.1097e-03 -5.1270e+00 2.4089e+00 2.8085e-03 2.7307e+02 3.7592e+01 -2.2061e+01 7.0852e-01 6.3346e+01 3.6816e-01 -4.2712e-02 6.2754e+01 2.0770e-02 6.3047e+01 6.3049e+01 3.6181e-01 3.6181e-01 6.3819e-01 1.1054e-03
3.5678e-01 3.5678e-01 6.4322e-01 1.1096e-03 -5.0350e+00 2.4339e+00 3.9724e-03 2.7307e+02 3.6581e+01 -2.1977e+01 6.7179e-01 6.3349e+01 3.6137e-01 -4.4212e-02 6.2741e+01 2.1987e-02 6.3042e+01 6.3044e+01 3.5678e-01 3.5678e-01 6.4322e-01 1.1141e-03
3.5176e-01 3.5176e-01 6.4824e-01 1.1095e-03 -4.9399e+00 2.4545e+00 5.1487e-03 2.7306e+02 3.5567e+01 -2.1866e+01 6.3346e-01 6.3352e+01 3.5420e-01 -4.5706e-02 6.2728e+01 2.3207e-02 6.3037e+01 6.3039e+01 3.5176e-01 3.5176e-01 6.4824e-01 1.1228e-03
3.4673e-01 3.4673e-01 6.5327e-01 1.1095e-03 -4.8457e+00 2.4707e+00 6.3613e-03 2.7306e+02 3.4564e+01 -2.1726e+01 5.9216e-01 6.3355e+01 3.4708e-01 -4.7128e-02 6.2716e+01 2.4418e-02 6.3033e+01 6.3035e+01 3.4673e-01 3.4673e-01 6.5327e-01 1.1315e-03
3.4171e-01 3.4171e-01 6.5829e-01 1.1094e-03 -4.7493e+00 2.4832e+00 7.5768e-03 2.7305e+02 3.3559e+01 -2.1565e+01 5.4991e-01 6.3358e+01 3.3967e-01 -4.8530e-02 6.2705e+01 2.5623e-02 6.3029e+01 6.3031e+01 3.4171e-01 3.4171e-01 6.5829e-01 1.1402e-03
3.3668e-01 3.3668e-01 6.6332e-01 1.1094e-03 -4.6497e+00 2.4906e+00 8.7945e-03 2.7305e+02 3.2552e+01 -2.1373e+01 5.0647e-01 6.3361e+01 3.3187e-01 -4.9906e-02 6.2694e+01 2.6820e-02 6.3025e+01 6.3027e+01 3.3668e-01 3.3668e-01 6.6332e-01 1.1489e-03
3.3166e-01 3.3166e-01 6.6834e-01 1.1093e-03 -4.5510e+00 2.4944e+00 1.0033e-02 2.7305e+02 3.1556e+01 -2.1158e+01 4.6133e-01 6.3364e+01 3.2414e-01 -5.1206e-02 6.2685e+01 2.7995e-02 6.3021e+01 6.3023e+01 3.3166e-01 3.3166e-01 6.6834e-01 1.1576e-03
3.2663e-01 3.2663e-01 6.7337e-01 1.1093e-03 -4.4511e+00 2.4953e+00 1.1269e-02 2.7304e+02 3.0562e+01 -2.0924e+01 4.1564e-01 6.3367e+01 3.1626e-01 -5.2470e-02 6.2675e+01 2.9158e-02 6.3018e+01 6.3020e+01 3.2663e-01 3.2663e-01 6.7337e-01 1.1663e-03
3.2161e-01 3.2161e-01 6.7839e-01 1.1092e-03 -4.3478e+00 2.4905e+00 1.2492e-02 2.7304e+02 2.9567e+01 -2.0659e+01 3.6935e-01 6.3369e+01 3.0796e-01 -5.3685e-02 6.2667e+01 3.0297e-02 6.3015e+01 6.3017e+01 3.2161e-01 3.2161e-01 6.7839e-01 1.1750e-03
3.1658e-01 3.1658e-01 6.8342e-01 1.1092e-03 -4.2456e+00 2.4829e+00 1.3723e-02 2.7304e+02 2.8583e+01 -2.0374e+01 3.2234e-01 6.3371e+01 2.9977e-01 -5.4822e-02 6.2659e+01 3.1406e-02 6.3012e+01 6.3014e+01 3.1658e-01 3.1658e-01 6.8342e-01 1.1837e-03
3.1156e-01 3.1156e-01 6.8844e-01 1.1092e-03 -4.1430e+00 2.4731e+00 1.4949e-02 2.7303e+02 2.7603e+01 -2.0075e+01 2.7512e-01 6.3373e+01 2.9152e-01 -5.5915e-02 6.2652e+01 3.2496e-02 6.3010e+01 6.3011e+01 3.1156e-01 3.1156e-01 6.8844e-01 1.1924e-03
3.0653e-01 3.0653e-01 6.9347e-01 1.1091e-03 -4.0371e+00 2.4573e+00 1.6141e-02 2.7303e+02 2.6625e+01 -1.9744e+01 2.2806e-01 6.3375e+01 2.8288e-01 -5.6928e-02 6.2645e+01 3.3545e-02 6.3007e+01 6.3009e+01 3.0653e-01 3.0653e-01 6.9347e-01 1.2011e-03
3.0151e-01 3.0151e-01 6.9849e-01 1.1091e-03 -3.9323e+00 2.4395e+00 1.7332e-02 2.7303e+02 2.5657e+01 -1.9397e+01 1.8097e-01 6.3376e+01 2.7436e-01 -5.7868e-02 6.2639e+01 3.4558e-02 6.3005e+01 6.3007e+01 3.0151e-01 3.0151e-01 6.9849e-01 1.2098e-03
2.9648e-01 2.9648e-01 7.0352e-01 1.1091e-03 -3.8279e+00 2.4199e+00 1.8516e-02 2.7303e+02 2.4696e+01 -1.9040e+01 1.3396e-01 6.3378e+01 2.6588e-01 -5.8757e-02 6.2634e+01 3.5545e-02 6.3003e+01 6.3005e+01 2.9648e-01 2.9648e-01 7.0352e-01 1.2185e-03
2.9146e-01 2.9146e-01 7.0854e-01 1.1091e-03 -3.7204e+00 2.3944e+00 1.9641e-02 2.7302e+02 2.3740e+01 -1.8650e+01 8.7943e-02 6.3379e+01 2.5705e-01 -5.9532e-02 6.2630e+01 3.6472e-02 6.3002e+01 6.3003e+01 2.9146e-01 2.9146e-01 7.0854e-01 1.2272e-03
2.8643e-01 2.8643e-01 7.1357e-01 1.1090e-03 -3.6140e+00 2.3674e+00 2.0758e-02 2.7302e+02 2.2794e+01 -1.8249e+01 4.2337e-02 6.3379e+01 2.4834e-01 -6.0243e-02 6.2626e+01 3.7361e-02 6.3000e+01 6.3002e+01 2.8643e-01 2.8643e-01 7.1357e-01 1.2359e-03
2.8141e-01 2.8141e-01 7.1859e-01 1.1090e-03 -3.5086e+00 2.3390e+00 2.1868e-02 2.7302e+02 2.1856e+01 -1.7839e+01 -2.8977e-03 6.3380e+01 2.3974e-01 -6.0895e-02 6.2622e+01 3.8217e-02 6.2999e+01 6.3000e+01 2.8141e-01 2.8141e-01 7.1859e-01 1.2446e-03
2.7638e-01 2.7638e-01 7.2362e-01 1.1090e-03 -3.4006e+00 2.3052e+00 2.2894e-02 2.7302e+02 2.0927e+01 -1.7401e+01 -4.6383e-02 6.3380e+01 2.3086e-01 -6.1407e-02 6.2619e+01 3.8994e-02 6.2998e+01 6.2999e+01 2.7638e-01 2.7638e-01 7.2362e-01 1.2533e-03
2.7136e-01 2.7136e-01 7.2864e-01 1.1090e-03 -3.2935e+00 2.2702e+00 2.3907e-02 2.7301e+02 2.0007e+01 -1.6955e+01 -8.9202e-02 6.3380e+01 2.2209e-01 -6.1861e-02 6.2617e+01 3.9734e-02 6.2997e+01 6.2998e+01 2.7136e-01 2.7136e-01 7.2864e-01 1.2620e-03
2.6633e-01 2.6633e-01 7.3367e-01 1.1090e-03 -3.1879e+00 2.2338e+00 2.4903e-02 2.7301e+02 1.9099e+01 -1.6498e+01 -1.3116e-01 6.3379e+01 2.1349e-01 -6.2239e-02 6.2615e+01 4.0425e-02 6.2996e+01 6.2997e+01 2.6633e-01 2.6633e-01 7.3367e-01 1.2708e-03
2.6131e-01 2.6131e-01 7.3869e-01 1.1090e-03 -3.0805e+00 2.1934e+00 2.5808e-02 2.7301e+02 1.8202e+01 -1.6022e+01 -1.7112e-01 6.3378e+01 2.0472e-01 -6.2478e-02 6.2614e+01 4.1036e-02 6.2995e+01 6.2996e+01 2.6131e-01 2.6131e-01 7.3869e-01 1.2795e-03
2.5628e-01 2.5628e-01 7.4372e-01 1.1090e-03 -2.9737e+00 2.1517e+00 2.6686e-02 2.7301e+02 1.7313e+01 -1.5539e+01 -2.1013e-01 6.3377e+01 1.9603e-01 -6.2652e-02 6.2614e+01 4.1604e-02 6.2994e+01 6.2995e+01 2.5628e-01 2.5628e-01 7.4372e-01 1.2882e-03
2.5126e-01 2.5126e-01 7.4874e-01 1.1090e-03 -2.8689e+00 2.1087e+00 2.7537e-02 2.7301e+02 1.6440e+01 -1.5046e+01 -2.4774e-01 6.3376e+01 1.8756e-01 -6.2733e-02 6.2613e+01 4.2107e-02 6.2994e+01 6.2994e+01 2.5126e-01 2.5126e-01 7.4874e-01 1.2969e-03
2.4623e-01 2.4623e-01 7.5377e-01 1.1090e-03 -2.7669e+00 2.0551e+00 2.8340e-02 2.7301e+02 1.5560e+01 -1.4515e+01 -2.7733e-01 6.3374e+01 1.7904e-01 -6.3027e-02 6.2617e+01 4.2548e-02 6.2994e+01 6.2995e+01 2.4623e-01 2.4623e-01 7.5377e-01 1.3056e-03
2.4121e-01 2.4121e-01 7.5879e-01 1.1090e-03 -2.6620e+00 2.0078e+00 2.8920e-02 2.7301e+02 1.4695e+01 -1.4005e+01 -3.1160e-01 6.3371e+01 1.7034e-01 -6.3087e-02 6.2618e+01 4.3031e-02 6.2994e+01 6.2994e+01 2.4121e-01 2.4121e-01 7.5879e-01 1.3143e-03
2.3618e-01 2.3618e-01 7.6382e-01 1.1090e-03 -2.5595e+00 1.9594e+00 2.9446e-02 2.7301e+02 1.3849e+01 -1.3487e+01 -3.4366e-01 6.3368e+01 1.6197e-01 -6.3025e-02 6.2619e+01 4.3428e-02 6.2993e+01 6.2994e+01 2.3618e-01 2.3618e-01 7.6382e-01 1.3230e-03
2.3116e-01 2.3116e-01 7.6884e-01 1.1090e-03 -2.4571e+00 1.9076e+00 2.9853e-02 2.7301e+02 1.3005e+01 -1.2944e+01 -3.7174e-01 6.3365e+01 1.5372e-01 -6.2909e-02 6.2621e+01 4.3774e-02 6.2993e+01 6.2993e+01 2.3116e-01 2.3116e-01 7.6884e-01 1.3317e-03
2.2613e-01 2.2613e-01 7.7387e-01 1.1090e-03 -2.3550e+00 1.8539e+00 3.0189e-02 2.7300e+02 1.2164e+01 -1.2386e+01 -3.9733e-01 6.3361e+01 1.4557e-01 -6.2749e-02 6.2624e+01 4.4082e-02 6.2993e+01 6.2993e+01 2.2613e-01 2.2613e-01 7.7387e-01 1.3404e-03
2.2111e-01 2.2111e-01 7.7889e-01 1.1090e-03 -2.2561e+00 1.7995e+00 3.0461e-02 2.7300e+02 1.1347e+01 -1.1824e+01 -4.2024e-01 6.3357e+01 1.3781e-01 -6.2452e-02 6.2628e+01 4.4283e-02 6.2993e+01 6.2992e+01 2.2111e-01 2.2111e-01 7.7889e-01 1.3491e-03
2.1608e-01 2.1608e-01 7.8392e-01 1.1090e-03 -2.1576e+00 1.7431e+00 3.0637e-02 2.7300e+02 1.0537e+01 -1.1246e+01 -4.3999e-01 6.3352e+01 1.3017e-01 -6.2105e-02 6.2632e+01 4.4438e-02 6.2993e+01 6.2992e+01 2.1608e-01 2.1608e-01 7.8392e-01 1.3578e-03
2.1106e-01 2.1106e-01 7.8894e-01 1.1090e-03 -2.0594e+00 1.6848e+00 3.0729e-02 2.7300e+02 9.7322e+00 -1.0656e+01 -4.5695e-01 6.3347e+01 1.2264e-01 -6.1713e-02 6.2637e+01 4.4553e-02 6.2993e+01 6.2992e+01 2.1106e-01 2.1106e-01 7.8894e-01 1.3665e-03
2.0603e-01 2.0603e-01 7.9397e-01 1.1090e-03 -1.9648e+00 1.6265e+00 3.0755e-02 2.7300e+02 8.9563e+00 -1.0067e+01 -4.7104e-01 6.3342e+01 1.1553e-01 -6.1177e-02 6.2642e+01 4.4547e-02 6.2994e+01 6.2993e+01 2.0603e-01 2.0603e-01 7.9397e-01 1.3752e-03
2.0101e-01 2.0101e-01 7.9899e-01 1.1090e-03 -1.8709e+00 1.5671e+00 3.0706e-02 2.7300e+02 8.1892e+00 -9.4707e+00 -4.8273e-01 6.3337e+01 1.0855e-01 -6.0596e-02 6.2648e+01 4.4499e-02 6.2994e+01 6.2993e+01 2.0101e-01 2.0101e-01 7.9899e-01 1.3839e-03
1.9598e-01 1.9598e-01 8.0402e-01 1.1090e-03 -1.7778e+00 1.5061e+00 3.0557e-02 2.7300e+02 7.4329e+00 -8.8655e+00 -4.9124e-01 6.3330e+01 1.0172e-01 -5.9956e-02 6.2654e+01 4.4398e-02 6.2995e+01 6.2993e+01 1.9598e-01 1.9598e-01 8.0402e-01 1.3926e-03
1.9095e-01 1.9095e-01 8.0905e-01 1.1090e-03 -1.6880e+00 1.4456e+00 3.0354e-02 2.7300e+02 6.7051e+00 -8.2660e+00 -4.9728e-01 6.3324e+01 9.5268e-02 -5.9193e-02 6.2661e+01 4.4186e-02 6.2995e+01 6.2993e+01 1.9095e-01 1.9095e-01 8.0905e-01 1.4013e-03
1.8593e-01 1.8593e-01 8.1407e-01 1.1090e-03 -1.5994e+00 1.3848e+00 3.0092e-02 2.7300e+02 5.9896e+00 -7.6662e+00 -5.0142e-01 6.3318e+01 8.8964e-02 -5.8379e-02 6.2667e+01 4.3928e-02 6.2996e+01 6.2994e+01 1.8593e-01 1.8593e-01 8.1407e-01 1.4100e-03
1.8090e-01 1.8090e-01 8.1910e-01 1.1090e-03 -1.5120e+00 1.3228e+00 2.9718e-02 2.7300e+02 5.2916e+00 -7.0637e+00 -5.0218e-01 6.3311e+01 8.2861e-02 -5.7495e-02 6.2675e+01 4.3604e-02 6.2997e+01 6.2994e+01 1.8090e-01 1.8090e-01 8.1910e-01 1.4187e-03
1.7588e-01 1.7588e-01 8.2412e-01 1.1090e-03 -1.4278e+00 1.2618e+00 2.9303e-02 2.7300e+02 4.6204e+00 -6.4704e+00 -5.0096e-01 6.3304e+01 7.7084e-02 -5.6509e-02 6.2683e+01 4.3183e-02 6.2997e+01 6.2995e+01 1.7588e-01 1.7588e-01 8.2412e-01 1.4274e-03
1.7085e-01 1.7085e-01 8.2915e-01 1.1090e-03 -1.3449e+00 1.2009e+00 2.8845e-02 2.7300e+02 3.9642e+00 -5.8816e+00 -4.9826e-01 6.3297e+01 7.1473e-02 -5.5471e-02 6.2691e+01 4.2713e-02 6.2998e+01 6.2995e+01 1.7085e-01 1.7085e-01 8.2915e-01 1.4361e-03
1.6583e-01 1.6583e-01 8.3417e-01 1.1090e-03 -1.2640e+00 1.1397e+00 2.8269e-02 2.7300e+02 3.3329e+00 -5.2988e+00 -4.9221e-01 6.3289e+01 6.6103e-02 -5.4353e-02 6.2700e+01 4.2167e-02 6.2999e+01 6.2996e+01 1.6583e-01 1.6583e-01 8.3417e-01 1.4448e-03
1.6080e-01 1.6080e-01 8.3920e-01 1.1090e-03 -1.1857e+00 1.0795e+00 2.7665e-02 2.7300e+02 2.7257e+00 -4.7273e+00 -4.8468e-01 6.3282e+01 6.1006e-02 -5.3155e-02 6.2708e+01 4.1540e-02 6.3000e+01 6.2997e+01 1.6080e-01 1.6080e-01 8.3920e-01 1.4535e-03
1.5578e-01 1.5578e-01 8.4422e-01 1.1090e-03 -1.1092e+00 1.0201e+00 2.7033e-02 2.7300e+02 2.1349e+00 -4.1636e+00 -4.7602e-01 6.3274e+01 5.6086e-02 -5.1906e-02 6.2717e+01 4.0861e-02 6.3000e+01 6.2997e+01 1.5578e-01 1.5578e-01 8.4422e-01 1.4622e-03
1.5075e-01 1.5075e-01 8.4925e-01 1.1091e-03 -1.0352e+00 9.6106e-01 2.6284e-02 2.7300e+02 1.5771e+00 -3.6166e+00 -4.6426e-01 6.3266e+01 5.1441e-02 -5.0572e-02 6.2727e+01 4.0103e-02 6.3001e+01 6.2998e+01 1.5075e-01 1.5075e-01 8.4925e-01 1.4709e-03
1.4573e-01 1.4573e-01 8.5427e-01 1.1091e-03 -9.6341e-01 9.0319e-01 2.5518e-02 2.7300e+02 1.0399e+00 -3.0814e+00 -4.5149e-01 6.3258e+01 4.7014e-02 -4.9179e-02 6.2736e+01 3.9282e-02 6.3002e+01 6.2998e+01 1.4573e-01 1.4573e-01 8.5427e-01 1.4796e-03
1.4070e-01 1.4070e-01 8.5930e-01 1.1091e-03 -8.9359e-01 8.4631e-01 2.4737e-02 2.7300e+02 5.2039e-01 -2.5563e+00 -4.3784e-01 6.3249e+01 4.2774e-02 -4.7737e-02 6.2745e+01 3.8405e-02 6.3003e+01 6.2999e+01 1.4070e-01 1.4070e-01 8.5930e-01 1.4883e-03
1.3568e-01 1.3568e-01 8.6432e-01 1.1091e-03 -8.2680e-01 7.9081e-01 2.3850e-02 2.7300e+02 4.0463e-02 -2.0589e+00 -4.2166e-01 6.3241e+01 3.8824e-02 -4.6213e-02 6.2755e+01 3.7455e-02 6.3003e+01 6.3000e+01 1.3568e-01 1.3568e-01 8.6432e-01 1.4970e-03
1.3065e-01 1.3065e-01 8.6935e-01 1.1091e-03 -7.6187e-01 7.3640e-01 2.2953e-02 2.7300e+02 -4.2225e-01 -1.5731e+00 -4.0480e-01 6.3232e+01 3.5044e-02 -4.4649e-02 6.2765e+01 3.6457e-02 6.3004e+01 6.3000e+01 1.3065e-01 1.3065e-01 8.6935e-01 1.5058e-03
1.2563e-01 1.2563e-01 8.7437e-01 1.1091e-03 -6.9935e-01 6.8340e-01 2.2047e-02 2.7300e+02 -8.6295e-01 -1.1019e+00 -3.8711e-01 6.3223e+01 3.1483e-02 -4.3033e-02 6.2774e+01 3.5399e-02 6.3005e+01 6.3001e+01 1.2563e-01 1.2563e-01 8.7437e-01 1.5145e-03
1.2060e-01 1.2060e-01 8.7940e-01 1.1091e-03 -6.4245e-01 6.2699e-01 2.1123e-02 2.7300e+02 -1.2511e+00 -6.6239e-01 -3.6211e-01 6.3213e+01 2.8940e-02 -4.1415e-02 6.2787e+01 3.3960e-02 6.3006e+01 6.3002e+01 1.2060e-01 1.2060e-01 8.7940e-01 1.5232e-03
1.1558e-01 1.1558e-01 8.8442e-01 1.1091e-03 -5.8735e-01 5.7974e-01 2.0081e-02 2.7300e+02 -1.6594e+00 -1.6815e-01 -3.5805e-01 6.3205e+01 2.5815e-02 -3.9930e-02 6.2795e+01 3.3027e-02 6.3006e+01 6.3002e+01 1.1558e-01 1.1558e-01 8.8442e-01 1.5319e-03
1.1055e-01 1.1055e-01 8.8945e-01 1.1091e-03 -5.3450e-01 5.3389e-01 1.8969e-02 2.7300e+02 -2.0542e+00 3.1213e-01 -3.5048e-01 6.3197e+01 2.2927e-02 -3.8382e-02 6.2804e+01 3.2014e-02 6.3006e+01 6.3002e+01 1.1055e-01 1.1055e-01 8.8945e-01 1.5406e-03
1.0553e-01 1.0553e-01 8.9447e-01 1.1091e-03 -4.8400e-01 4.8842e-01 1.7730e-02 2.7300e+02 -2.4225e+00 7.6772e-01 -3.3271e-01 6.3187e+01 2.0374e-02 -3.6808e-02 6.2813e+01 3.0939e-02 6.3007e+01 6.3003e+01 1.0553e-01 1.0553e-01 8.9447e-01 1.5493e-03
1.0050e-01 1.0050e-01 8.9950e-01 1.1091e-03 -4.3502e-01 4.4366e-01 1.6448e-02 2.7300e+02 -2.7751e+00 1.2080e+00 -3.1132e-01 6.3178e+01 1.7986e-02 -3.5209e-02 6.2823e+01 2.9823e-02 6.3007e+01 6.3003e+01 1.0050e-01 1.0050e-01 8.9950e-01 1.5580e-03
9.5477e-02 9.5477e-02 9.0452e-01 1.1092e-03 -3.8901e-01 4.0114e-01 1.5153e-02 2.7300e+02 -3.0991e+00 1.6194e+00 -2.8808e-01 6.3169e+01 1.5832e-02 -3.3551e-02 6.2833e+01 2.8625e-02 6.3008e+01 6.3003e+01 9.5477e-02 9.5477e-02 9.0452e-01 1.5667e-03
9.0452e-02 9.0452e-02 9.0955e-01 1.1092e-03 -3.4567e-01 3.5999e-01 1.3836e-02 2.7300e+02 -3.3803e+00 1.9882e+00 -2.5945e-01 6.3159e+01 1.3914e-02 -3.1876e-02 6.2843e+01 2.7381e-02 6.3008e+01 6.3004e+01 9.0452e-02 9.0452e-02 9.0955e-01 1.5754e-03
8.5427e-02 8.5427e-02 9.1457e-01 1.1092e-03 -3.0415e-01 3.1990e-01 1.2514e-02 2.7300e+02 -3.6342e+00 2.3299e+00 -2.2801e-01 6.3150e+01 1.2143e-02 -3.0187e-02 6.2854e+01 2.6106e-02 6.3008e+01 6.3004e+01 8.5427e-02 8.5427e-02 9.1457e-01 1.5841e-03
8.0402e-02 8.0402e-02 9.1960e-01 1.1092e-03 -2.6622e-01 2.8288e-01 1.1233e-02 2.7300e+02 -3.8465e+00 2.6281e+00 -1.9665e-01 6.3140e+01 1.0593e-02 -2.8449e-02 6.2864e+01 2.4752e-02 6.3009e+01 6.3004e+01 8.0402e-02 8.0402e-02 9.1960e-01 1.5928e-03
7.5377e-02 7.5377e-02 9.2462e-01 1.1092e-03 -2.3083e-01 2.4766e-01 9.9878e-03 2.7300e+02 -4.0127e+00 2.8784e+00 -1.6312e-01 6.3130e+01 9.1969e-03 -2.6707e-02 6.2875e+01 2.3373e-02 6.3009e+01 6.3005e+01 7.5377e-02 7.5377e-02 9.2462e-01 1.6015e-03
7.0352e-02 7.0352e-02 9.2965e-01 1.1092e-03 -1.9757e-01 2.1394e-01 8.7731e-03 2.7300e+02 -4.1406e+00 3.0891e+00 -1.2779e-01 6.3121e+01 7.9298e-03 -2.4962e-02 6.2886e+01 2.1971e-02 6.3009e+01 6.3005e+01 7.0352e-02 7.0352e-02 9.2965e-01 1.6102e-03
6.5327e-02 6.5327e-02 9.3467e-01 1.1092e-03 -1.6823e-01 1.8391e-01 7.6452e-03 2.7300e+02 -4.2200e+00 3.2468e+00 -9.4412e-02 6.3111e+01 6.8555e-03 -2.3193e-02 6.2896e+01 2.0510e-02 6.3009e+01 6.3006e+01 6.5327e-02 6.5327e-02 9.3467e-01 1.6189e-03
6.0302e-02 6.0302e-02 9.3970e-01 1.1092e-03 -1.4102e-01 1.5568e-01 6.5729e-03 2.7300e+02 -4.2598e+00 3.3613e+00 -6.0691e-02 6.3102e+01 5.8772e-03 -2.1435e-02 6.2906e+01 1.9043e-02 6.3010e+01 6.3006e+01 6.0302e-02 6.0302e-02 9.3970e-01 1.6276e-03
5.5276e-02 5.5276e-02 9.4472e-01 1.1092e-03 -1.1651e-01 1.2970e-01 5.5712e-03 2.7300e+02 -4.2490e+00 3.4210e+00 -2.6512e-02 6.3093e+01 5.0207e-03 -1.9692e-02 6.2917e+01 1.7567e-02 6.3010e+01 6.3006e+01 5.5276e-02 5.5276e-02 9.4472e-01 1.6363e-03
5.0251e-02 5.0251e-02 9.4975e-01 1.1092e-03 -9.5235e-02 1.0701e-01 4.6628e-03 2.7300e+02 -4.2000e+00 3.4365e+00 4.8442e-03 6.3085e+01 4.2959e-03 -1.7963e-02 6.2926e+01 1.6073e-02 6.3010e+01 6.3007e+01 5.0251e-02 5.0251e-02 9.4975e-01 1.6450e-03
4.5226e-02 4.5226e-02 9.5477e-01 1.1092e-03 -7.5857e-02 8.6136e-02 3.8148e-03 2.7300e+02 -4.1190e+00 3.4153e+00 3.5445e-02 6.3076e+01 3.6405e-03 -1.6261e-02 6.2935e+01 1.4589e-02 6.3010e+01 6.3007e+01 4.5226e-02 4.5226e-02 9.5477e-01 1.6537e-03
4.0201e-02 4.0201e-02 9.5980e-01 1.1092e-03 -5.9495e-02 6.8100e-02 3.0651e-03 2.7300e+02 -3.9830e+00 3.3311e+00 6.5268e-02 6.3068e+01 3.0913e-03 -1.4611e-02 6.2945e+01 1.3130e-02 6.3010e+01 6.3008e+01 4.0201e-02 4.0201e-02 9.5980e-01 1.6624e-03
3.5176e-02 3.5176e-02 9.6482e-01 1.1092e-03 -4.5533e-02 5.2685e-02 2.3947e-03 2.7300e+02 -3.8235e+00 3.2173e+00 9.2163e-02 6.3061e+01 2.6271e-03 -1.3013e-02 6.2953e+01 1.1698e-02 6.3010e+01 6.3008e+01 3.5176e-02 3.5176e-02 9.6482e-01 1.6711e-03
3.0151e-02 3.0151e-02 9.6985e-01 1.1092e-03 -3.3104e-02 3.8893e-02 1.7766e-03 2.7300e+02 -3.6436e+00 3.0781e+00 1.1776e-01 6.3054e+01 2.2117e-03 -1.1462e-02 6.2961e+01 1.0298e-02 6.3010e+01 6.3008e+01 3.0151e-02 3.0151e-02 9.6985e-01 1.6798e-03
2.5126e-02 2.5126e-02 9.7487e-01 1.1092e-03 -2.3637e-02 2.8148e-02 1.2622e-03 2.7300e+02 -3.4150e+00 2.8792e+00 1.4179e-01 6.3048e+01 1.8815e-03 -1.0026e-02 6.2968e+01 8.9842e-03 6.3011e+01 6.3009e+01 2.5126e-02 2.5126e-02 9.7487e-01 1.6885e-03
2.0101e-02 2.0101e-02 9.7990e-01 1.1093e-03 -1.5734e-02 1.9230e-02 8.0209e-04 2.7300e+02 -3.1787e+00 2.6678e+00 1.6330e-01 6.3042e+01 1.6012e-03 -8.6759e-03 6.2975e+01 7.7420e-03 6.3011e+01 6.3009e+01 2.0101e-02 2.0101e-02 9.7990e-01 1.6972e-03
1.5075e-02 1.5075e-02 9.8492e-01 1.1093e-03 -8.9281e-03 1.1577e-02 3.7951e-04 2.7300e+02 -2.9347e+00 2.4449e+00 1.8332e-01 6.3037e+01 1.3534e-03 -7.3947e-03 6.2981e+01 6.5592e-03 6.3011e+01 6.3010e+01 1.5075e-02 1.5075e-02 9.8492e-01 1.7059e-03
1.0050e-02 1.0050e-02 9.8995e-01 1.1093e-03 -4.6260e-03 6.7128e-03 3.8663e-05 2.7300e+02 -2.6602e+00 2.1798e+00 2.0163e-01 6.3033e+01 1.1649e-03 -6.3193e-03 6.2987e+01 5.5653e-03 6.3011e+01 6.3011e+01 1.0050e-02 1.0050e-02 9.8995e-01 1.7146e-03
5.0251e-03 5.0251e-03 9.9497e-01 1.1093e-03 -1.1515e-03 2.8801e-03 -2.7494e-04 2.7300e+02 -2.3913e+00 1.9183e+00 2.1807e-01 6.3029e+01 1.0001e-03 -5.3553e-03 6.2992e+01 4.6830e-03 6.3012e+01 6.3011e+01 5.0251e-03 5.0251e-03 9.9497e-01 1.7233e-03
0.0000e+00 0.0000e+00 1.0000e+00 1.1093e-03 1.6584e-03 -1.2411e-04 -5.6668e-04 2.7300e+02 -2.1269e+00 1.6596e+00 2.3299e-01 6.3026e+01 8.5430e-04 -4.4809e-03 6.2997e+01 3.8903e-03 6.3012e+01 6.3012e+01 0.0000e+00 0.0000e+00 1.0000e+00 1.7321e-03
