0.0000e+00 0.0000e+00 0.0000e+00 1.5490e-01 -1.8603e+00 -8.2298e-05 5.9831e+02 1.0252e+05 4.1982e+00 2.7525e+04 5.2805e-03 2.7484e+04 2.7505e+04 0.0000e+00 0.0000e+00
4.5226e-02 0.0000e+00 0.0000e+00 1.5499e-01 -1.8989e+00 -1.0883e-04 5.9805e+02 1.0500e+05 4.9930e+00 2.7526e+04 6.7534e-03 2.7486e+04 2.7508e+04 4.5226e-02 0.0000e+00
9.0452e-02 0.0000e+00 0.0000e+00 1.5507e-01 -1.9412e+00 -1.3281e-04 5.9781e+02 1.0765e+05 5.7448e+00 2.7527e+04 7.9891e-03 2.7488e+04 2.7511e+04 9.0452e-02 0.0000e+00
1.3568e-01 0.0000e+00 0.0000e+00 1.5514e-01 -1.9871e+00 -1.5423e-04 5.9757e+02 1.1046e+05 6.4534e+00 2.7528e+04 8.9876e-03 2.7489e+04 2.7513e+04 1.3568e-01 0.0000e+00
1.8090e-01 0.0000e+00 0.0000e+00 1.5521e-01 -2.0367e+00 -1.7310e-04 5.9734e+02 1.1344e+05 7.1190e+00 2.7529e+04 9.7488e-03 2.7490e+04 2.7515e+04 1.8090e-01 0.0000e+00
2.2613e-01 0.0000e+00 0.0000e+00 1.5528e-01 -2.0899e+00 -1.8942e-04 5.9712e+02 1.1658e+05 7.7415e+00 2.7530e+04 1.0273e-02 2.7490e+04 2.7516e+04 2.2613e-01 0.0000e+00
2.7136e-01 0.0000e+00 0.0000e+00 1.5534e-01 -2.1470e+00 -2.0306e-04 5.9691e+02 1.1989e+05 8.3190e+00 2.7531e+04 1.0549e-02 2.7490e+04 2.7517e+04 2.7136e-01 0.0000e+00
3.1658e-01 0.0000e+00 0.0000e+00 1.5539e-01 -2.2077e+00 -2.1411e-04 5.9670e+02 1.2337e+05 8.8528e+00 2.7532e+04 1.0585e-02 2.7489e+04 2.7518e+04 3.1658e-01 0.0000e+00
3.6181e-01 0.0000e+00 0.0000e+00 1.5545e-01 -2.2721e+00 -2.2261e-04 5.9651e+02 1.2701e+05 9.3436e+00 2.7533e+04 1.0383e-02 2.7488e+04 2.7518e+04 3.6181e-01 0.0000e+00
4.0704e-01 0.0000e+00 0.0000e+00 1.5550e-01 -2.3460e+00 -2.0022e-04 5.9631e+02 1.3117e+05 9.5472e+00 2.7535e+04 6.4968e-03 2.7487e+04 2.7519e+04 4.0704e-01 0.0000e+00
4.5226e-01 0.0000e+00 0.0000e+00 1.5556e-01 -2.4217e+00 -2.1580e-04 5.9610e+02 1.3543e+05 1.1898e+01 2.7536e+04 5.4093e-03 2.7487e+04 2.7520e+04 4.5226e-01 0.0000e+00
4.9749e-01 0.0000e+00 0.0000e+00 1.5562e-01 -2.5028e+00 -2.3997e-04 5.9588e+02 1.4000e+05 1.4299e+01 2.7537e+04 5.1708e-03 2.7486e+04 2.7520e+04 4.9749e-01 0.0000e+00
5.4271e-01 0.0000e+00 0.0000e+00 1.5568e-01 -2.5893e+00 -2.7270e-04 5.9566e+02 1.4487e+05 1.6751e+01 2.7539e+04 5.7787e-03 2.7486e+04 2.7521e+04 5.4271e-01 0.0000e+00
5.8794e-01 0.0000e+00 0.0000e+00 1.5575e-01 -2.6811e+00 -3.1375e-04 5.9543e+02 1.5003e+05 1.9252e+01 2.7540e+04 7.2100e-03 2.7486e+04 2.7522e+04 5.8794e-01 0.0000e+00
6.3317e-01 0.0000e+00 0.0000e+00 1.5581e-01 -2.7781e+00 -3.6313e-04 5.9520e+02 1.5549e+05 2.1802e+01 2.7542e+04 9.4646e-03 2.7485e+04 2.7523e+04 6.3317e-01 0.0000e+00
6.7839e-01 0.0000e+00 0.0000e+00 1.5588e-01 -2.8803e+00 -4.2084e-04 5.9495e+02 1.6125e+05 2.4402e+01 2.7544e+04 1.2543e-02 2.7485e+04 2.7524e+04 6.7839e-01 0.0000e+00
7.2362e-01 0.0000e+00 0.0000e+00 1.5595e-01 -2.9879e+00 -4.8702e-04 5.9471e+02 1.6730e+05 2.7051e+01 2.7546e+04 1.6458e-02 2.7485e+04 2.7525e+04 7.2362e-01 0.0000e+00
7.6884e-01 0.0000e+00 0.0000e+00 1.5603e-01 -3.1010e+00 -5.6187e-04 5.9445e+02 1.7367e+05 2.9752e+01 2.7548e+04 2.1231e-02 2.7484e+04 2.7526e+04 7.6884e-01 0.0000e+00
8.1407e-01 0.0000e+00 0.0000e+00 1.5610e-01 -3.2238e+00 -6.5692e-04 5.9418e+02 1.8068e+05 2.5144e+01 2.7550e+04 3.2067e-02 2.7484e+04 2.7527e+04 8.1407e-01 0.0000e+00
8.5930e-01 0.0000e+00 0.0000e+00 1.5618e-01 -3.3526e+00 -6.7132e-04 5.9390e+02 1.8809e+05 2.5802e+01 2.7553e+04 3.1240e-02 2.7484e+04 2.7528e+04 8.5930e-01 0.0000e+00
9.0452e-01 0.0000e+00 0.0000e+00 1.5627e-01 -3.4913e+00 -6.9345e-04 5.9361e+02 1.9606e+05 2.7271e+01 2.7555e+04 3.0073e-02 2.7484e+04 2.7530e+04 9.0452e-01 0.0000e+00
9.4975e-01 0.0000e+00 0.0000e+00 1.5636e-01 -3.6398e+00 -7.2332e-04 5.9330e+02 2.0461e+05 2.9553e+01 2.7558e+04 2.8565e-02 2.7485e+04 2.7532e+04 9.4975e-01 0.0000e+00
9.9497e-01 0.0000e+00 0.0000e+00 1.5646e-01 -3.7986e+00 -7.6135e-04 5.9298e+02 2.1376e+05 3.2691e+01 2.7562e+04 2.6697e-02 2.7485e+04 2.7534e+04 9.9497e-01 0.0000e+00
1.0402e+00 0.0000e+00 0.0000e+00 1.5656e-01 -3.9672e+00 -8.0711e-04 5.9264e+02 2.2348e+05 3.6641e+01 2.7565e+04 2.4490e-02 2.7486e+04 2.7536e+04 1.0402e+00 0.0000e+00
1.0854e+00 0.0000e+00 0.0000e+00 1.5667e-01 -4.1456e+00 -8.6059e-04 5.9229e+02 2.3378e+05 4.1400e+01 2.7569e+04 2.1942e-02 2.7487e+04 2.7539e+04 1.0854e+00 0.0000e+00
1.1307e+00 0.0000e+00 0.0000e+00 1.5678e-01 -4.3338e+00 -9.2179e-04 5.9192e+02 2.4464e+05 4.6971e+01 2.7573e+04 1.9054e-02 2.7488e+04 2.7541e+04 1.1307e+00 0.0000e+00
1.1759e+00 0.0000e+00 0.0000e+00 1.5690e-01 -4.5318e+00 -9.9071e-04 5.9154e+02 2.5608e+05 5.3353e+01 2.7577e+04 1.5826e-02 2.7490e+04 2.7544e+04 1.1759e+00 0.0000e+00
1.2211e+00 0.0000e+00 0.0000e+00 1.5703e-01 -4.7487e+00 -1.3302e-03 5.9113e+02 2.6875e+05 6.0107e+01 2.7582e+04 4.1015e-02 2.7492e+04 2.7548e+04 1.2211e+00 0.0000e+00
1.2663e+00 0.0000e+00 0.0000e+00 1.5716e-01 -4.9799e+00 -1.2892e-03 5.9070e+02 2.8230e+05 6.2216e+01 2.7587e+04 2.9982e-02 2.7494e+04 2.7552e+04 1.2663e+00 0.0000e+00
1.3116e+00 0.0000e+00 0.0000e+00 1.5731e-01 -5.2269e+00 -1.2423e-03 5.9024e+02 2.9696e+05 6.3700e+01 2.7592e+04 1.8866e-02 2.7498e+04 2.7556e+04 1.3116e+00 0.0000e+00
1.3568e+00 0.0000e+00 0.0000e+00 1.5747e-01 -5.4897e+00 -1.1896e-03 5.8974e+02 3.1273e+05 6.4558e+01 2.7597e+04 7.6660e-03 2.7503e+04 2.7561e+04 1.3568e+00 0.0000e+00
1.4020e+00 0.0000e+00 0.0000e+00 1.5765e-01 -5.7683e+00 -1.1310e-03 5.8921e+02 3.2959e+05 6.4792e+01 2.7603e+04 -3.6169e-03 2.7508e+04 2.7567e+04 1.4020e+00 0.0000e+00
1.4472e+00 0.0000e+00 0.0000e+00 1.5784e-01 -6.0633e+00 -1.0663e-03 5.8865e+02 3.4760e+05 6.4378e+01 2.7608e+04 -1.4986e-02 2.7516e+04 2.7573e+04 1.4472e+00 0.0000e+00
1.4925e+00 0.0000e+00 0.0000e+00 1.5804e-01 -6.3744e+00 -9.9564e-04 5.8805e+02 3.6674e+05 6.3324e+01 2.7614e+04 -2.6440e-02 2.7524e+04 2.7581e+04 1.4925e+00 0.0000e+00
1.5377e+00 0.0000e+00 0.0000e+00 1.5825e-01 -6.7014e+00 -9.1911e-04 5.8742e+02 3.8698e+05 6.1644e+01 2.7620e+04 -3.7978e-02 2.7534e+04 2.7589e+04 1.5377e+00 0.0000e+00
1.5829e+00 0.0000e+00 0.0000e+00 1.5848e-01 -7.0441e+00 -8.3673e-04 5.8676e+02 4.0832e+05 5.9339e+01 2.7626e+04 -4.9598e-02 2.7545e+04 2.7597e+04 1.5829e+00 0.0000e+00
1.6281e+00 0.0000e+00 0.0000e+00 1.5875e-01 -7.4011e+00 -3.0070e-05 5.8601e+02 4.3227e+05 4.9609e+01 2.7631e+04 -8.4800e-02 2.7562e+04 2.7609e+04 1.6281e+00 0.0000e+00
1.6734e+00 0.0000e+00 0.0000e+00 1.5901e-01 -7.7908e+00 1.2636e-04 5.8524e+02 4.5771e+05 4.1429e+01 2.7633e+04 -8.0651e-02 2.7578e+04 2.7618e+04 1.6734e+00 0.0000e+00
1.7186e+00 0.0000e+00 0.0000e+00 1.5931e-01 -8.1665e+00 2.3289e-04 5.8439e+02 4.8405e+05 3.3006e+01 2.7635e+04 -7.2544e-02 2.7598e+04 2.7629e+04 1.7186e+00 0.0000e+00
1.7638e+00 0.0000e+00 0.0000e+00 1.5963e-01 -8.5288e+00 2.9138e-04 5.8347e+02 5.1124e+05 2.4349e+01 2.7636e+04 -6.0628e-02 2.7622e+04 2.7641e+04 1.7638e+00 0.0000e+00
1.8090e+00 0.0000e+00 0.0000e+00 1.5998e-01 -8.8775e+00 3.0184e-04 5.8248e+02 5.3928e+05 1.5459e+01 2.7635e+04 -4.4900e-02 2.7650e+04 2.7655e+04 1.8090e+00 0.0000e+00
1.8543e+00 0.0000e+00 0.0000e+00 1.6036e-01 -9.2127e+00 2.6427e-04 5.8142e+02 5.6818e+05 6.3352e+00 2.7634e+04 -2.5363e-02 2.7683e+04 2.7671e+04 1.8543e+00 0.0000e+00
1.8995e+00 0.0000e+00 0.0000e+00 1.6078e-01 -9.5344e+00 1.7836e-04 5.8030e+02 5.9795e+05 -3.0238e+00 2.7631e+04 -1.9911e-03 2.7720e+04 2.7688e+04 1.8995e+00 0.0000e+00
1.9447e+00 0.0000e+00 0.0000e+00 1.6122e-01 -9.8418e+00 4.1880e-05 5.7910e+02 6.2861e+05 -1.2629e+01 2.7628e+04 2.5392e-02 2.7761e+04 2.7707e+04 1.9447e+00 0.0000e+00
1.9899e+00 0.0000e+00 0.0000e+00 1.6169e-01 -1.0136e+01 -1.4263e-04 5.7783e+02 6.6013e+05 -2.2467e+01 2.7624e+04 5.6585e-02 2.7806e+04 2.7728e+04 1.9899e+00 0.0000e+00
2.0352e+00 0.0000e+00 0.0000e+00 1.6213e-01 -1.0309e+01 -5.9982e-04 5.7645e+02 6.8964e+05 -3.2936e+00 2.7617e+04 2.4779e-02 2.7831e+04 2.7737e+04 2.0352e+00 0.0000e+00
2.0804e+00 0.0000e+00 0.0000e+00 1.6265e-01 -1.0465e+01 -1.1255e-03 5.7501e+02 7.1930e+05 4.4295e+00 2.7613e+04 -1.1126e-02 2.7873e+04 2.7756e+04 2.0804e+00 0.0000e+00
2.1256e+00 0.0000e+00 0.0000e+00 1.6318e-01 -1.0581e+01 -1.4906e-03 5.7349e+02 7.4799e+05 1.1770e+01 2.7611e+04 -3.8973e-02 2.7910e+04 2.7773e+04 2.1256e+00 0.0000e+00
2.1709e+00 0.0000e+00 0.0000e+00 1.6373e-01 -1.0657e+01 -1.6952e-03 5.7188e+02 7.7570e+05 1.8729e+01 2.7611e+04 -5.8762e-02 2.7940e+04 2.7788e+04 2.1709e+00 0.0000e+00
2.2161e+00 0.0000e+00 0.0000e+00 1.6430e-01 -1.0694e+01 -1.7393e-03 5.7018e+02 8.0243e+05 2.5306e+01 2.7612e+04 -7.0494e-02 2.7965e+04 2.7801e+04 2.2161e+00 0.0000e+00
2.2613e+00 0.0000e+00 0.0000e+00 1.6488e-01 -1.0710e+01 -1.3065e-03 5.6842e+02 8.2793e+05 3.4011e+01 2.7616e+04 -6.3998e-02 2.7986e+04 2.7813e+04 2.2613e+00 0.0000e+00
2.3065e+00 0.0000e+00 0.0000e+00 1.6547e-01 -1.0696e+01 -1.1917e-03 5.6659e+02 8.5204e+05 3.8888e+01 2.7622e+04 -7.0100e-02 2.8003e+04 2.7825e+04 2.3065e+00 0.0000e+00
2.3518e+00 0.0000e+00 0.0000e+00 1.6609e-01 -1.0673e+01 -1.0517e-03 5.6470e+02 8.7485e+05 4.3573e+01 2.7629e+04 -7.1214e-02 2.8016e+04 2.7834e+04 2.3518e+00 0.0000e+00
2.3970e+00 0.0000e+00 0.0000e+00 1.6671e-01 -1.0640e+01 -8.8661e-04 5.6276e+02 8.9638e+05 4.8068e+01 2.7637e+04 -6.7338e-02 2.8025e+04 2.7843e+04 2.3970e+00 0.0000e+00
2.4422e+00 0.0000e+00 0.0000e+00 1.6735e-01 -1.0596e+01 -6.9630e-04 5.6074e+02 9.1663e+05 5.2373e+01 2.7645e+04 -5.8473e-02 2.8030e+04 2.7849e+04 2.4422e+00 0.0000e+00
2.4874e+00 0.0000e+00 0.0000e+00 1.6800e-01 -1.0546e+01 -1.1104e-03 5.5868e+02 9.3566e+05 5.2007e+01 2.7654e+04 -9.2522e-02 2.8033e+04 2.7855e+04 2.4874e+00 0.0000e+00
2.5327e+00 0.0000e+00 0.0000e+00 1.6867e-01 -1.0492e+01 -6.0544e-04 5.5657e+02 9.5327e+05 5.1182e+01 2.7664e+04 -3.5011e-02 2.8033e+04 2.7860e+04 2.5327e+00 0.0000e+00
2.5779e+00 0.0000e+00 0.0000e+00 1.6934e-01 -1.0439e+01 -1.8215e-04 5.5442e+02 9.6984e+05 5.0980e+01 2.7672e+04 1.4035e-02 2.8032e+04 2.7863e+04 2.5779e+00 0.0000e+00
2.6231e+00 0.0000e+00 0.0000e+00 1.7003e-01 -1.0387e+01 1.5947e-04 5.5223e+02 9.8537e+05 5.1400e+01 2.7681e+04 5.4616e-02 2.8029e+04 2.7866e+04 2.6231e+00 0.0000e+00
2.6683e+00 0.0000e+00 0.0000e+00 1.7073e-01 -1.0337e+01 4.1943e-04 5.5000e+02 9.9987e+05 5.2444e+01 2.7688e+04 8.6732e-02 2.8026e+04 2.7868e+04 2.6683e+00 0.0000e+00
2.7136e+00 0.0000e+00 0.0000e+00 1.7144e-01 -1.0289e+01 5.9772e-04 5.4773e+02 1.0133e+06 5.4110e+01 2.7695e+04 1.1038e-01 2.8021e+04 2.7868e+04 2.7136e+00 0.0000e+00
2.7588e+00 0.0000e+00 0.0000e+00 1.7216e-01 -1.0243e+01 2.6508e-04 5.4544e+02 1.0258e+06 5.5597e+01 2.7701e+04 8.3190e-02 2.8015e+04 2.7869e+04 2.7588e+00 0.0000e+00
2.8040e+00 0.0000e+00 0.0000e+00 1.7290e-01 -1.0196e+01 3.0807e-05 5.4311e+02 1.0374e+06 4.7536e+01 2.7707e+04 5.3927e-02 2.8009e+04 2.7868e+04 2.8040e+00 0.0000e+00
2.8492e+00 0.0000e+00 0.0000e+00 1.7364e-01 -1.0149e+01 -1.2268e-04 5.4077e+02 1.0483e+06 4.0157e+01 2.7712e+04 3.3783e-02 2.8003e+04 2.7868e+04 2.8492e+00 0.0000e+00
2.8945e+00 0.0000e+00 0.0000e+00 1.7440e-01 -1.0103e+01 -1.9733e-04 5.3840e+02 1.0584e+06 3.3444e+01 2.7717e+04 2.2537e-02 2.7996e+04 2.7867e+04 2.8945e+00 0.0000e+00
2.9397e+00 0.0000e+00 0.0000e+00 1.7517e-01 -1.0057e+01 -1.9317e-04 5.3601e+02 1.0679e+06 2.7396e+01 2.7721e+04 2.0184e-02 2.7989e+04 2.7865e+04 2.9397e+00 0.0000e+00
2.9849e+00 0.0000e+00 0.0000e+00 1.7595e-01 -1.0010e+01 6.9409e-05 5.3360e+02 1.0767e+06 2.1221e+01 2.7725e+04 4.6486e-02 2.7983e+04 2.7863e+04 2.9849e+00 0.0000e+00
3.0302e+00 0.0000e+00 0.0000e+00 1.7674e-01 -9.9664e+00 1.2837e-04 5.3117e+02 1.0848e+06 2.4877e+01 2.7728e+04 5.6125e-02 2.7975e+04 2.7861e+04 3.0302e+00 0.0000e+00
3.0754e+00 0.0000e+00 0.0000e+00 1.7754e-01 -9.9228e+00 1.5795e-04 5.2872e+02 1.0923e+06 2.7574e+01 2.7731e+04 6.1738e-02 2.7968e+04 2.7859e+04 3.0754e+00 0.0000e+00
3.1206e+00 0.0000e+00 0.0000e+00 1.7836e-01 -9.8794e+00 1.5890e-04 5.2626e+02 1.0994e+06 2.9338e+01 2.7733e+04 6.3429e-02 2.7961e+04 2.7856e+04 3.1206e+00 0.0000e+00
3.1658e+00 0.0000e+00 0.0000e+00 1.7918e-01 -9.8362e+00 1.3122e-04 5.2379e+02 1.1059e+06 3.0168e+01 2.7734e+04 6.1198e-02 2.7954e+04 2.7853e+04 3.1658e+00 0.0000e+00
3.2111e+00 0.0000e+00 0.0000e+00 1.8002e-01 -9.7933e+00 7.4193e-05 5.2130e+02 1.1119e+06 3.0040e+01 2.7736e+04 5.4946e-02 2.7946e+04 2.7850e+04 3.2111e+00 0.0000e+00
3.2563e+00 0.0000e+00 0.0000e+00 1.8086e-01 -9.7504e+00 -6.7585e-05 5.1879e+02 1.1175e+06 2.7063e+01 2.7736e+04 3.7774e-02 2.7939e+04 2.7846e+04 3.2563e+00 0.0000e+00
3.3015e+00 0.0000e+00 0.0000e+00 1.8172e-01 -9.7069e+00 -4.2026e-05 5.1628e+02 1.1225e+06 2.5159e+01 2.7737e+04 3.7952e-02 2.7932e+04 2.7843e+04 3.3015e+00 0.0000e+00
3.3467e+00 0.0000e+00 0.0000e+00 1.8259e-01 -9.6631e+00 -1.8289e-05 5.1376e+02 1.1272e+06 2.3534e+01 2.7737e+04 3.8237e-02 2.7924e+04 2.7839e+04 3.3467e+00 0.0000e+00
3.3920e+00 0.0000e+00 0.0000e+00 1.8347e-01 -9.6192e+00 3.6165e-06 5.1123e+02 1.1315e+06 2.2189e+01 2.7737e+04 3.8630e-02 2.7917e+04 2.7835e+04 3.3920e+00 0.0000e+00
3.4372e+00 0.0000e+00 0.0000e+00 1.8436e-01 -9.5751e+00 2.3739e-05 5.0868e+02 1.1355e+06 2.1116e+01 2.7737e+04 3.9127e-02 2.7910e+04 2.7831e+04 3.4372e+00 0.0000e+00
3.4824e+00 0.0000e+00 0.0000e+00 1.8526e-01 -9.5309e+00 4.2036e-05 5.0613e+02 1.1391e+06 2.0324e+01 2.7736e+04 3.9731e-02 2.7903e+04 2.7827e+04 3.4824e+00 0.0000e+00
3.5276e+00 0.0000e+00 0.0000e+00 1.8617e-01 -9.4864e+00 4.8240e-05 5.0358e+02 1.1424e+06 2.0292e+01 2.7735e+04 4.0311e-02 2.7895e+04 2.7823e+04 3.5276e+00 0.0000e+00
3.5729e+00 0.0000e+00 0.0000e+00 1.8709e-01 -9.4419e+00 3.4535e-05 5.0101e+02 1.1454e+06 1.9216e+01 2.7734e+04 3.7468e-02 2.7888e+04 2.7818e+04 3.5729e+00 0.0000e+00
3.6181e+00 0.0000e+00 0.0000e+00 1.8803e-01 -9.3971e+00 2.3012e-05 4.9844e+02 1.1481e+06 1.8104e+01 2.7733e+04 3.4859e-02 2.7881e+04 2.7814e+04 3.6181e+00 0.0000e+00
3.6633e+00 0.0000e+00 0.0000e+00 1.8897e-01 -9.3521e+00 1.3617e-05 4.9586e+02 1.1505e+06 1.6957e+01 2.7731e+04 3.2478e-02 2.7873e+04 2.7809e+04 3.6633e+00 0.0000e+00
3.7085e+00 0.0000e+00 0.0000e+00 1.8993e-01 -9.3069e+00 6.3324e-06 4.9328e+02 1.1526e+06 1.5776e+01 2.7729e+04 3.0324e-02 2.7866e+04 2.7804e+04 3.7085e+00 0.0000e+00
3.7538e+00 0.0000e+00 0.0000e+00 1.9090e-01 -9.2614e+00 1.2476e-06 4.9069e+02 1.1545e+06 1.4559e+01 2.7727e+04 2.8404e-02 2.7859e+04 2.7800e+04 3.7538e+00 0.0000e+00
3.7990e+00 0.0000e+00 0.0000e+00 1.9188e-01 -9.2157e+00 -2.0074e-06 4.8810e+02 1.1562e+06 1.3266e+01 2.7725e+04 2.6646e-02 2.7851e+04 2.7795e+04 3.7990e+00 0.0000e+00
3.8442e+00 0.0000e+00 0.0000e+00 1.9287e-01 -9.1698e+00 3.6268e-06 4.8550e+02 1.1576e+06 1.2424e+01 2.7722e+04 2.6553e-02 2.7844e+04 2.7790e+04 3.8442e+00 0.0000e+00
3.8894e+00 0.0000e+00 0.0000e+00 1.9387e-01 -9.1237e+00 8.7983e-06 4.8289e+02 1.1588e+06 1.1619e+01 2.7720e+04 2.6460e-02 2.7837e+04 2.7784e+04 3.8894e+00 0.0000e+00
3.9347e+00 0.0000e+00 0.0000e+00 1.9489e-01 -9.0774e+00 1.3514e-05 4.8029e+02 1.1598e+06 1.0849e+01 2.7717e+04 2.6365e-02 2.7829e+04 2.7779e+04 3.9347e+00 0.0000e+00
3.9799e+00 0.0000e+00 0.0000e+00 1.9592e-01 -9.0309e+00 1.7756e-05 4.7768e+02 1.1605e+06 1.0118e+01 2.7714e+04 2.6270e-02 2.7822e+04 2.7774e+04 3.9799e+00 0.0000e+00
4.0251e+00 0.0000e+00 0.0000e+00 1.9695e-01 -8.9842e+00 2.1548e-05 4.7507e+02 1.1611e+06 9.4222e+00 2.7711e+04 2.6174e-02 2.7814e+04 2.7768e+04 4.0251e+00 0.0000e+00
4.0704e+00 0.0000e+00 0.0000e+00 1.9801e-01 -8.9373e+00 2.4866e-05 4.7245e+02 1.1615e+06 8.7641e+00 2.7707e+04 2.6077e-02 2.7807e+04 2.7763e+04 4.0704e+00 0.0000e+00
4.1156e+00 0.0000e+00 0.0000e+00 1.9907e-01 -8.8903e+00 2.5759e-05 4.6983e+02 1.1617e+06 8.2091e+00 2.7704e+04 2.5899e-02 2.7799e+04 2.7757e+04 4.1156e+00 0.0000e+00
4.1608e+00 0.0000e+00 0.0000e+00 2.0014e-01 -8.8431e+00 2.8436e-05 4.6721e+02 1.1617e+06 7.7338e+00 2.7700e+04 2.5964e-02 2.7792e+04 2.7751e+04 4.1608e+00 0.0000e+00
4.2060e+00 0.0000e+00 0.0000e+00 2.0123e-01 -8.7958e+00 3.1183e-05 4.6459e+02 1.1615e+06 7.2730e+00 2.7696e+04 2.6056e-02 2.7784e+04 2.7745e+04 4.2060e+00 0.0000e+00
4.2513e+00 0.0000e+00 0.0000e+00 2.0233e-01 -8.7483e+00 3.3998e-05 4.6196e+02 1.1611e+06 6.8264e+00 2.7692e+04 2.6174e-02 2.7776e+04 2.7739e+04 4.2513e+00 0.0000e+00
4.2965e+00 0.0000e+00 0.0000e+00 2.0344e-01 -8.7006e+00 3.6883e-05 4.5934e+02 1.1606e+06 6.3946e+00 2.7688e+04 2.6320e-02 2.7769e+04 2.7733e+04 4.2965e+00 0.0000e+00
4.3417e+00 0.0000e+00 0.0000e+00 2.0457e-01 -8.6528e+00 3.9836e-05 4.5671e+02 1.1599e+06 5.9768e+00 2.7684e+04 2.6492e-02 2.7761e+04 2.7727e+04 4.3417e+00 0.0000e+00
4.3869e+00 0.0000e+00 0.0000e+00 2.0571e-01 -8.6048e+00 4.2282e-05 4.5408e+02 1.1590e+06 5.5767e+00 2.7680e+04 2.6690e-02 2.7753e+04 2.7721e+04 4.3869e+00 0.0000e+00
4.4322e+00 0.0000e+00 0.0000e+00 2.0686e-01 -8.5567e+00 4.5563e-05 4.5145e+02 1.1580e+06 5.1753e+00 2.7675e+04 2.6974e-02 2.7745e+04 2.7714e+04 4.4322e+00 0.0000e+00
4.4774e+00 0.0000e+00 0.0000e+00 2.0802e-01 -8.5085e+00 4.8810e-05 4.4881e+02 1.1568e+06 4.7685e+00 2.7670e+04 2.7258e-02 2.7737e+04 2.7708e+04 4.4774e+00 0.0000e+00
4.5226e+00 0.0000e+00 0.0000e+00 2.0920e-01 -8.4601e+00 5.2022e-05 4.4618e+02 1.1554e+06 4.3566e+00 2.7666e+04 2.7543e-02 2.7728e+04 2.7701e+04 4.5226e+00 0.0000e+00
4.5678e+00 0.0000e+00 0.0000e+00 2.1039e-01 -8.4115e+00 5.5200e-05 4.4355e+02 1.1539e+06 3.9393e+00 2.7661e+04 2.7827e-02 2.7720e+04 2.7695e+04 4.5678e+00 0.0000e+00
4.6131e+00 0.0000e+00 0.0000e+00 2.1159e-01 -8.3628e+00 5.8344e-05 4.4092e+02 1.1522e+06 3.5168e+00 2.7656e+04 2.8112e-02 2.7712e+04 2.7688e+04 4.6131e+00 0.0000e+00
4.6583e+00 0.0000e+00 0.0000e+00 2.1281e-01 -8.3140e+00 6.0740e-05 4.3829e+02 1.1504e+06 3.1096e+00 2.7651e+04 2.8416e-02 2.7703e+04 2.7681e+04 4.6583e+00 0.0000e+00
4.7035e+00 0.0000e+00 0.0000e+00 2.1404e-01 -8.2650e+00 6.3714e-05 4.3566e+02 1.1484e+06 2.6090e+00 2.7645e+04 2.8763e-02 2.7695e+04 2.7674e+04 4.7035e+00 0.0000e+00
4.7487e+00 0.0000e+00 0.0000e+00 2.1529e-01 -8.2160e+00 6.6647e-05 4.3303e+02 1.1462e+06 2.1027e+00 2.7640e+04 2.9125e-02 2.7686e+04 2.7667e+04 4.7487e+00 0.0000e+00
4.7940e+00 0.0000e+00 0.0000e+00 2.1655e-01 -8.1668e+00 6.9536e-05 4.3040e+02 1.1439e+06 1.5901e+00 2.7635e+04 2.9501e-02 2.7677e+04 2.7660e+04 4.7940e+00 0.0000e+00
4.8392e+00 0.0000e+00 0.0000e+00 2.1782e-01 -8.1175e+00 7.2383e-05 4.2777e+02 1.1414e+06 1.0717e+00 2.7629e+04 2.9892e-02 2.7668e+04 2.7652e+04 4.8392e+00 0.0000e+00
4.8844e+00 0.0000e+00 0.0000e+00 2.1910e-01 -8.0680e+00 7.5187e-05 4.2514e+02 1.1387e+06 5.4720e-01 2.7624e+04 3.0298e-02 2.7659e+04 2.7645e+04 4.8844e+00 0.0000e+00
4.9296e+00 0.0000e+00 0.0000e+00 2.2041e-01 -8.0185e+00 7.6973e-05 4.2252e+02 1.1359e+06 8.4022e-02 2.7618e+04 3.0747e-02 2.7650e+04 2.7637e+04 4.9296e+00 0.0000e+00
4.9749e+00 0.0000e+00 0.0000e+00 2.2172e-01 -7.9687e+00 8.0041e-05 4.1990e+02 1.1328e+06 -5.4207e-01 2.7612e+04 3.1232e-02 2.7641e+04 2.7630e+04 4.9749e+00 0.0000e+00
5.0201e+00 0.0000e+00 0.0000e+00 2.2305e-01 -7.9189e+00 8.3173e-05 4.1728e+02 1.1296e+06 -1.1755e+00 2.7607e+04 3.1720e-02 2.7631e+04 2.7622e+04 5.0201e+00 0.0000e+00
5.0653e+00 0.0000e+00 0.0000e+00 2.2439e-01 -7.8690e+00 8.6367e-05 4.1466e+02 1.1262e+06 -1.8158e+00 2.7601e+04 3.2212e-02 2.7621e+04 2.7614e+04 5.0653e+00 0.0000e+00
5.1106e+00 0.0000e+00 0.0000e+00 2.2575e-01 -7.8191e+00 8.9626e-05 4.1205e+02 1.1226e+06 -2.4635e+00 2.7595e+04 3.2708e-02 2.7612e+04 2.7606e+04 5.1106e+00 0.0000e+00
5.1558e+00 0.0000e+00 0.0000e+00 2.2712e-01 -7.7690e+00 9.2948e-05 4.0944e+02 1.1188e+06 -3.1182e+00 2.7589e+04 3.3207e-02 2.7602e+04 2.7598e+04 5.1558e+00 0.0000e+00
5.2010e+00 0.0000e+00 0.0000e+00 2.2851e-01 -7.7188e+00 9.6334e-05 4.0683e+02 1.1149e+06 -3.7800e+00 2.7583e+04 3.3710e-02 2.7591e+04 2.7590e+04 5.2010e+00 0.0000e+00
5.2462e+00 0.0000e+00 0.0000e+00 2.2991e-01 -7.6685e+00 9.7751e-05 4.0423e+02 1.1106e+06 -4.5644e+00 2.7577e+04 3.4521e-02 2.7581e+04 2.7581e+04 5.2462e+00 0.0000e+00
5.2915e+00 0.0000e+00 0.0000e+00 2.3133e-01 -7.6181e+00 1.0041e-04 4.0163e+02 1.1062e+06 -5.4603e+00 2.7571e+04 3.5328e-02 2.7570e+04 2.7573e+04 5.2915e+00 0.0000e+00
5.3367e+00 0.0000e+00 0.0000e+00 2.3276e-01 -7.5677e+00 1.0271e-04 3.9904e+02 1.1015e+06 -6.3676e+00 2.7565e+04 3.6184e-02 2.7560e+04 2.7565e+04 5.3367e+00 0.0000e+00
5.3819e+00 0.0000e+00 0.0000e+00 2.3420e-01 -7.5173e+00 1.0465e-04 3.9645e+02 1.0966e+06 -7.2858e+00 2.7559e+04 3.7090e-02 2.7549e+04 2.7556e+04 5.3819e+00 0.0000e+00
5.4271e+00 0.0000e+00 0.0000e+00 2.3566e-01 -7.4668e+00 1.0624e-04 3.9387e+02 1.0914e+06 -8.2149e+00 2.7553e+04 3.8044e-02 2.7537e+04 2.7547e+04 5.4271e+00 0.0000e+00
5.4724e+00 0.0000e+00 0.0000e+00 2.3714e-01 -7.4164e+00 1.0746e-04 3.9130e+02 1.0860e+06 -9.1553e+00 2.7547e+04 3.9049e-02 2.7526e+04 2.7538e+04 5.4724e+00 0.0000e+00
5.5176e+00 0.0000e+00 0.0000e+00 2.3862e-01 -7.3657e+00 1.0292e-04 3.8874e+02 1.0802e+06 -1.0201e+01 2.7541e+04 4.0656e-02 2.7514e+04 2.7529e+04 5.5176e+00 0.0000e+00
5.5628e+00 0.0000e+00 0.0000e+00 2.4012e-01 -7.3150e+00 1.0822e-04 3.8618e+02 1.0741e+06 -1.1745e+01 2.7535e+04 4.1963e-02 2.7502e+04 2.7520e+04 5.5628e+00 0.0000e+00
5.6080e+00 0.0000e+00 0.0000e+00 2.4164e-01 -7.2644e+00 1.1414e-04 3.8363e+02 1.0677e+06 -1.3410e+01 2.7529e+04 4.3405e-02 2.7490e+04 2.7511e+04 5.6080e+00 0.0000e+00
5.6533e+00 0.0000e+00 0.0000e+00 2.4317e-01 -7.2140e+00 1.2064e-04 3.8109e+02 1.0610e+06 -1.5193e+01 2.7524e+04 4.4979e-02 2.7477e+04 2.7502e+04 5.6533e+00 0.0000e+00
5.6985e+00 0.0000e+00 0.0000e+00 2.4471e-01 -7.1637e+00 1.2775e-04 3.7857e+02 1.0540e+06 -1.7099e+01 2.7518e+04 4.6689e-02 2.7464e+04 2.7493e+04 5.6985e+00 0.0000e+00
5.7437e+00 0.0000e+00 0.0000e+00 2.4626e-01 -7.1135e+00 1.3546e-04 3.7605e+02 1.0466e+06 -1.9125e+01 2.7512e+04 4.8534e-02 2.7451e+04 2.7483e+04 5.7437e+00 0.0000e+00
5.7889e+00 0.0000e+00 0.0000e+00 2.4782e-01 -7.0629e+00 7.3227e-05 3.7355e+02 1.0387e+06 -2.0722e+01 2.7507e+04 5.8134e-02 2.7438e+04 2.7473e+04 5.7889e+00 0.0000e+00
5.8342e+00 0.0000e+00 0.0000e+00 2.4940e-01 -7.0124e+00 4.3358e-05 3.7106e+02 1.0303e+06 -2.2501e+01 2.7502e+04 6.4214e-02 2.7424e+04 2.7464e+04 5.8342e+00 0.0000e+00
5.8794e+00 0.0000e+00 0.0000e+00 2.5098e-01 -6.9624e+00 2.3532e-05 3.6858e+02 1.0214e+06 -2.4156e+01 2.7497e+04 6.8878e-02 2.7410e+04 2.7454e+04 5.8794e+00 0.0000e+00
5.9246e+00 0.0000e+00 0.0000e+00 2.5258e-01 -6.9129e+00 1.3499e-05 3.6613e+02 1.0121e+06 -2.5691e+01 2.7492e+04 7.2161e-02 2.7395e+04 2.7444e+04 5.9246e+00 0.0000e+00
5.9698e+00 0.0000e+00 0.0000e+00 2.5418e-01 -6.8640e+00 1.3258e-05 3.6369e+02 1.0023e+06 -2.7106e+01 2.7488e+04 7.4063e-02 2.7380e+04 2.7435e+04 5.9698e+00 0.0000e+00
6.0151e+00 0.0000e+00 0.0000e+00 2.5580e-01 -6.8157e+00 2.3070e-05 3.6126e+02 9.9202e+05 -2.8397e+01 2.7484e+04 7.4547e-02 2.7365e+04 2.7425e+04 6.0151e+00 0.0000e+00
6.0603e+00 0.0000e+00 0.0000e+00 2.5741e-01 -6.7681e+00 8.1254e-05 3.5886e+02 9.8084e+05 -3.0276e+01 2.7480e+04 6.7225e-02 2.7349e+04 2.7415e+04 6.0603e+00 0.0000e+00
6.1055e+00 0.0000e+00 0.0000e+00 2.5904e-01 -6.7208e+00 4.7413e-05 3.5648e+02 9.6901e+05 -3.2606e+01 2.7477e+04 7.2081e-02 2.7333e+04 2.7405e+04 6.1055e+00 0.0000e+00
6.1508e+00 0.0000e+00 0.0000e+00 2.6067e-01 -6.6749e+00 -1.2442e-05 3.5413e+02 9.5648e+05 -3.5025e+01 2.7474e+04 7.9993e-02 2.7317e+04 2.7395e+04 6.1508e+00 0.0000e+00
6.1960e+00 0.0000e+00 0.0000e+00 2.6230e-01 -6.6303e+00 -9.8322e-05 3.5180e+02 9.4322e+05 -3.7533e+01 2.7472e+04 9.0963e-02 2.7300e+04 2.7386e+04 6.1960e+00 0.0000e+00
6.2412e+00 0.0000e+00 0.0000e+00 2.6393e-01 -6.5870e+00 -2.1087e-04 3.4950e+02 9.2924e+05 -4.0134e+01 2.7470e+04 1.0506e-01 2.7283e+04 2.7376e+04 6.2412e+00 0.0000e+00
6.2864e+00 0.0000e+00 0.0000e+00 2.6556e-01 -6.5455e+00 -3.0404e-04 3.4724e+02 9.1432e+05 -4.1131e+01 2.7468e+04 1.1021e-01 2.7265e+04 2.7366e+04 6.2864e+00 0.0000e+00
6.3317e+00 0.0000e+00 0.0000e+00 2.6719e-01 -6.5048e+00 -1.8859e-04 3.4500e+02 8.9829e+05 -4.2618e+01 2.7468e+04 9.0988e-02 2.7248e+04 2.7357e+04 6.3317e+00 0.0000e+00
6.3769e+00 0.0000e+00 0.0000e+00 2.6881e-01 -6.4670e+00 -5.6123e-05 3.4281e+02 8.8121e+05 -4.3845e+01 2.7468e+04 6.9196e-02 2.7231e+04 2.7349e+04 6.3769e+00 0.0000e+00
6.4221e+00 0.0000e+00 0.0000e+00 2.7043e-01 -6.4320e+00 9.3369e-05 3.4066e+02 8.6307e+05 -4.4813e+01 2.7468e+04 4.4830e-02 2.7214e+04 2.7340e+04 6.4221e+00 0.0000e+00
6.4673e+00 0.0000e+00 0.0000e+00 2.7203e-01 -6.3998e+00 2.5988e-04 3.3856e+02 8.4388e+05 -4.5521e+01 2.7469e+04 1.7890e-02 2.7198e+04 2.7333e+04 6.4673e+00 0.0000e+00
6.5126e+00 0.0000e+00 0.0000e+00 2.7363e-01 -6.3705e+00 4.4342e-04 3.3649e+02 8.2363e+05 -4.5969e+01 2.7471e+04 -1.1625e-02 2.7181e+04 2.7325e+04 6.5126e+00 0.0000e+00
6.5578e+00 0.0000e+00 0.0000e+00 2.7520e-01 -6.3396e+00 2.6999e-04 3.3449e+02 8.0173e+05 -4.6019e+01 2.7473e+04 6.2259e-03 2.7167e+04 2.7319e+04 6.5578e+00 0.0000e+00
6.6030e+00 0.0000e+00 0.0000e+00 2.7676e-01 -6.3068e+00 4.2790e-04 3.3254e+02 7.7850e+05 -4.0096e+01 2.7475e+04 -6.3715e-03 2.7154e+04 2.7313e+04 6.6030e+00 0.0000e+00
6.6482e+00 0.0000e+00 0.0000e+00 2.7829e-01 -6.2706e+00 5.7798e-04 3.3066e+02 7.5398e+05 -3.3120e+01 2.7476e+04 -1.6231e-02 2.7144e+04 2.7309e+04 6.6482e+00 0.0000e+00
6.6935e+00 0.0000e+00 0.0000e+00 2.7979e-01 -6.2311e+00 7.2022e-04 3.2884e+02 7.2819e+05 -2.5091e+01 2.7477e+04 -2.3351e-02 2.7137e+04 2.7306e+04 6.6935e+00 0.0000e+00
6.7387e+00 0.0000e+00 0.0000e+00 2.8127e-01 -6.1882e+00 8.5463e-04 3.2709e+02 7.0111e+05 -1.6011e+01 2.7477e+04 -2.7733e-02 2.7133e+04 2.7304e+04 6.7387e+00 0.0000e+00
6.7839e+00 0.0000e+00 0.0000e+00 2.8270e-01 -6.1269e+00 1.1711e-03 3.2542e+02 6.7263e+05 -5.8345e+00 2.7476e+04 -3.8020e-02 2.7133e+04 2.7303e+04 6.7839e+00 0.0000e+00
6.8291e+00 0.0000e+00 0.0000e+00 2.8410e-01 -6.0545e+00 1.0942e-03 3.2382e+02 6.4273e+05 4.1319e+00 2.7472e+04 -2.2741e-02 2.7137e+04 2.7303e+04 6.8291e+00 0.0000e+00
6.8744e+00 0.0000e+00 0.0000e+00 2.8545e-01 -5.9584e+00 9.0573e-04 3.2232e+02 6.1220e+05 1.3740e+01 2.7467e+04 -1.6379e-03 2.7146e+04 2.7305e+04 6.8744e+00 0.0000e+00
6.9196e+00 0.0000e+00 0.0000e+00 2.8674e-01 -5.8384e+00 6.0555e-04 3.2090e+02 5.8105e+05 2.2991e+01 2.7460e+04 2.5290e-02 2.7160e+04 2.7308e+04 6.9196e+00 0.0000e+00
6.9648e+00 0.0000e+00 0.0000e+00 2.8799e-01 -5.6947e+00 1.9370e-04 3.1958e+02 5.4928e+05 3.1884e+01 2.7452e+04 5.8042e-02 2.7179e+04 2.7314e+04 6.9648e+00 0.0000e+00
7.0101e+00 0.0000e+00 0.0000e+00 2.8911e-01 -5.5424e+00 -1.8431e-04 3.1832e+02 5.1778e+05 5.0531e+01 2.7441e+04 8.0449e-02 2.7185e+04 2.7311e+04 7.0101e+00 0.0000e+00
7.0553e+00 0.0000e+00 0.0000e+00 2.9024e-01 -5.3231e+00 -2.6778e-04 3.1718e+02 4.8550e+05 3.6808e+01 2.7432e+04 5.4343e-02 2.7212e+04 2.7320e+04 7.0553e+00 0.0000e+00
7.1005e+00 0.0000e+00 0.0000e+00 2.9131e-01 -5.0993e+00 -3.2104e-04 3.1611e+02 4.5457e+05 2.3643e+01 2.7423e+04 3.0468e-02 2.7236e+04 2.7328e+04 7.1005e+00 0.0000e+00
7.1457e+00 0.0000e+00 0.0000e+00 2.9230e-01 -4.8709e+00 -3.4247e-04 3.1511e+02 4.2504e+05 1.1065e+01 2.7415e+04 8.9428e-03 2.7257e+04 2.7335e+04 7.1457e+00 0.0000e+00
7.1910e+00 0.0000e+00 0.0000e+00 2.9322e-01 -4.6380e+00 -3.3349e-04 3.1418e+02 3.9686e+05 -9.5325e-01 2.7408e+04 -1.0338e-02 2.7276e+04 2.7340e+04 7.1910e+00 0.0000e+00
7.2362e+00 0.0000e+00 0.0000e+00 2.9407e-01 -4.4006e+00 -2.9428e-04 3.1332e+02 3.7003e+05 -1.2414e+01 2.7401e+04 -2.7388e-02 2.7292e+04 2.7345e+04 7.2362e+00 0.0000e+00
7.2814e+00 0.0000e+00 0.0000e+00 2.9486e-01 -4.1589e+00 -2.2485e-04 3.1252e+02 3.4453e+05 -2.3318e+01 2.7395e+04 -4.2206e-02 2.7305e+04 2.7348e+04 7.2814e+00 0.0000e+00
7.3266e+00 0.0000e+00 0.0000e+00 2.9557e-01 -3.9127e+00 -1.2520e-04 3.1180e+02 3.2038e+05 -3.3665e+01 2.7389e+04 -5.4794e-02 2.7315e+04 2.7351e+04 7.3266e+00 0.0000e+00
7.3719e+00 0.0000e+00 0.0000e+00 2.9621e-01 -3.6619e+00 5.8590e-06 3.1114e+02 2.9762e+05 -4.3433e+01 2.7384e+04 -6.5064e-02 2.7323e+04 2.7352e+04 7.3719e+00 0.0000e+00
7.4171e+00 0.0000e+00 0.0000e+00 2.9686e-01 -3.4484e+00 4.2481e-04 3.1052e+02 2.7676e+05 -4.8798e+01 2.7383e+04 -4.7097e-02 2.7334e+04 2.7357e+04 7.4171e+00 0.0000e+00
7.4623e+00 0.0000e+00 0.0000e+00 2.9742e-01 -3.2447e+00 4.8581e-04 3.0996e+02 2.5889e+05 -4.9448e+01 2.7381e+04 -4.0509e-02 2.7340e+04 2.7360e+04 7.4623e+00 0.0000e+00
7.5075e+00 0.0000e+00 0.0000e+00 2.9795e-01 -3.0527e+00 5.3758e-04 3.0944e+02 2.4213e+05 -4.9679e+01 2.7380e+04 -3.4064e-02 2.7346e+04 2.7362e+04 7.5075e+00 0.0000e+00
7.5528e+00 0.0000e+00 0.0000e+00 2.9845e-01 -2.8722e+00 5.8014e-04 3.0894e+02 2.2648e+05 -4.9490e+01 2.7379e+04 -2.7763e-02 2.7351e+04 2.7364e+04 7.5528e+00 0.0000e+00
7.5980e+00 0.0000e+00 0.0000e+00 2.9892e-01 -2.7037e+00 6.1325e-04 3.0847e+02 2.1197e+05 -4.8872e+01 2.7378e+04 -2.1609e-02 2.7355e+04 2.7366e+04 7.5980e+00 0.0000e+00
7.6432e+00 0.0000e+00 0.0000e+00 2.9936e-01 -2.5473e+00 6.3683e-04 3.0803e+02 1.9859e+05 -4.7820e+01 2.7377e+04 -1.5603e-02 2.7358e+04 2.7367e+04 7.6432e+00 0.0000e+00
7.6884e+00 0.0000e+00 0.0000e+00 2.9977e-01 -2.4024e+00 6.5119e-04 3.0762e+02 1.8633e+05 -4.6349e+01 2.7376e+04 -9.7416e-03 2.7361e+04 2.7368e+04 7.6884e+00 0.0000e+00
7.7337e+00 0.0000e+00 0.0000e+00 3.0015e-01 -2.2692e+00 6.5633e-04 3.0724e+02 1.7517e+05 -4.4458e+01 2.7376e+04 -4.0235e-03 2.7363e+04 2.7369e+04 7.7337e+00 0.0000e+00
7.7789e+00 0.0000e+00 0.0000e+00 3.0050e-01 -2.1476e+00 6.5226e-04 3.0689e+02 1.6512e+05 -4.2148e+01 2.7375e+04 1.5510e-03 2.7364e+04 2.7369e+04 7.7789e+00 0.0000e+00
7.8241e+00 0.0000e+00 0.0000e+00 3.0084e-01 -2.0365e+00 5.0252e-04 3.0655e+02 1.5596e+05 -3.9623e+01 2.7375e+04 -8.5329e-03 2.7365e+04 2.7370e+04 7.8241e+00 0.0000e+00
7.8693e+00 0.0000e+00 0.0000e+00 3.0116e-01 -1.9377e+00 4.5407e-04 3.0623e+02 1.4794e+05 -3.5442e+01 2.7374e+04 -6.8980e-03 2.7366e+04 2.7370e+04 7.8693e+00 0.0000e+00
7.9146e+00 0.0000e+00 0.0000e+00 3.0146e-01 -1.8448e+00 4.0904e-04 3.0593e+02 1.4041e+05 -3.1584e+01 2.7374e+04 -5.3294e-03 2.7367e+04 2.7370e+04 7.9146e+00 0.0000e+00
7.9598e+00 0.0000e+00 0.0000e+00 3.0175e-01 -1.7576e+00 3.6743e-04 3.0564e+02 1.3335e+05 -2.8049e+01 2.7373e+04 -3.8270e-03 2.7368e+04 2.7370e+04 7.9598e+00 0.0000e+00
8.0050e+00 0.0000e+00 0.0000e+00 3.0202e-01 -1.6763e+00 3.2923e-04 3.0536e+02 1.2678e+05 -2.4839e+01 2.7373e+04 -2.3908e-03 2.7368e+04 2.7370e+04 8.0050e+00 0.0000e+00
8.0503e+00 0.0000e+00 0.0000e+00 3.0229e-01 -1.6007e+00 2.9446e-04 3.0509e+02 1.2068e+05 -2.1952e+01 2.7373e+04 -1.0209e-03 2.7369e+04 2.7370e+04 8.0503e+00 0.0000e+00
8.0955e+00 0.0000e+00 0.0000e+00 3.0254e-01 -1.5313e+00 2.6329e-04 3.0484e+02 1.1509e+05 -1.9407e+01 2.7372e+04 2.7916e-04 2.7369e+04 2.7370e+04 8.0955e+00 0.0000e+00
8.1407e+00 0.0000e+00 0.0000e+00 3.0278e-01 -1.4677e+00 2.3554e-04 3.0460e+02 1.0998e+05 -1.7187e+01 2.7372e+04 1.5127e-03 2.7369e+04 2.7370e+04 8.1407e+00 0.0000e+00
8.1859e+00 0.0000e+00 0.0000e+00 3.0300e-01 -1.4100e+00 2.1122e-04 3.0437e+02 1.0535e+05 -1.5290e+01 2.7371e+04 2.6801e-03 2.7369e+04 2.7370e+04 8.1859e+00 0.0000e+00
8.2312e+00 0.0000e+00 0.0000e+00 3.0323e-01 -1.3550e+00 1.8632e-04 3.0415e+02 1.0106e+05 -1.6386e+01 2.7371e+04 1.8219e-04 2.7370e+04 2.7370e+04 8.2312e+00 0.0000e+00
8.2764e+00 0.0000e+00 0.0000e+00 3.0344e-01 -1.3059e+00 1.6334e-04 3.0393e+02 9.7256e+04 -1.4553e+01 2.7370e+04 -1.8184e-04 2.7370e+04 2.7370e+04 8.2764e+00 0.0000e+00
8.3216e+00 0.0000e+00 0.0000e+00 3.0364e-01 -1.2597e+00 1.4234e-04 3.0372e+02 9.3676e+04 -1.2820e+01 2.7370e+04 -4.1898e-04 2.7370e+04 2.7370e+04 8.3216e+00 0.0000e+00
8.3668e+00 0.0000e+00 0.0000e+00 3.0384e-01 -1.2161e+00 1.2327e-04 3.0352e+02 9.0315e+04 -1.1186e+01 2.7370e+04 -5.3225e-04 2.7369e+04 2.7370e+04 8.3668e+00 0.0000e+00
8.4121e+00 0.0000e+00 0.0000e+00 3.0404e-01 -1.1753e+00 1.0609e-04 3.0332e+02 8.7170e+04 -9.6487e+00 2.7369e+04 -5.2373e-04 2.7369e+04 2.7369e+04 8.4121e+00 0.0000e+00
8.4573e+00 0.0000e+00 0.0000e+00 3.0423e-01 -1.1372e+00 9.0823e-05 3.0313e+02 8.4242e+04 -8.2083e+00 2.7369e+04 -3.9343e-04 2.7369e+04 2.7369e+04 8.4573e+00 0.0000e+00
8.5025e+00 0.0000e+00 0.0000e+00 3.0442e-01 -1.1017e+00 7.7452e-05 3.0294e+02 8.1529e+04 -6.8649e+00 2.7369e+04 -1.4135e-04 2.7369e+04 2.7369e+04 8.5025e+00 0.0000e+00
8.5477e+00 0.0000e+00 0.0000e+00 3.0460e-01 -1.0691e+00 6.6034e-05 3.0276e+02 7.9038e+04 -5.6211e+00 2.7369e+04 2.3592e-04 2.7369e+04 2.7369e+04 8.5477e+00 0.0000e+00
8.5930e+00 0.0000e+00 0.0000e+00 3.0478e-01 -1.0392e+00 5.6576e-05 3.0258e+02 7.6770e+04 -4.4773e+00 2.7368e+04 7.3876e-04 2.7369e+04 2.7369e+04 8.5930e+00 0.0000e+00
8.6382e+00 0.0000e+00 0.0000e+00 3.0495e-01 -1.0084e+00 6.1855e-05 3.0241e+02 7.4514e+04 -4.8414e+00 2.7368e+04 1.3456e-03 2.7369e+04 2.7368e+04 8.6382e+00 0.0000e+00
8.6834e+00 0.0000e+00 0.0000e+00 3.0511e-01 -9.8661e-01 5.4250e-05 3.0224e+02 7.2852e+04 -4.4941e+00 2.7368e+04 8.3375e-04 2.7368e+04 2.7368e+04 8.6834e+00 0.0000e+00
8.7286e+00 0.0000e+00 0.0000e+00 3.0528e-01 -9.6583e-01 4.6546e-05 3.0207e+02 7.1257e+04 -4.1206e+00 2.7368e+04 3.7470e-04 2.7367e+04 2.7367e+04 8.7286e+00 0.0000e+00
8.7739e+00 0.0000e+00 0.0000e+00 3.0546e-01 -9.4604e-01 3.8741e-05 3.0189e+02 6.9729e+04 -3.7204e+00 2.7367e+04 -3.0816e-05 2.7368e+04 2.7368e+04 8.7739e+00 0.0000e+00
8.8191e+00 0.0000e+00 0.0000e+00 3.0566e-01 -9.2729e-01 3.0833e-05 3.0171e+02 6.8272e+04 -3.2928e+00 2.7367e+04 -3.8115e-04 2.7368e+04 2.7368e+04 8.8191e+00 0.0000e+00
8.8643e+00 0.0000e+00 0.0000e+00 3.0587e-01 -9.0951e-01 2.2825e-05 3.0151e+02 6.6881e+04 -2.8389e+00 2.7367e+04 -6.7871e-04 2.7370e+04 2.7369e+04 8.8643e+00 0.0000e+00
8.9095e+00 0.0000e+00 0.0000e+00 3.0609e-01 -8.9272e-01 1.4717e-05 3.0131e+02 6.5557e+04 -2.3588e+00 2.7367e+04 -9.2347e-04 2.7372e+04 2.7371e+04 8.9095e+00 0.0000e+00
8.9548e+00 0.0000e+00 0.0000e+00 3.0633e-01 -8.7690e-01 6.5107e-06 3.0109e+02 6.4300e+04 -1.8524e+00 2.7367e+04 -1.1154e-03 2.7374e+04 2.7372e+04 8.9548e+00 0.0000e+00
9.0000e+00 0.0000e+00 0.0000e+00 3.0658e-01 -8.6207e-01 -1.7953e-06 3.0087e+02 6.3109e+04 -1.3197e+00 2.7368e+04 -1.2546e-03 2.7377e+04 2.7375e+04 9.0000e+00 0.0000e+00
