0.0000e+00 0.0000e+00 1.0000e+00 0.0000e+00 0.0000e+00 1.0000e-08 1.0000e-08 1.6667e+01 3.3334e+24 1.5500e-01 -1.9439e+00 -3.2651e-01 5.9841e+02 2.7541e+04 -2.3744e+01 2.7544e+04 2.7552e+04 8.1093e+04 2.4119e+04 0.0000e+00 0.0000e+00
4.5226e-08 0.0000e+00 5.0226e+00 4.0226e-08 0.0000e+00 5.0226e-08 1.0000e-08 1.6653e+01 3.3305e+24 1.5487e-01 -1.9551e+00 6.6135e-02 5.9805e+02 2.7500e+04 2.3244e-01 2.7559e+04 2.7466e+04 9.2830e+04 1.7771e+03 4.5226e-02 0.0000e+00
9.0452e-08 0.0000e+00 9.5452e+00 8.5452e-08 0.0000e+00 9.5452e-08 1.0000e-08 1.6660e+01 3.3319e+24 1.5493e-01 -2.2056e+00 -1.6228e-02 5.9815e+02 2.7516e+04 -9.5026e+00 2.7560e+04 2.7477e+04 9.5891e+04 7.7866e+03 9.0452e-02 0.0000e+00
1.3568e-07 0.0000e+00 1.4068e+01 1.3068e-07 0.0000e+00 1.4068e-07 1.0000e-08 1.6679e+01 3.3358e+24 1.5512e-01 -2.0907e+00 -1.0094e-01 5.9751e+02 2.7519e+04 -4.4626e-01 2.7555e+04 2.7483e+04 8.3107e+04 -1.6267e+04 1.3568e-01 0.0000e+00
1.8090e-07 0.0000e+00 1.8590e+01 1.7590e-07 0.0000e+00 1.8590e-07 1.0000e-08 1.6676e+01 3.3352e+24 1.5508e-01 -1.9327e+00 3.5112e-01 5.9714e+02 2.7496e+04 -1.2864e+00 2.7537e+04 2.7467e+04 9.7707e+04 -2.1813e+03 1.8090e-01 0.0000e+00
2.2613e-07 0.0000e+00 2.3113e+01 2.2113e-07 0.0000e+00 2.3113e-07 1.0000e-08 1.6689e+01 3.3378e+24 1.5521e-01 -2.0026e+00 -2.3926e-01 5.9694e+02 2.7509e+04 -3.8003e+00 2.7523e+04 2.7474e+04 1.0440e+05 8.5373e+02 2.2613e-01 0.0000e+00
2.7136e-07 0.0000e+00 2.7636e+01 2.6636e-07 0.0000e+00 2.7636e-07 1.0000e-08 1.6690e+01 3.3381e+24 1.5522e-01 -2.1587e+00 1.2700e-01 5.9684e+02 2.7507e+04 1.0014e+01 2.7536e+04 2.7495e+04 1.0580e+05 3.4512e+03 2.7136e-01 0.0000e+00
3.1658e-07 0.0000e+00 3.2158e+01 3.1158e-07 0.0000e+00 3.2158e-07 1.0000e-08 1.6700e+01 3.3399e+24 1.5531e-01 -1.9163e+00 1.1823e-01 5.9676e+02 2.7518e+04 -1.9115e+01 2.7537e+04 2.7511e+04 9.2231e+04 -2.8949e+03 3.1658e-01 0.0000e+00
3.6181e-07 0.0000e+00 3.6681e+01 3.5681e-07 0.0000e+00 3.6681e-07 1.0000e-08 1.6698e+01 3.3395e+24 1.5529e-01 -2.3218e+00 3.9652e-01 5.9628e+02 2.7493e+04 -3.4583e+00 2.7520e+04 2.7459e+04 1.1239e+05 -1.8629e+02 3.6181e-01 0.0000e+00
4.0704e-07 0.0000e+00 4.1204e+01 4.0204e-07 0.0000e+00 4.1204e-07 1.0000e-08 1.6711e+01 3.3421e+24 1.5541e-01 -1.8424e+00 1.2169e-01 5.9602e+02 2.7502e+04 -1.9613e+01 2.7514e+04 2.7481e+04 1.0297e+05 1.8550e+03 4.0704e-01 0.0000e+00
4.5226e-07 0.0000e+00 4.5726e+01 4.4726e-07 0.0000e+00 4.5726e-07 1.0000e-08 1.6711e+01 3.3423e+24 1.5542e-01 -2.2859e+00 -1.2807e-01 5.9589e+02 2.7497e+04 -1.4299e+01 2.7509e+04 2.7493e+04 1.0089e+05 -1.4984e+04 4.5226e-01 0.0000e+00
4.9749e-07 0.0000e+00 5.0249e+01 4.9249e-07 0.0000e+00 5.0249e-07 1.0000e-08 1.6718e+01 3.3436e+24 1.5548e-01 -2.3107e+00 -1.0020e-01 5.9607e+02 2.7517e+04 -4.5150e+01 2.7549e+04 2.7506e+04 1.1950e+05 -2.8355e+03 4.9749e-01 0.0000e+00
5.4271e-07 0.0000e+00 5.4771e+01 5.3771e-07 0.0000e+00 5.4771e-07 1.0000e-08 1.6727e+01 3.3454e+24 1.5556e-01 -2.5367e+00 2.1822e-01 5.9527e+02 2.7495e+04 -1.8551e+01 2.7523e+04 2.7454e+04 1.0238e+05 -2.2966e+04 5.4271e-01 0.0000e+00
5.8794e-07 0.0000e+00 5.9294e+01 5.8294e-07 0.0000e+00 5.9294e-07 1.0000e-08 1.6733e+01 3.3467e+24 1.5562e-01 -2.5503e+00 1.5029e-02 5.9498e+02 2.7491e+04 1.4595e+01 2.7520e+04 2.7447e+04 1.2901e+05 -1.2494e+04 5.8794e-01 0.0000e+00
6.3317e-07 0.0000e+00 6.3817e+01 6.2817e-07 0.0000e+00 6.3817e-07 1.0000e-08 1.6736e+01 3.3472e+24 1.5565e-01 -3.0477e+00 1.9406e-01 5.9466e+02 2.7481e+04 1.6100e+01 2.7517e+04 2.7427e+04 1.2779e+05 9.1010e+03 6.3317e-01 0.0000e+00
6.7839e-07 0.0000e+00 6.8339e+01 6.7339e-07 0.0000e+00 6.8339e-07 1.0000e-08 1.6754e+01 3.3508e+24 1.5581e-01 -3.0397e+00 1.8408e-02 5.9472e+02 2.7514e+04 1.1863e+01 2.7553e+04 2.7492e+04 1.3064e+05 -5.0106e+03 6.7839e-01 0.0000e+00
7.2362e-07 0.0000e+00 7.2862e+01 7.1862e-07 0.0000e+00 7.2862e-07 1.0000e-08 1.6764e+01 3.3527e+24 1.5590e-01 -2.8379e+00 3.1184e-01 5.9448e+02 2.7518e+04 -2.2796e+01 2.7573e+04 2.7488e+04 1.5455e+05 3.6758e+03 7.2362e-01 0.0000e+00
7.6884e-07 0.0000e+00 7.7384e+01 7.6384e-07 0.0000e+00 7.7384e-07 1.0000e-08 1.6773e+01 3.3545e+24 1.5598e-01 -2.9716e+00 5.9238e-02 5.9466e+02 2.7541e+04 -4.6762e+00 2.7569e+04 2.7505e+04 1.4603e+05 -1.5157e+04 7.6884e-01 0.0000e+00
8.1407e-07 0.0000e+00 8.1907e+01 8.0907e-07 0.0000e+00 8.1907e-07 1.0000e-08 1.6785e+01 3.3569e+24 1.5610e-01 -2.8627e+00 2.9038e-01 5.9399e+02 2.7530e+04 -6.3808e+00 2.7538e+04 2.7502e+04 1.4371e+05 -1.4020e+04 8.1407e-01 0.0000e+00
8.5930e-07 0.0000e+00 8.6430e+01 8.5430e-07 0.0000e+00 8.6430e-07 1.0000e-08 1.6784e+01 3.3568e+24 1.5609e-01 -3.3266e+00 3.5519e-01 5.9393e+02 2.7526e+04 -1.5158e+01 2.7574e+04 2.7472e+04 1.5735e+05 -9.4878e+03 8.5930e-01 0.0000e+00
9.0452e-07 0.0000e+00 9.0952e+01 8.9952e-07 0.0000e+00 9.0952e-07 1.0000e-08 1.6790e+01 3.3580e+24 1.5615e-01 -3.4657e+00 -8.7560e-02 5.9300e+02 2.7493e+04 -3.5354e+00 2.7534e+04 2.7440e+04 1.4478e+05 5.6766e+03 9.0452e-01 0.0000e+00
9.4975e-07 0.0000e+00 9.5475e+01 9.4475e-07 0.0000e+00 9.5475e-07 1.0000e-08 1.6793e+01 3.3586e+24 1.5617e-01 -3.5531e+00 -4.5080e-02 5.9332e+02 2.7512e+04 -7.7420e+00 2.7557e+04 2.7467e+04 1.5924e+05 1.0037e+04 9.4975e-01 0.0000e+00
9.9497e-07 0.0000e+00 9.9997e+01 9.8997e-07 0.0000e+00 9.9997e-07 1.0000e-08 1.6820e+01 3.3639e+24 1.5642e-01 -4.1075e+00 1.2271e-01 5.9268e+02 2.7527e+04 1.0003e+01 2.7572e+04 2.7475e+04 1.8187e+05 1.2833e+04 9.9497e-01 0.0000e+00
1.0402e-06 0.0000e+00 1.0452e+02 1.0352e-06 0.0000e+00 1.0452e-06 1.0000e-08 1.6821e+01 3.3643e+24 1.5644e-01 -3.8970e+00 -1.6930e-02 5.9269e+02 2.7529e+04 8.5101e+00 2.7568e+04 2.7501e+04 1.8280e+05 -1.3842e+04 1.0402e+00 0.0000e+00
1.0854e-06 0.0000e+00 1.0904e+02 1.0804e-06 0.0000e+00 1.0904e-06 1.0000e-08 1.6847e+01 3.3693e+24 1.5667e-01 -4.1895e+00 -3.2901e-02 5.9195e+02 2.7537e+04 -5.5360e+00 2.7581e+04 2.7491e+04 2.0215e+05 3.1428e+03 1.0854e+00 0.0000e+00
1.1307e-06 0.0000e+00 1.1357e+02 1.1257e-06 0.0000e+00 1.1357e-06 1.0000e-08 1.6841e+01 3.3681e+24 1.5662e-01 -4.2469e+00 3.0979e-01 5.9193e+02 2.7526e+04 3.1429e+00 2.7572e+04 2.7471e+04 2.0266e+05 -1.0310e+03 1.1307e+00 0.0000e+00
1.1759e-06 0.0000e+00 1.1809e+02 1.1709e-06 0.0000e+00 1.1809e-06 1.0000e-08 1.6861e+01 3.3723e+24 1.5681e-01 -4.4340e+00 1.5167e-01 5.9175e+02 2.7552e+04 6.4983e+00 2.7578e+04 2.7506e+04 2.2456e+05 -7.8791e+03 1.1759e+00 0.0000e+00
1.2211e-06 0.0000e+00 1.2261e+02 1.2161e-06 0.0000e+00 1.2261e-06 1.0000e-08 1.6864e+01 3.3728e+24 1.5683e-01 -4.6513e+00 2.0160e-01 5.9107e+02 2.7524e+04 -2.3932e+00 2.7552e+04 2.7470e+04 2.1421e+05 -3.4915e+02 1.2211e+00 0.0000e+00
1.2663e-06 0.0000e+00 1.2713e+02 1.2613e-06 0.0000e+00 1.2713e-06 1.0000e-08 1.6891e+01 3.3783e+24 1.5709e-01 -5.2459e+00 5.1017e-01 5.9041e+02 2.7538e+04 5.6369e+00 2.7597e+04 2.7515e+04 2.4307e+05 7.8955e+03 1.2663e+00 0.0000e+00
1.3116e-06 0.0000e+00 1.3166e+02 1.3066e-06 0.0000e+00 1.3166e-06 1.0000e-08 1.6905e+01 3.3809e+24 1.5721e-01 -5.1638e+00 6.2641e-03 5.9007e+02 2.7544e+04 -1.1142e+01 2.7590e+04 2.7498e+04 2.4547e+05 1.4160e+04 1.3116e+00 0.0000e+00
1.3568e-06 0.0000e+00 1.3618e+02 1.3518e-06 0.0000e+00 1.3618e-06 1.0000e-08 1.6924e+01 3.3848e+24 1.5739e-01 -5.4343e+00 1.1883e-01 5.8979e+02 2.7562e+04 -5.4670e+00 2.7600e+04 2.7517e+04 2.5561e+05 -1.1192e+04 1.3568e+00 0.0000e+00
1.4020e-06 0.0000e+00 1.4070e+02 1.3970e-06 0.0000e+00 1.4070e-06 1.0000e-08 1.6951e+01 3.3902e+24 1.5764e-01 -5.9551e+00 5.3739e-02 5.8867e+02 2.7554e+04 -6.9148e+00 2.7582e+04 2.7505e+04 2.7453e+05 -6.5220e+02 1.4020e+00 0.0000e+00
1.4472e-06 0.0000e+00 1.4522e+02 1.4422e-06 0.0000e+00 1.4522e-06 1.0000e-08 1.6949e+01 3.3899e+24 1.5763e-01 -6.0958e+00 -3.3374e-01 5.8922e+02 2.7577e+04 -1.7650e+01 2.7609e+04 2.7551e+04 2.8996e+05 -1.6989e+04 1.4472e+00 0.0000e+00
1.4925e-06 0.0000e+00 1.4975e+02 1.4875e-06 0.0000e+00 1.4975e-06 1.0000e-08 1.6997e+01 3.3994e+24 1.5807e-01 -6.4113e+00 -3.0506e-02 5.8806e+02 2.7600e+04 -4.0496e+00 2.7637e+04 2.7561e+04 3.2786e+05 3.4800e+03 1.4925e+00 0.0000e+00
1.5377e-06 0.0000e+00 1.5427e+02 1.5327e-06 0.0000e+00 1.5427e-06 1.0000e-08 1.6999e+01 3.3998e+24 1.5809e-01 -6.8707e+00 1.1930e-01 5.8750e+02 2.7577e+04 -6.8031e+00 2.7575e+04 2.7558e+04 3.2400e+05 -1.3884e+04 1.5377e+00 0.0000e+00
1.5829e-06 0.0000e+00 1.5879e+02 1.5779e-06 0.0000e+00 1.5879e-06 1.0000e-08 1.7038e+01 3.4076e+24 1.5845e-01 -6.5134e+00 -6.8184e-02 5.8642e+02 2.7589e+04 1.7718e+01 2.7591e+04 2.7574e+04 3.4525e+05 1.9067e+03 1.5829e+00 0.0000e+00
1.6281e-06 0.0000e+00 1.6331e+02 1.6231e-06 0.0000e+00 1.6331e-06 1.0000e-08 1.7063e+01 3.4126e+24 1.5869e-01 -7.3010e+00 -1.2258e-01 5.8566e+02 2.7594e+04 4.1745e+00 2.7610e+04 2.7575e+04 3.6386e+05 3.9389e+03 1.6281e+00 0.0000e+00
1.6734e-06 0.0000e+00 1.6784e+02 1.6684e-06 0.0000e+00 1.6784e-06 1.0000e-08 1.7093e+01 3.4187e+24 1.5897e-01 -7.4012e+00 -3.5385e-01 5.8549e+02 2.7635e+04 -6.9821e+00 2.7623e+04 2.7637e+04 3.8410e+05 -7.4721e+03 1.6734e+00 0.0000e+00
1.7186e-06 0.0000e+00 1.7236e+02 1.7136e-06 0.0000e+00 1.7236e-06 1.0000e-08 1.7123e+01 3.4246e+24 1.5924e-01 -7.5935e+00 -5.3136e-02 5.8441e+02 2.7632e+04 1.0462e+01 2.7585e+04 2.7648e+04 3.9783e+05 3.1468e+03 1.7186e+00 0.0000e+00
1.7638e-06 0.0000e+00 1.7688e+02 1.7588e-06 0.0000e+00 1.7688e-06 1.0000e-08 1.7141e+01 3.4282e+24 1.5941e-01 -7.5319e+00 -1.8518e-02 5.8364e+02 2.7625e+04 1.1442e+01 2.7615e+04 2.7638e+04 4.2512e+05 -5.9906e+03 1.7638e+00 0.0000e+00
1.8090e-06 0.0000e+00 1.8140e+02 1.8040e-06 0.0000e+00 1.8140e-06 1.0000e-08 1.7178e+01 3.4357e+24 1.5976e-01 -7.9236e+00 1.9331e-01 5.8272e+02 2.7641e+04 1.0903e+01 2.7588e+04 2.7689e+04 4.4557e+05 -2.6824e+03 1.8090e+00 0.0000e+00
1.8543e-06 0.0000e+00 1.8593e+02 1.8493e-06 0.0000e+00 1.8593e-06 1.0000e-08 1.7226e+01 3.4452e+24 1.6020e-01 -7.9972e+00 2.4697e-01 5.8135e+02 2.7652e+04 7.0711e+00 2.7606e+04 2.7676e+04 4.8171e+05 -7.5515e+03 1.8543e+00 0.0000e+00
1.8995e-06 0.0000e+00 1.9045e+02 1.8945e-06 0.0000e+00 1.9045e-06 1.0000e-08 1.7253e+01 3.4506e+24 1.6046e-01 -8.4809e+00 -2.1975e-01 5.8028e+02 2.7645e+04 2.9915e+00 2.7556e+04 2.7714e+04 4.9812e+05 -1.2978e+04 1.8995e+00 0.0000e+00
1.9447e-06 0.0000e+00 1.9497e+02 1.9397e-06 0.0000e+00 1.9497e-06 1.0000e-08 1.7292e+01 3.4584e+24 1.6081e-01 -8.4334e+00 -2.1122e-01 5.7909e+02 2.7650e+04 -1.7878e+01 2.7583e+04 2.7711e+04 5.3911e+05 2.8823e+03 1.9447e+00 0.0000e+00
1.9899e-06 0.0000e+00 1.9949e+02 1.9849e-06 0.0000e+00 1.9949e-06 1.0000e-08 1.7335e+01 3.4670e+24 1.6121e-01 -8.7763e+00 -1.1229e-01 5.7809e+02 2.7671e+04 1.2203e+01 2.7549e+04 2.7770e+04 5.7735e+05 -8.4948e+03 1.9899e+00 0.0000e+00
2.0352e-06 0.0000e+00 2.0402e+02 2.0302e-06 0.0000e+00 2.0402e-06 1.0000e-08 1.7375e+01 3.4749e+24 1.6158e-01 -9.2316e+00 4.6104e-01 5.7624e+02 2.7646e+04 -1.2623e+01 2.7524e+04 2.7758e+04 5.8936e+05 -1.5629e+03 2.0352e+00 0.0000e+00
2.0804e-06 0.0000e+00 2.0854e+02 2.0754e-06 0.0000e+00 2.0854e-06 1.0000e-08 1.7445e+01 3.4890e+24 1.6224e-01 -9.1259e+00 1.1808e-01 5.7535e+02 2.7716e+04 -1.7127e+00 2.7596e+04 2.7818e+04 6.2069e+05 1.3023e+04 2.0804e+00 0.0000e+00
2.1256e-06 0.0000e+00 2.1306e+02 2.1206e-06 0.0000e+00 2.1306e-06 1.0000e-08 1.7482e+01 3.4965e+24 1.6258e-01 -9.3944e+00 4.8122e-01 5.7398e+02 2.7708e+04 1.5901e+00 2.7610e+04 2.7787e+04 6.5473e+05 1.2957e+04 2.1256e+00 0.0000e+00
2.1709e-06 0.0000e+00 2.1759e+02 2.1659e-06 0.0000e+00 2.1759e-06 1.0000e-08 1.7538e+01 3.5076e+24 1.6310e-01 -9.5938e+00 2.7986e-01 5.7230e+02 2.7715e+04 -2.7880e+01 2.7597e+04 2.7822e+04 6.7975e+05 -2.0445e+04 2.1709e+00 0.0000e+00
2.2161e-06 0.0000e+00 2.2211e+02 2.2111e-06 0.0000e+00 2.2211e-06 1.0000e-08 1.7574e+01 3.5148e+24 1.6344e-01 -9.8320e+00 2.7550e-01 5.7058e+02 2.7688e+04 -1.6270e+01 2.7569e+04 2.7796e+04 6.9987e+05 -5.7700e+03 2.2161e+00 0.0000e+00
2.2613e-06 0.0000e+00 2.2663e+02 2.2563e-06 0.0000e+00 2.2663e-06 1.0000e-08 1.7633e+01 3.5267e+24 1.6399e-01 -1.0173e+01 9.5204e-02 5.6883e+02 2.7697e+04 1.4312e+01 2.7563e+04 2.7816e+04 7.2307e+05 -1.2213e+04 2.2613e+00 0.0000e+00
2.3065e-06 0.0000e+00 2.3115e+02 2.3015e-06 0.0000e+00 2.3115e-06 1.0000e-08 1.7703e+01 3.5406e+24 1.6464e-01 -9.9187e+00 2.4755e-01 5.6676e+02 2.7705e+04 5.6020e+00 2.7578e+04 2.7815e+04 7.4667e+05 -4.2278e+03 2.3065e+00 0.0000e+00
2.3518e-06 0.0000e+00 2.3568e+02 2.3468e-06 0.0000e+00 2.3568e-06 1.0000e-08 1.7769e+01 3.5538e+24 1.6525e-01 -1.0154e+01 -7.8269e-03 5.6517e+02 2.7730e+04 -1.2306e+01 2.7606e+04 2.7845e+04 7.7143e+05 4.5555e+03 2.3518e+00 0.0000e+00
2.3970e-06 0.0000e+00 2.4020e+02 2.3920e-06 0.0000e+00 2.4020e-06 1.0000e-08 1.7841e+01 3.5682e+24 1.6592e-01 -9.8842e+00 -2.7128e-01 5.6289e+02 2.7730e+04 3.9307e+00 2.7589e+04 2.7851e+04 7.8502e+05 8.6356e+03 2.3970e+00 0.0000e+00
2.4422e-06 0.0000e+00 2.4472e+02 2.4372e-06 0.0000e+00 2.4472e-06 1.0000e-08 1.7888e+01 3.5775e+24 1.6636e-01 -1.0072e+01 -8.3191e-03 5.6089e+02 2.7704e+04 -8.6527e+00 2.7572e+04 2.7831e+04 8.0691e+05 2.8724e+03 2.4422e+00 0.0000e+00
2.4874e-06 0.0000e+00 2.4924e+02 2.4824e-06 0.0000e+00 2.4924e-06 1.0000e-08 1.7959e+01 3.5917e+24 1.6701e-01 -9.9507e+00 8.4797e-02 5.5897e+02 2.7719e+04 3.6705e+00 2.7595e+04 2.7819e+04 8.1803e+05 -6.6305e+03 2.4874e+00 0.0000e+00
2.5327e-06 0.0000e+00 2.5377e+02 2.5277e-06 0.0000e+00 2.5377e-06 1.0000e-08 1.8020e+01 3.6040e+24 1.6759e-01 -9.7353e+00 -3.9593e-01 5.5690e+02 2.7711e+04 -4.4363e+00 2.7549e+04 2.7846e+04 8.3763e+05 9.3108e+03 2.5327e+00 0.0000e+00
2.5779e-06 0.0000e+00 2.5829e+02 2.5729e-06 0.0000e+00 2.5829e-06 1.0000e-08 1.8116e+01 3.6231e+24 1.6848e-01 -9.6237e+00 2.5463e-02 5.5447e+02 2.7736e+04 -3.8877e+00 2.7588e+04 2.7849e+04 8.5401e+05 -1.6138e+04 2.5779e+00 0.0000e+00
2.6231e-06 0.0000e+00 2.6281e+02 2.6181e-06 0.0000e+00 2.6281e-06 1.0000e-08 1.8173e+01 3.6345e+24 1.6901e-01 -9.8668e+00 2.3664e-01 5.5273e+02 2.7736e+04 -2.3185e+00 2.7598e+04 2.7871e+04 8.7339e+05 -5.8375e+02 2.6231e+00 0.0000e+00
2.6683e-06 0.0000e+00 2.6733e+02 2.6633e-06 0.0000e+00 2.6733e-06 1.0000e-08 1.8248e+01 3.6495e+24 1.6970e-01 -1.0096e+01 -6.2349e-02 5.5036e+02 2.7731e+04 -1.7842e+01 2.7602e+04 2.7843e+04 8.7341e+05 -4.7333e+03 2.6683e+00 0.0000e+00
2.7136e-06 0.0000e+00 2.7186e+02 2.7086e-06 0.0000e+00 2.7186e-06 1.0000e-08 1.8329e+01 3.6659e+24 1.7046e-01 -9.9212e+00 1.2819e-02 5.4797e+02 2.7734e+04 1.9172e+01 2.7622e+04 2.7845e+04 9.0006e+05 8.2936e+03 2.7136e+00 0.0000e+00
2.7588e-06 0.0000e+00 2.7638e+02 2.7538e-06 0.0000e+00 2.7638e-06 1.0000e-08 1.8406e+01 3.6813e+24 1.7118e-01 -9.8488e+00 2.1816e-01 5.4571e+02 2.7736e+04 -2.9284e+00 2.7603e+04 2.7858e+04 9.0102e+05 1.3963e+03 2.7588e+00 0.0000e+00
2.8040e-06 0.0000e+00 2.8090e+02 2.7990e-06 0.0000e+00 2.8090e-06 1.0000e-08 1.8478e+01 3.6956e+24 1.7185e-01 -9.7976e+00 1.9290e-01 5.4380e+02 2.7747e+04 -1.4442e+01 2.7638e+04 2.7848e+04 9.2539e+05 -8.9001e+03 2.8040e+00 0.0000e+00
2.8492e-06 0.0000e+00 2.8542e+02 2.8442e-06 0.0000e+00 2.8542e-06 1.0000e-08 1.8577e+01 3.7155e+24 1.7277e-01 -9.9427e+00 -5.0281e-01 5.4061e+02 2.7732e+04 -1.0131e+01 2.7581e+04 2.7851e+04 9.1363e+05 9.4753e+03 2.8492e+00 0.0000e+00
2.8945e-06 0.0000e+00 2.8995e+02 2.8895e-06 0.0000e+00 2.8995e-06 1.0000e-08 1.8648e+01 3.7296e+24 1.7343e-01 -9.5251e+00 2.8743e-01 5.3861e+02 2.7735e+04 -5.8528e+00 2.7623e+04 2.7855e+04 9.2793e+05 -9.8314e+02 2.8945e+00 0.0000e+00
2.9397e-06 0.0000e+00 2.9447e+02 2.9347e-06 0.0000e+00 2.9447e-06 1.0000e-08 1.8734e+01 3.7469e+24 1.7423e-01 -9.5926e+00 1.5471e-01 5.3589e+02 2.7722e+04 1.3384e+01 2.7590e+04 2.7834e+04 9.3519e+05 1.8482e+03 2.9397e+00 0.0000e+00
2.9849e-06 0.0000e+00 2.9899e+02 2.9799e-06 0.0000e+00 2.9899e-06 1.0000e-08 1.8812e+01 3.7624e+24 1.7495e-01 -9.6269e+00 2.9088e-01 5.3413e+02 2.7746e+04 -2.3584e+01 2.7644e+04 2.7840e+04 9.5190e+05 -4.5825e+03 2.9849e+00 0.0000e+00
3.0302e-06 0.0000e+00 3.0352e+02 3.0252e-06 0.0000e+00 3.0352e-06 1.0000e-08 1.8892e+01 3.7784e+24 1.7570e-01 -9.6567e+00 4.9954e-01 5.3171e+02 2.7737e+04 -1.3160e+00 2.7633e+04 2.7837e+04 9.6955e+05 4.4322e+03 3.0302e+00 0.0000e+00
3.0754e-06 0.0000e+00 3.0804e+02 3.0704e-06 0.0000e+00 3.0804e-06 1.0000e-08 1.8979e+01 3.7958e+24 1.7651e-01 -9.3718e+00 6.2474e-02 5.2879e+02 2.7712e+04 -2.8708e+01 2.7628e+04 2.7796e+04 9.7228e+05 -1.2597e+04 3.0754e+00 0.0000e+00
3.1206e-06 0.0000e+00 3.1256e+02 3.1156e-06 0.0000e+00 3.1256e-06 1.0000e-08 1.9075e+01 3.8150e+24 1.7740e-01 -9.5214e+00 1.0168e-01 5.2655e+02 2.7734e+04 -1.2629e+01 2.7651e+04 2.7806e+04 9.8982e+05 -1.6610e+03 3.1206e+00 0.0000e+00
3.1658e-06 0.0000e+00 3.1708e+02 3.1608e-06 0.0000e+00 3.1708e-06 1.0000e-08 1.9162e+01 3.8325e+24 1.7821e-01 -9.6696e+00 5.5945e-02 5.2449e+02 2.7752e+04 1.5571e+01 2.7648e+04 2.7828e+04 9.6015e+05 -9.6238e+03 3.1658e+00 0.0000e+00
3.2111e-06 0.0000e+00 3.2161e+02 3.2061e-06 0.0000e+00 3.2161e-06 1.0000e-08 1.9243e+01 3.8487e+24 1.7896e-01 -9.1285e+00 4.6060e-01 5.2179e+02 2.7726e+04 1.2887e+01 2.7636e+04 2.7828e+04 9.8557e+05 1.0369e+04 3.2111e+00 0.0000e+00
3.2563e-06 0.0000e+00 3.2613e+02 3.2513e-06 0.0000e+00 3.2613e-06 1.0000e-08 1.9329e+01 3.8658e+24 1.7976e-01 -9.2967e+00 -2.1050e-01 5.1905e+02 2.7703e+04 2.5205e+00 2.7597e+04 2.7803e+04 9.8116e+05 7.2807e+03 3.2563e+00 0.0000e+00
3.3015e-06 0.0000e+00 3.3065e+02 3.2965e-06 0.0000e+00 3.3065e-06 1.0000e-08 1.9438e+01 3.8876e+24 1.8077e-01 -9.1925e+00 9.9265e-02 5.1665e+02 2.7731e+04 8.7425e-01 2.7645e+04 2.7792e+04 9.8071e+05 1.4337e+03 3.3015e+00 0.0000e+00
3.3467e-06 0.0000e+00 3.3517e+02 3.3417e-06 0.0000e+00 3.3517e-06 1.0000e-08 1.9517e+01 3.9033e+24 1.8150e-01 -9.4801e+00 1.0726e-01 5.1393e+02 2.7696e+04 -1.8581e+01 2.7632e+04 2.7758e+04 9.9771e+05 1.2289e+03 3.3467e+00 0.0000e+00
3.3920e-06 0.0000e+00 3.3970e+02 3.3870e-06 0.0000e+00 3.3970e-06 1.0000e-08 1.9607e+01 3.9214e+24 1.8235e-01 -9.4619e+00 1.4529e-01 5.1157e+02 2.7697e+04 -6.4485e+00 2.7634e+04 2.7786e+04 9.9483e+05 -6.7586e+02 3.3920e+00 0.0000e+00
3.4372e-06 0.0000e+00 3.4422e+02 3.4322e-06 0.0000e+00 3.4422e-06 1.0000e-08 1.9694e+01 3.9388e+24 1.8315e-01 -9.2681e+00 -1.0610e-02 5.0907e+02 2.7684e+04 -3.9303e+00 2.7610e+04 2.7754e+04 1.0012e+06 -1.4716e+04 3.4372e+00 0.0000e+00
3.4824e-06 0.0000e+00 3.4874e+02 3.4774e-06 0.0000e+00 3.4874e-06 1.0000e-08 1.9818e+01 3.9635e+24 1.8430e-01 -8.9234e+00 -2.6587e-01 5.0670e+02 2.7728e+04 6.4782e+00 2.7664e+04 2.7780e+04 1.0165e+06 -4.7474e+02 3.4824e+00 0.0000e+00
3.5276e-06 0.0000e+00 3.5326e+02 3.5226e-06 0.0000e+00 3.5326e-06 1.0000e-08 1.9902e+01 3.9805e+24 1.8509e-01 -9.0354e+00 -2.9337e-01 5.0356e+02 2.7673e+04 4.1887e+00 2.7631e+04 2.7711e+04 1.0229e+06 1.7641e+03 3.5276e+00 0.0000e+00
3.5729e-06 0.0000e+00 3.5779e+02 3.5679e-06 0.0000e+00 3.5779e-06 1.0000e-08 2.0006e+01 4.0011e+24 1.8605e-01 -9.0360e+00 -6.7166e-02 5.0118e+02 2.7686e+04 1.4082e+01 2.7619e+04 2.7749e+04 1.0076e+06 2.1857e+04 3.5729e+00 0.0000e+00
3.6181e-06 0.0000e+00 3.6231e+02 3.6131e-06 0.0000e+00 3.6231e-06 1.0000e-08 2.0112e+01 4.0225e+24 1.8704e-01 -8.5773e+00 -1.1368e-01 4.9891e+02 2.7708e+04 3.0140e+00 2.7670e+04 2.7759e+04 1.0188e+06 4.3942e+03 3.6181e+00 0.0000e+00
3.6633e-06 0.0000e+00 3.6683e+02 3.6583e-06 0.0000e+00 3.6683e-06 1.0000e-08 2.0208e+01 4.0416e+24 1.8794e-01 -8.9243e+00 5.7482e-01 4.9632e+02 2.7695e+04 8.6663e+00 2.7659e+04 2.7731e+04 1.0176e+06 1.8049e+03 3.6633e+00 0.0000e+00
3.7085e-06 0.0000e+00 3.7135e+02 3.7035e-06 0.0000e+00 3.7135e-06 1.0000e-08 2.0309e+01 4.0617e+24 1.8887e-01 -8.8934e+00 -9.4990e-02 4.9322e+02 2.7659e+04 2.8920e+01 2.7610e+04 2.7708e+04 1.0103e+06 5.8429e+03 3.7085e+00 0.0000e+00
3.7538e-06 0.0000e+00 3.7588e+02 3.7488e-06 0.0000e+00 3.7588e-06 1.0000e-08 2.0408e+01 4.0816e+24 1.8980e-01 -8.8470e+00 -6.7646e-02 4.9066e+02 2.7650e+04 -2.5958e+00 2.7578e+04 2.7700e+04 1.0150e+06 -8.0965e+03 3.7538e+00 0.0000e+00
3.7990e-06 0.0000e+00 3.8040e+02 3.7940e-06 0.0000e+00 3.8040e-06 1.0000e-08 2.0505e+01 4.1010e+24 1.9070e-01 -8.7953e+00 8.5547e-03 4.8867e+02 2.7669e+04 2.3111e+00 2.7591e+04 2.7736e+04 1.0134e+06 1.3922e+04 3.7990e+00 0.0000e+00
3.8442e-06 0.0000e+00 3.8492e+02 3.8392e-06 0.0000e+00 3.8492e-06 1.0000e-08 2.0633e+01 4.1266e+24 1.9189e-01 -8.6694e+00 -8.1422e-02 4.8603e+02 2.7691e+04 1.7251e+00 2.7612e+04 2.7741e+04 1.0229e+06 -1.0796e+04 3.8442e+00 0.0000e+00
3.8894e-06 0.0000e+00 3.8944e+02 3.8844e-06 0.0000e+00 3.8944e-06 1.0000e-08 2.0738e+01 4.1476e+24 1.9286e-01 -8.5207e+00 3.5884e-02 4.8316e+02 2.7667e+04 9.0814e+00 2.7612e+04 2.7721e+04 1.0248e+06 -6.3152e+03 3.8894e+00 0.0000e+00
3.9347e-06 0.0000e+00 3.9397e+02 3.9297e-06 0.0000e+00 3.9397e-06 1.0000e-08 2.0842e+01 4.1683e+24 1.9383e-01 -8.7650e+00 -3.8007e-01 4.8059e+02 2.7658e+04 -7.1837e+00 2.7604e+04 2.7698e+04 1.0266e+06 -5.3714e+03 3.9347e+00 0.0000e+00
3.9799e-06 0.0000e+00 3.9849e+02 3.9749e-06 0.0000e+00 3.9849e-06 1.0000e-08 2.0955e+01 4.1910e+24 1.9488e-01 -8.7218e+00 -2.5132e-02 4.7768e+02 2.7640e+04 -1.7009e+01 2.7611e+04 2.7670e+04 1.0233e+06 -8.6854e+03 3.9799e+00 0.0000e+00
4.0251e-06 0.0000e+00 4.0301e+02 4.0201e-06 0.0000e+00 4.0301e-06 1.0000e-08 2.1063e+01 4.2127e+24 1.9589e-01 -8.5725e+00 2.0117e-01 4.7515e+02 2.7636e+04 -3.2057e+00 2.7593e+04 2.7665e+04 1.0250e+06 2.7708e+02 4.0251e+00 0.0000e+00
4.0704e-06 0.0000e+00 4.0754e+02 4.0654e-06 0.0000e+00 4.0754e-06 1.0000e-08 2.1181e+01 4.2363e+24 1.9699e-01 -8.6082e+00 9.2724e-02 4.7258e+02 2.7640e+04 -3.5577e+00 2.7607e+04 2.7675e+04 1.0268e+06 -1.9222e+03 4.0704e+00 0.0000e+00
4.1156e-06 0.0000e+00 4.1206e+02 4.1106e-06 0.0000e+00 4.1206e-06 1.0000e-08 2.1296e+01 4.2592e+24 1.9805e-01 -8.7471e+00 7.4429e-02 4.7014e+02 2.7646e+04 3.3505e+00 2.7603e+04 2.7674e+04 1.0307e+06 -7.5290e+03 4.1156e+00 0.0000e+00
4.1608e-06 0.0000e+00 4.1658e+02 4.1558e-06 0.0000e+00 4.1658e-06 1.0000e-08 2.1421e+01 4.2841e+24 1.9921e-01 -8.3695e+00 2.1404e-01 4.6764e+02 2.7660e+04 -2.0522e+01 2.7614e+04 2.7702e+04 1.0270e+06 3.7779e+03 4.1608e+00 0.0000e+00
4.2060e-06 0.0000e+00 4.2110e+02 4.2010e-06 0.0000e+00 4.2110e-06 1.0000e-08 2.1532e+01 4.3064e+24 2.0025e-01 -8.5976e+00 -1.6185e-01 4.6484e+02 2.7638e+04 9.7540e+00 2.7580e+04 2.7671e+04 1.0275e+06 7.7716e+03 4.2060e+00 0.0000e+00
4.2513e-06 0.0000e+00 4.2563e+02 4.2463e-06 0.0000e+00 4.2563e-06 1.0000e-08 2.1630e+01 4.3260e+24 2.0116e-01 -8.5470e+00 -3.3523e-02 4.6218e+02 2.7605e+04 -1.4691e+01 2.7579e+04 2.7640e+04 1.0190e+06 6.7997e+03 4.2513e+00 0.0000e+00
4.2965e-06 0.0000e+00 4.3015e+02 4.2915e-06 0.0000e+00 4.3015e-06 1.0000e-08 2.1745e+01 4.3490e+24 2.0223e-01 -8.2171e+00 -1.2125e-01 4.5950e+02 2.7590e+04 -2.6056e+00 2.7536e+04 2.7625e+04 1.0205e+06 -4.2895e+03 4.2965e+00 0.0000e+00
4.3417e-06 0.0000e+00 4.3467e+02 4.3367e-06 0.0000e+00 4.3467e-06 1.0000e-08 2.1890e+01 4.3781e+24 2.0358e-01 -8.5537e+00 2.9436e-02 4.5692e+02 2.7619e+04 -1.4650e+00 2.7601e+04 2.7630e+04 1.0164e+06 -4.8689e+03 4.3417e+00 0.0000e+00
4.3869e-06 0.0000e+00 4.3919e+02 4.3819e-06 0.0000e+00 4.3919e-06 1.0000e-08 2.2016e+01 4.4032e+24 2.0475e-01 -8.0482e+00 -6.2969e-02 4.5441e+02 2.7625e+04 -1.3392e-02 2.7598e+04 2.7640e+04 1.0226e+06 -5.7031e+03 4.3869e+00 0.0000e+00
4.4322e-06 0.0000e+00 4.4372e+02 4.4272e-06 0.0000e+00 4.4372e-06 1.0000e-08 2.2133e+01 4.4266e+24 2.0584e-01 -8.1372e+00 7.6631e-02 4.5158e+02 2.7599e+04 1.6100e+01 2.7566e+04 2.7623e+04 1.0172e+06 -7.5096e+03 4.4322e+00 0.0000e+00
4.4774e-06 0.0000e+00 4.4824e+02 4.4724e-06 0.0000e+00 4.4824e-06 1.0000e-08 2.2270e+01 4.4541e+24 2.0711e-01 -8.1339e+00 -1.2665e-02 4.4880e+02 2.7599e+04 -5.4112e+00 2.7565e+04 2.7636e+04 1.0243e+06 2.4651e+03 4.4774e+00 0.0000e+00
4.5226e-06 0.0000e+00 4.5276e+02 4.5176e-06 0.0000e+00 4.5276e-06 1.0000e-08 2.2393e+01 4.4786e+24 2.0826e-01 -8.2173e+00 9.6636e-02 4.4599e+02 2.7578e+04 8.9355e+00 2.7536e+04 2.7618e+04 1.0206e+06 1.6269e+03 4.5226e+00 0.0000e+00
4.5678e-06 0.0000e+00 4.5728e+02 4.5628e-06 0.0000e+00 4.5728e-06 1.0000e-08 2.2513e+01 4.5026e+24 2.0937e-01 -8.0692e+00 1.9631e-03 4.4383e+02 2.7591e+04 2.6392e+00 2.7575e+04 2.7612e+04 1.0012e+06 -6.5670e+03 4.5678e+00 0.0000e+00
4.6131e-06 0.0000e+00 4.6181e+02 4.6081e-06 0.0000e+00 4.6181e-06 1.0000e-08 2.2635e+01 4.5271e+24 2.1051e-01 -7.9237e+00 2.5001e-02 4.4088e+02 2.7556e+04 -2.7734e+01 2.7550e+04 2.7575e+04 1.0082e+06 2.2155e+03 4.6131e+00 0.0000e+00
4.6583e-06 0.0000e+00 4.6633e+02 4.6533e-06 0.0000e+00 4.6633e-06 1.0000e-08 2.2763e+01 4.5525e+24 2.1169e-01 -7.7336e+00 -1.4564e-01 4.3835e+02 2.7552e+04 -5.5514e+00 2.7541e+04 2.7570e+04 1.0076e+06 -4.5457e+03 4.6583e+00 0.0000e+00
4.7035e-06 0.0000e+00 4.7085e+02 4.6985e-06 0.0000e+00 4.7085e-06 1.0000e-08 2.2887e+01 4.5774e+24 2.1285e-01 -7.7762e+00 3.0770e-02 4.3568e+02 2.7534e+04 2.2034e+00 2.7499e+04 2.7558e+04 1.0058e+06 1.5501e+03 4.7035e+00 0.0000e+00
4.7487e-06 0.0000e+00 4.7537e+02 4.7437e-06 0.0000e+00 4.7537e-06 1.0000e-08 2.3036e+01 4.6071e+24 2.1423e-01 -7.8257e+00 -1.3293e-01 4.3311e+02 2.7549e+04 -6.2185e+00 2.7547e+04 2.7557e+04 1.0002e+06 5.8587e+03 4.7487e+00 0.0000e+00
4.7940e-06 0.0000e+00 4.7990e+02 4.7890e-06 0.0000e+00 4.7990e-06 1.0000e-08 2.3157e+01 4.6313e+24 2.1536e-01 -7.8034e+00 2.8472e-01 4.3049e+02 2.7527e+04 -1.1213e+01 2.7487e+04 2.7555e+04 1.0120e+06 1.5804e+03 4.7940e+00 0.0000e+00
4.8392e-06 0.0000e+00 4.8442e+02 4.8342e-06 0.0000e+00 4.8442e-06 1.0000e-08 2.3293e+01 4.6586e+24 2.1663e-01 -7.7263e+00 -1.0622e-01 4.2800e+02 2.7529e+04 -1.1156e+01 2.7503e+04 2.7524e+04 9.9949e+05 6.9486e+03 4.8392e+00 0.0000e+00
4.8844e-06 0.0000e+00 4.8894e+02 4.8794e-06 0.0000e+00 4.8894e-06 1.0000e-08 2.3442e+01 4.6884e+24 2.1801e-01 -8.0663e+00 8.6138e-02 4.2505e+02 2.7514e+04 -5.2189e+00 2.7482e+04 2.7528e+04 9.9588e+05 6.9879e+03 4.8844e+00 0.0000e+00
4.9296e-06 0.0000e+00 4.9346e+02 4.9246e-06 0.0000e+00 4.9346e-06 1.0000e-08 2.3573e+01 4.7146e+24 2.1923e-01 -7.8430e+00 2.2981e-01 4.2244e+02 2.7498e+04 1.1087e+01 2.7469e+04 2.7488e+04 1.0046e+06 -4.6253e+03 4.9296e+00 0.0000e+00
4.9749e-06 0.0000e+00 4.9799e+02 4.9699e-06 0.0000e+00 4.9799e-06 1.0000e-08 2.3714e+01 4.7427e+24 2.2054e-01 -7.6487e+00 -2.0049e-01 4.1996e+02 2.7499e+04 -5.2278e+00 2.7492e+04 2.7495e+04 9.9446e+05 -1.1210e+03 4.9749e+00 0.0000e+00
5.0201e-06 0.0000e+00 5.0251e+02 5.0151e-06 0.0000e+00 5.0251e-06 1.0000e-08 2.3870e+01 4.7740e+24 2.2199e-01 -7.8537e+00 -2.6938e-01 4.1761e+02 2.7525e+04 6.0289e+00 2.7510e+04 2.7534e+04 9.8806e+05 6.1300e+02 5.0201e+00 0.0000e+00
5.0653e-06 0.0000e+00 5.0703e+02 5.0603e-06 0.0000e+00 5.0703e-06 1.0000e-08 2.3990e+01 4.7980e+24 2.2311e-01 -7.4294e+00 -9.5340e-02 4.1477e+02 2.7476e+04 -1.7763e+01 2.7470e+04 2.7473e+04 9.7583e+05 3.8070e+03 5.0653e+00 0.0000e+00
5.1106e-06 0.0000e+00 5.1156e+02 5.1056e-06 0.0000e+00 5.1156e-06 1.0000e-08 2.4148e+01 4.8296e+24 2.2458e-01 -7.4649e+00 -1.1970e-01 4.1219e+02 2.7484e+04 -3.8237e+00 2.7473e+04 2.7484e+04 9.7280e+05 5.6661e+03 5.1106e+00 0.0000e+00
5.1558e-06 0.0000e+00 5.1608e+02 5.1508e-06 0.0000e+00 5.1608e-06 1.0000e-08 2.4289e+01 4.8578e+24 2.2589e-01 -7.2431e+00 -7.4888e-02 4.0975e+02 2.7482e+04 3.7881e+00 2.7477e+04 2.7507e+04 9.7528e+05 5.4196e+03 5.1558e+00 0.0000e+00
5.2010e-06 0.0000e+00 5.2060e+02 5.1960e-06 0.0000e+00 5.2060e-06 1.0000e-08 2.4443e+01 4.8886e+24 2.2732e-01 -7.1746e+00 -8.7104e-02 4.0705e+02 2.7474e+04 -7.2175e+00 2.7455e+04 2.7474e+04 9.6646e+05 7.8579e+02 5.2010e+00 0.0000e+00
5.2462e-06 0.0000e+00 5.2512e+02 5.2412e-06 0.0000e+00 5.2512e-06 1.0000e-08 2.4593e+01 4.9185e+24 2.2871e-01 -7.3952e+00 -1.3586e-01 4.0429e+02 2.7454e+04 -4.5590e+00 2.7446e+04 2.7447e+04 9.7635e+05 -3.2907e+03 5.2462e+00 0.0000e+00
5.2915e-06 0.0000e+00 5.2965e+02 5.2865e-06 0.0000e+00 5.2965e-06 1.0000e-08 2.4760e+01 4.9519e+24 2.3026e-01 -7.2342e+00 5.1847e-02 4.0200e+02 2.7484e+04 -1.4608e+01 2.7497e+04 2.7472e+04 9.6656e+05 -3.1599e+03 5.2915e+00 0.0000e+00
5.3367e-06 0.0000e+00 5.3417e+02 5.3317e-06 0.0000e+00 5.3417e-06 1.0000e-08 2.4914e+01 4.9827e+24 2.3170e-01 -7.2552e+00 -7.1595e-02 3.9903e+02 2.7451e+04 -7.7406e+00 2.7451e+04 2.7431e+04 9.6159e+05 -3.9457e+03 5.3367e+00 0.0000e+00
5.3819e-06 0.0000e+00 5.3869e+02 5.3769e-06 0.0000e+00 5.3869e-06 1.0000e-08 2.5054e+01 5.0108e+24 2.3300e-01 -7.2437e+00 -1.1420e-01 3.9644e+02 2.7427e+04 -1.3138e+01 2.7428e+04 2.7426e+04 9.6629e+05 1.5270e+03 5.3819e+00 0.0000e+00
5.4271e-06 0.0000e+00 5.4321e+02 5.4221e-06 0.0000e+00 5.4321e-06 1.0000e-08 2.5210e+01 5.0419e+24 2.3445e-01 -6.9501e+00 -4.4434e-02 3.9409e+02 2.7433e+04 1.1716e+01 2.7423e+04 2.7423e+04 9.5166e+05 3.3803e+03 5.4271e+00 0.0000e+00
5.4724e-06 0.0000e+00 5.4774e+02 5.4674e-06 0.0000e+00 5.4774e-06 1.0000e-08 2.5364e+01 5.0728e+24 2.3588e-01 -6.9710e+00 -5.3959e-02 3.9130e+02 2.7405e+04 -9.7782e+00 2.7402e+04 2.7394e+04 9.4545e+05 -2.1472e+03 5.4724e+00 0.0000e+00
5.5176e-06 0.0000e+00 5.5226e+02 5.5126e-06 0.0000e+00 5.5226e-06 1.0000e-08 2.5548e+01 5.1097e+24 2.3760e-01 -7.1540e+00 1.7793e-01 3.8870e+02 2.7421e+04 3.7951e+00 2.7444e+04 2.7421e+04 9.4143e+05 -4.9226e+03 5.5176e+00 0.0000e+00
5.5628e-06 0.0000e+00 5.5678e+02 5.5578e-06 0.0000e+00 5.5678e-06 1.0000e-08 2.5701e+01 5.1401e+24 2.3902e-01 -6.9222e+00 2.0415e-01 3.8604e+02 2.7396e+04 -5.1928e+00 2.7403e+04 2.7382e+04 9.3457e+05 -9.6367e+03 5.5628e+00 0.0000e+00
5.6080e-06 0.0000e+00 5.6130e+02 5.6030e-06 0.0000e+00 5.6130e-06 1.0000e-08 2.5865e+01 5.1730e+24 2.4054e-01 -6.8967e+00 1.5074e-02 3.8368e+02 2.7403e+04 -3.0441e+00 2.7410e+04 2.7397e+04 9.2792e+05 -1.9985e+03 5.6080e+00 0.0000e+00
5.6533e-06 0.0000e+00 5.6583e+02 5.6483e-06 0.0000e+00 5.6583e-06 1.0000e-08 2.6032e+01 5.2063e+24 2.4209e-01 -6.9632e+00 -1.1589e-01 3.8116e+02 2.7398e+04 3.4309e+00 2.7411e+04 2.7382e+04 9.2818e+05 3.8895e+03 5.6533e+00 0.0000e+00
5.6985e-06 0.0000e+00 5.7035e+02 5.6935e-06 0.0000e+00 5.7035e-06 1.0000e-08 2.6197e+01 5.2394e+24 2.4363e-01 -6.8051e+00 2.6005e-02 3.7866e+02 2.7391e+04 -9.0037e-01 2.7389e+04 2.7384e+04 9.2070e+05 1.8412e+03 5.6985e+00 0.0000e+00
5.7437e-06 0.0000e+00 5.7487e+02 5.7387e-06 0.0000e+00 5.7487e-06 1.0000e-08 2.6364e+01 5.2728e+24 2.4518e-01 -6.8660e+00 1.2210e-01 3.7590e+02 2.7365e+04 -1.0340e+01 2.7394e+04 2.7338e+04 9.1401e+05 -1.5102e+03 5.7437e+00 0.0000e+00
5.7889e-06 0.0000e+00 5.7939e+02 5.7839e-06 0.0000e+00 5.7939e-06 1.0000e-08 2.6517e+01 5.3034e+24 2.4661e-01 -6.7566e+00 8.4709e-02 3.7349e+02 2.7348e+04 -1.9887e-01 2.7371e+04 2.7332e+04 9.0173e+05 -2.9252e+03 5.7889e+00 0.0000e+00
5.8342e-06 0.0000e+00 5.8392e+02 5.8292e-06 0.0000e+00 5.8392e-06 1.0000e-08 2.6704e+01 5.3408e+24 2.4835e-01 -6.7006e+00 -1.1060e-01 3.7122e+02 2.7373e+04 -1.8812e+00 2.7391e+04 2.7349e+04 8.9636e+05 -2.5914e+03 5.8342e+00 0.0000e+00
5.8794e-06 0.0000e+00 5.8844e+02 5.8744e-06 0.0000e+00 5.8844e-06 1.0000e-08 2.6860e+01 5.3720e+24 2.4980e-01 -6.7870e+00 -2.5453e-01 3.6833e+02 2.7318e+04 1.0745e+01 2.7353e+04 2.7276e+04 8.8830e+05 2.9868e+03 5.8794e+00 0.0000e+00
5.9246e-06 0.0000e+00 5.9296e+02 5.9196e-06 0.0000e+00 5.9296e-06 1.0000e-08 2.7032e+01 5.4065e+24 2.5140e-01 -6.6494e+00 -3.7293e-02 3.6591e+02 2.7313e+04 1.5665e+00 2.7331e+04 2.7277e+04 8.7554e+05 6.2743e+03 5.9246e+00 0.0000e+00
5.9698e-06 0.0000e+00 5.9748e+02 5.9648e-06 0.0000e+00 5.9748e-06 1.0000e-08 2.7215e+01 5.4431e+24 2.5310e-01 -6.7303e+00 8.0204e-02 3.6346e+02 2.7314e+04 2.3655e+01 2.7349e+04 2.7274e+04 8.7636e+05 6.6528e+03 5.9698e+00 0.0000e+00
6.0151e-06 0.0000e+00 6.0201e+02 6.0101e-06 0.0000e+00 6.0201e-06 1.0000e-08 2.7372e+01 5.4743e+24 2.5456e-01 -6.3995e+00 2.4286e-01 3.6127e+02 2.7305e+04 -9.6491e+00 2.7354e+04 2.7269e+04 8.6128e+05 2.0053e+02 6.0151e+00 0.0000e+00
6.0603e-06 0.0000e+00 6.0653e+02 6.0553e-06 0.0000e+00 6.0653e-06 1.0000e-08 2.7587e+01 5.5174e+24 2.5656e-01 -6.5269e+00 -2.4543e-01 3.5874e+02 2.7327e+04 8.5196e+00 2.7374e+04 2.7283e+04 8.5172e+05 -8.5080e+01 6.0603e+00 0.0000e+00
6.1055e-06 0.0000e+00 6.1105e+02 6.1005e-06 0.0000e+00 6.1105e-06 1.0000e-08 2.7726e+01 5.5452e+24 2.5785e-01 -6.3962e+00 1.7013e-02 3.5620e+02 2.7270e+04 -2.4984e+00 2.7326e+04 2.7232e+04 8.3508e+05 5.0200e+03 6.1055e+00 0.0000e+00
6.1508e-06 0.0000e+00 6.1558e+02 6.1458e-06 0.0000e+00 6.1558e-06 1.0000e-08 2.7923e+01 5.5846e+24 2.5968e-01 -6.5682e+00 -2.2038e-02 3.5403e+02 2.7297e+04 -9.1055e+00 2.7335e+04 2.7239e+04 8.1660e+05 4.3943e+02 6.1508e+00 0.0000e+00
6.1960e-06 0.0000e+00 6.2010e+02 6.1910e-06 0.0000e+00 6.2010e-06 1.0000e-08 2.8089e+01 5.6179e+24 2.6123e-01 -6.3253e+00 -5.1983e-02 3.5136e+02 2.7252e+04 -4.5842e+00 2.7315e+04 2.7203e+04 8.2155e+05 -3.8204e+03 6.1960e+00 0.0000e+00
6.2412e-06 0.0000e+00 6.2462e+02 6.2362e-06 0.0000e+00 6.2462e-06 1.0000e-08 2.8282e+01 5.6563e+24 2.6302e-01 -6.5423e+00 -2.8872e-01 3.4932e+02 2.7280e+04 2.4660e+00 2.7358e+04 2.7213e+04 8.0181e+05 5.3375e+03 6.2412e+00 0.0000e+00
6.2864e-06 0.0000e+00 6.2914e+02 6.2814e-06 0.0000e+00 6.2914e-06 1.0000e-08 2.8450e+01 5.6900e+24 2.6458e-01 -6.3831e+00 9.9707e-02 3.4685e+02 2.7248e+04 6.0537e-01 2.7349e+04 2.7167e+04 7.8730e+05 4.3738e+03 6.2864e+00 0.0000e+00
6.3317e-06 0.0000e+00 6.3367e+02 6.3267e-06 0.0000e+00 6.3367e-06 1.0000e-08 2.8631e+01 5.7263e+24 2.6627e-01 -6.1562e+00 1.7648e-01 3.4480e+02 2.7259e+04 -2.4407e+01 2.7348e+04 2.7171e+04 7.7010e+05 7.6410e+03 6.3317e+00 0.0000e+00
6.3769e-06 0.0000e+00 6.3819e+02 6.3719e-06 0.0000e+00 6.3819e-06 1.0000e-08 2.8776e+01 5.7552e+24 2.6762e-01 -6.3872e+00 -1.7024e-01 3.4239e+02 2.7206e+04 -5.7435e-01 2.7308e+04 2.7099e+04 7.6269e+05 -6.0973e+02 6.3769e+00 0.0000e+00
6.4221e-06 0.0000e+00 6.4271e+02 6.4171e-06 0.0000e+00 6.4271e-06 1.0000e-08 2.8958e+01 5.7917e+24 2.6931e-01 -6.3965e+00 -1.8347e-01 3.4035e+02 2.7215e+04 1.5493e+01 2.7333e+04 2.7099e+04 7.5216e+05 4.5602e+03 6.4221e+00 0.0000e+00
6.4673e-06 0.0000e+00 6.4723e+02 6.4623e-06 0.0000e+00 6.4723e-06 1.0000e-08 2.9154e+01 5.8309e+24 2.7114e-01 -6.1755e+00 -6.3381e-02 3.3835e+02 2.7239e+04 -1.8161e+01 2.7349e+04 2.7123e+04 7.2465e+05 2.1952e+03 6.4673e+00 0.0000e+00
6.5126e-06 0.0000e+00 6.5176e+02 6.5076e-06 0.0000e+00 6.5176e-06 1.0000e-08 2.9312e+01 5.8625e+24 2.7260e-01 -6.1817e+00 6.0423e-02 3.3616e+02 2.7209e+04 3.4641e+00 2.7330e+04 2.7086e+04 7.1125e+05 4.0481e+03 6.5126e+00 0.0000e+00
6.5578e-06 0.0000e+00 6.5628e+02 6.5528e-06 0.0000e+00 6.5628e-06 1.0000e-08 2.9487e+01 5.8974e+24 2.7423e-01 -6.2314e+00 -4.1273e-02 3.3429e+02 2.7219e+04 -1.6255e+01 2.7383e+04 2.7074e+04 6.8986e+05 2.1624e+03 6.5578e+00 0.0000e+00
6.6030e-06 0.0000e+00 6.6080e+02 6.5980e-06 0.0000e+00 6.6080e-06 1.0000e-08 2.9665e+01 5.9330e+24 2.7589e-01 -6.2510e+00 -7.3256e-02 3.3217e+02 2.7209e+04 -7.6005e+00 2.7367e+04 2.7037e+04 6.7564e+05 7.0902e+03 6.6030e+00 0.0000e+00
6.6482e-06 0.0000e+00 6.6532e+02 6.6432e-06 0.0000e+00 6.6532e-06 1.0000e-08 2.9810e+01 5.9619e+24 2.7723e-01 -6.0980e+00 5.3034e-02 3.3028e+02 2.7186e+04 1.3910e+01 2.7341e+04 2.7048e+04 6.4894e+05 6.6128e+03 6.6482e+00 0.0000e+00
6.6935e-06 0.0000e+00 6.6985e+02 6.6885e-06 0.0000e+00 6.6985e-06 1.0000e-08 2.9994e+01 5.9988e+24 2.7895e-01 -6.2022e+00 7.9648e-02 3.2852e+02 2.7209e+04 7.6629e+00 2.7377e+04 2.7045e+04 6.2567e+05 8.4474e+03 6.6935e+00 0.0000e+00
6.7387e-06 0.0000e+00 6.7437e+02 6.7337e-06 0.0000e+00 6.7437e-06 1.0000e-08 3.0157e+01 6.0314e+24 2.8046e-01 -6.0880e+00 -1.7047e-01 3.2669e+02 2.7204e+04 -4.1116e+00 2.7369e+04 2.7030e+04 6.0157e+05 9.2338e+03 6.7387e+00 0.0000e+00
6.7839e-06 0.0000e+00 6.7889e+02 6.7789e-06 0.0000e+00 6.7889e-06 1.0000e-08 3.0313e+01 6.0626e+24 2.8191e-01 -6.3512e+00 8.0524e-02 3.2502e+02 2.7205e+04 8.8211e+00 2.7376e+04 2.7055e+04 5.7941e+05 1.1926e+04 6.7839e+00 0.0000e+00
6.8291e-06 0.0000e+00 6.8341e+02 6.8241e-06 0.0000e+00 6.8341e-06 1.0000e-08 3.0462e+01 6.0925e+24 2.8330e-01 -6.3787e+00 1.9645e-01 3.2345e+02 2.7207e+04 1.0872e+00 2.7353e+04 2.7048e+04 5.5879e+05 1.5058e+03 6.8291e+00 0.0000e+00
6.8744e-06 0.0000e+00 6.8794e+02 6.8694e-06 0.0000e+00 6.8794e-06 1.0000e-08 3.0622e+01 6.1243e+24 2.8478e-01 -6.3214e+00 9.4724e-02 3.2176e+02 2.7206e+04 1.9400e+00 2.7334e+04 2.7065e+04 5.3441e+05 5.6958e+03 6.8744e+00 0.0000e+00
6.9196e-06 0.0000e+00 6.9246e+02 6.9146e-06 0.0000e+00 6.9246e-06 1.0000e-08 3.0775e+01 6.1550e+24 2.8621e-01 -6.4099e+00 -2.1519e-01 3.2059e+02 2.7243e+04 2.5012e+01 2.7365e+04 2.7138e+04 4.9393e+05 7.7346e+03 6.9196e+00 0.0000e+00
6.9648e-06 0.0000e+00 6.9698e+02 6.9598e-06 0.0000e+00 6.9698e-06 1.0000e-08 3.0919e+01 6.1837e+24 2.8754e-01 -6.1028e+00 -3.5918e-02 3.1902e+02 2.7236e+04 -5.9314e+00 2.7340e+04 2.7133e+04 4.7462e+05 5.4340e+03 6.9648e+00 0.0000e+00
7.0101e-06 0.0000e+00 7.0151e+02 7.0051e-06 0.0000e+00 7.0151e-06 1.0000e-08 3.1064e+01 6.2128e+24 2.8889e-01 -5.9194e+00 -2.4424e-01 3.1793e+02 2.7271e+04 1.5186e+01 2.7366e+04 2.7192e+04 4.5002e+05 2.0023e+03 7.0101e+00 0.0000e+00
7.0553e-06 0.0000e+00 7.0603e+02 7.0503e-06 0.0000e+00 7.0603e-06 1.0000e-08 3.1201e+01 6.2401e+24 2.9017e-01 -5.7473e+00 -1.9708e-01 3.1660e+02 2.7276e+04 -3.4095e+00 2.7345e+04 2.7215e+04 4.2736e+05 5.5581e+03 7.0553e+00 0.0000e+00
7.1005e-06 0.0000e+00 7.1055e+02 7.0955e-06 0.0000e+00 7.1055e-06 1.0000e-08 3.1316e+01 6.2631e+24 2.9124e-01 -5.6304e+00 -4.7316e-03 3.1564e+02 2.7294e+04 -5.7392e-02 2.7356e+04 2.7252e+04 3.9515e+05 1.3131e+03 7.1005e+00 0.0000e+00
7.1457e-06 0.0000e+00 7.1507e+02 7.1407e-06 0.0000e+00 7.1507e-06 1.0000e-08 3.1444e+01 6.2888e+24 2.9243e-01 -5.0228e+00 2.2446e-01 3.1476e+02 2.7330e+04 -6.1005e+00 2.7380e+04 2.7293e+04 3.6169e+05 8.4659e+03 7.1457e+00 0.0000e+00
7.1910e-06 0.0000e+00 7.1960e+02 7.1860e-06 0.0000e+00 7.1960e-06 1.0000e-08 3.1531e+01 6.3062e+24 2.9324e-01 -4.7422e+00 2.4445e-02 3.1373e+02 2.7315e+04 1.0223e+01 2.7317e+04 2.7319e+04 3.3941e+05 1.3046e+03 7.1910e+00 0.0000e+00
7.2362e-06 0.0000e+00 7.2412e+02 7.2312e-06 0.0000e+00 7.2412e-06 1.0000e-08 3.1640e+01 6.3280e+24 2.9425e-01 -4.4876e+00 -1.1552e-01 3.1294e+02 2.7341e+04 1.4595e+01 2.7370e+04 2.7328e+04 3.1679e+05 4.8659e+03 7.2362e+00 0.0000e+00
7.2814e-06 0.0000e+00 7.2864e+02 7.2764e-06 0.0000e+00 7.2864e-06 1.0000e-08 3.1709e+01 6.3418e+24 2.9489e-01 -4.1415e+00 9.4582e-02 3.1215e+02 2.7331e+04 -1.1615e+01 2.7324e+04 2.7342e+04 2.8485e+05 2.4866e+03 7.2814e+00 0.0000e+00
7.3266e-06 0.0000e+00 7.3316e+02 7.3216e-06 0.0000e+00 7.3316e-06 1.0000e-08 3.1798e+01 6.3595e+24 2.9572e-01 -3.9418e+00 1.2070e-02 3.1134e+02 2.7336e+04 4.8108e+00 2.7346e+04 2.7327e+04 2.7418e+05 3.7782e+03 7.3266e+00 0.0000e+00
7.3719e-06 0.0000e+00 7.3769e+02 7.3669e-06 0.0000e+00 7.3769e-06 1.0000e-08 3.1877e+01 6.3754e+24 2.9646e-01 -3.4373e+00 3.1838e-01 3.1065e+02 2.7344e+04 1.5847e+01 2.7359e+04 2.7326e+04 2.4849e+05 1.0245e+04 7.3719e+00 0.0000e+00
7.4171e-06 0.0000e+00 7.4221e+02 7.4121e-06 0.0000e+00 7.4221e-06 1.0000e-08 3.1932e+01 6.3863e+24 2.9696e-01 -3.2933e+00 -1.6581e-01 3.0991e+02 2.7326e+04 -1.6410e+00 2.7316e+04 2.7345e+04 2.3117e+05 -6.0330e+02 7.4171e+00 0.0000e+00
7.4623e-06 0.0000e+00 7.4673e+02 7.4573e-06 0.0000e+00 7.4673e-06 1.0000e-08 3.2022e+01 6.4045e+24 2.9781e-01 -3.1548e+00 1.4674e-01 3.0955e+02 2.7371e+04 -9.1515e+00 2.7368e+04 2.7380e+04 2.2123e+05 3.4037e+03 7.4623e+00 0.0000e+00
7.5075e-06 0.0000e+00 7.5125e+02 7.5025e-06 0.0000e+00 7.5125e-06 1.0000e-08 3.2091e+01 6.4182e+24 2.9845e-01 -2.9053e+00 3.4099e-02 3.0893e+02 2.7375e+04 1.2150e+01 2.7373e+04 2.7384e+04 2.0301e+05 -3.1585e+03 7.5075e+00 0.0000e+00
7.5528e-06 0.0000e+00 7.5578e+02 7.5478e-06 0.0000e+00 7.5578e-06 1.0000e-08 3.2135e+01 6.4270e+24 2.9886e-01 -2.6625e+00 -8.8615e-02 3.0850e+02 2.7374e+04 4.4677e+00 2.7380e+04 2.7378e+04 1.8848e+05 -4.7511e+03 7.5528e+00 0.0000e+00
7.5980e-06 0.0000e+00 7.6030e+02 7.5930e-06 0.0000e+00 7.6030e-06 1.0000e-08 3.2180e+01 6.4360e+24 2.9928e-01 -2.5525e+00 1.4481e-01 3.0808e+02 2.7376e+04 1.6270e+00 2.7373e+04 2.7375e+04 1.7924e+05 8.5428e+02 7.5980e+00 0.0000e+00
7.6432e-06 0.0000e+00 7.6482e+02 7.6382e-06 0.0000e+00 7.6482e-06 1.0000e-08 3.2223e+01 6.4446e+24 2.9967e-01 -2.4427e+00 -3.7558e-02 3.0746e+02 2.7357e+04 1.0181e+01 2.7373e+04 2.7351e+04 1.6570e+05 9.0900e+02 7.6432e+00 0.0000e+00
7.6884e-06 0.0000e+00 7.6934e+02 7.6834e-06 0.0000e+00 7.6934e-06 1.0000e-08 3.2251e+01 6.4502e+24 2.9994e-01 -2.1913e+00 -3.9274e-02 3.0716e+02 2.7354e+04 -8.0851e+00 2.7329e+04 2.7361e+04 1.5564e+05 2.5032e+03 7.6884e+00 0.0000e+00
7.7337e-06 0.0000e+00 7.7387e+02 7.7287e-06 0.0000e+00 7.7387e-06 1.0000e-08 3.2299e+01 6.4599e+24 3.0038e-01 -1.8090e+00 -1.0150e-01 3.0686e+02 2.7369e+04 -3.1057e+00 2.7366e+04 2.7375e+04 1.3796e+05 -2.7287e+03 7.7337e+00 0.0000e+00
7.7789e-06 0.0000e+00 7.7839e+02 7.7739e-06 0.0000e+00 7.7839e-06 1.0000e-08 3.2329e+01 6.4657e+24 3.0066e-01 -1.8586e+00 -3.2045e-01 3.0630e+02 2.7343e+04 -9.1498e+00 2.7353e+04 2.7331e+04 1.3892e+05 1.9052e+03 7.7789e+00 0.0000e+00
7.8241e-06 0.0000e+00 7.8291e+02 7.8191e-06 0.0000e+00 7.8291e-06 1.0000e-08 3.2360e+01 6.4721e+24 3.0095e-01 -1.8365e+00 3.2114e-02 3.0605e+02 2.7347e+04 -6.5173e+00 2.7352e+04 2.7367e+04 1.2875e+05 -2.2995e+03 7.8241e+00 0.0000e+00
7.8693e-06 0.0000e+00 7.8743e+02 7.8643e-06 0.0000e+00 7.8743e-06 1.0000e-08 3.2393e+01 6.4786e+24 3.0126e-01 -1.8345e+00 9.0871e-02 3.0569e+02 2.7343e+04 -6.5743e+00 2.7340e+04 2.7336e+04 1.1926e+05 4.8475e+03 7.8693e+00 0.0000e+00
7.9146e-06 0.0000e+00 7.9196e+02 7.9096e-06 0.0000e+00 7.9196e-06 1.0000e-08 3.2433e+01 6.4865e+24 3.0162e-01 -1.6953e+00 5.0964e-02 3.0548e+02 2.7357e+04 -1.2575e+01 2.7359e+04 2.7364e+04 1.1482e+05 4.9014e+03 7.9146e+00 0.0000e+00
7.9598e-06 0.0000e+00 7.9648e+02 7.9548e-06 0.0000e+00 7.9648e-06 1.0000e-08 3.2447e+01 6.4895e+24 3.0176e-01 -1.6357e+00 -7.9959e-02 3.0523e+02 2.7348e+04 7.9507e+00 2.7352e+04 2.7363e+04 1.1790e+05 -1.2638e+03 7.9598e+00 0.0000e+00
8.0050e-06 0.0000e+00 8.0100e+02 8.0000e-06 0.0000e+00 8.0100e-06 1.0000e-08 3.2498e+01 6.4996e+24 3.0223e-01 -1.5053e+00 -1.8071e-01 3.0496e+02 2.7366e+04 2.9919e+00 2.7342e+04 2.7390e+04 9.9540e+04 2.4153e+03 8.0050e+00 0.0000e+00
8.0503e-06 0.0000e+00 8.0553e+02 8.0453e-06 0.0000e+00 8.0553e-06 1.0000e-08 3.2492e+01 6.4984e+24 3.0217e-01 -1.3920e+00 -1.4414e-01 3.0489e+02 2.7354e+04 1.1318e+01 2.7367e+04 2.7365e+04 9.9321e+04 -5.4841e+02 8.0503e+00 0.0000e+00
8.0955e-06 0.0000e+00 8.1005e+02 8.0905e-06 0.0000e+00 8.1005e-06 1.0000e-08 3.2548e+01 6.5096e+24 3.0270e-01 -1.4504e+00 1.7563e-01 3.0448e+02 2.7365e+04 -8.6006e+00 2.7375e+04 2.7373e+04 9.6331e+04 -1.9994e+03 8.0955e+00 0.0000e+00
8.1407e-06 0.0000e+00 8.1457e+02 8.1357e-06 0.0000e+00 8.1457e-06 1.0000e-08 3.2567e+01 6.5134e+24 3.0288e-01 -1.1327e+00 1.1568e-01 3.0422e+02 2.7358e+04 -6.7879e+00 2.7353e+04 2.7361e+04 9.0283e+04 -3.6684e+03 8.1407e+00 0.0000e+00
8.1859e-06 0.0000e+00 8.1909e+02 8.1809e-06 0.0000e+00 8.1909e-06 1.0000e-08 3.2589e+01 6.5178e+24 3.0308e-01 -1.2357e+00 1.4247e-01 3.0402e+02 2.7358e+04 4.2885e+00 2.7359e+04 2.7358e+04 9.1395e+04 1.0583e+03 8.1859e+00 0.0000e+00
8.2312e-06 0.0000e+00 8.2362e+02 8.2262e-06 0.0000e+00 8.2362e-06 1.0000e-08 3.2625e+01 6.5251e+24 3.0342e-01 -1.1674e+00 5.3097e-02 3.0395e+02 2.7382e+04 5.0901e+00 2.7369e+04 2.7369e+04 7.7898e+04 -5.0264e+03 8.2312e+00 0.0000e+00
8.2764e-06 0.0000e+00 8.2814e+02 8.2714e-06 0.0000e+00 8.2814e-06 1.0000e-08 3.2654e+01 6.5307e+24 3.0368e-01 -1.0889e+00 5.3870e-02 3.0356e+02 2.7371e+04 8.4629e-01 2.7373e+04 2.7364e+04 7.7664e+04 -3.0342e+02 8.2764e+00 0.0000e+00
8.3216e-06 0.0000e+00 8.3266e+02 8.3166e-06 0.0000e+00 8.3266e-06 1.0000e-08 3.2665e+01 6.5330e+24 3.0379e-01 -1.0705e+00 -3.4004e-02 3.0344e+02 2.7369e+04 4.5166e+00 2.7377e+04 2.7365e+04 7.9389e+04 1.7777e+03 8.3216e+00 0.0000e+00
8.3668e-06 0.0000e+00 8.3718e+02 8.3618e-06 0.0000e+00 8.3718e-06 1.0000e-08 3.2677e+01 6.5355e+24 3.0390e-01 -9.0510e-01 2.8033e-02 3.0326e+02 2.7364e+04 -1.9095e+01 2.7372e+04 2.7348e+04 7.7286e+04 3.5503e+03 8.3668e+00 0.0000e+00
8.4121e-06 0.0000e+00 8.4171e+02 8.4071e-06 0.0000e+00 8.4171e-06 1.0000e-08 3.2696e+01 6.5391e+24 3.0407e-01 -1.2371e+00 -3.4593e-02 3.0297e+02 2.7353e+04 -7.4511e+00 2.7343e+04 2.7335e+04 7.4503e+04 1.0385e+03 8.4121e+00 0.0000e+00
8.4573e-06 0.0000e+00 8.4623e+02 8.4523e-06 0.0000e+00 8.4623e-06 1.0000e-08 3.2737e+01 6.5475e+24 3.0446e-01 -1.0550e+00 -3.6268e-02 3.0291e+02 2.7383e+04 -2.4875e+00 2.7394e+04 2.7379e+04 6.6941e+04 -3.7497e+03 8.4573e+00 0.0000e+00
8.5025e-06 0.0000e+00 8.5075e+02 8.4975e-06 0.0000e+00 8.5075e-06 1.0000e-08 3.2733e+01 6.5465e+24 3.0441e-01 -1.0377e+00 -1.2715e-01 3.0267e+02 2.7356e+04 -6.1054e+00 2.7357e+04 2.7337e+04 7.2912e+04 3.0328e+03 8.5025e+00 0.0000e+00
8.5477e-06 0.0000e+00 8.5527e+02 8.5427e-06 0.0000e+00 8.5527e-06 1.0000e-08 3.2782e+01 6.5563e+24 3.0487e-01 -7.9156e-01 4.6071e-02 3.0248e+02 2.7380e+04 3.5391e+00 2.7380e+04 2.7383e+04 5.8913e+04 3.9033e+03 8.5477e+00 0.0000e+00
8.5930e-06 0.0000e+00 8.5980e+02 8.5880e-06 0.0000e+00 8.5980e-06 1.0000e-08 3.2774e+01 6.5549e+24 3.0480e-01 -1.0577e+00 6.8962e-02 3.0217e+02 2.7346e+04 1.0285e+00 2.7340e+04 2.7336e+04 6.7111e+04 4.3204e+03 8.5930e+00 0.0000e+00
8.6382e-06 0.0000e+00 8.6432e+02 8.6332e-06 0.0000e+00 8.6432e-06 1.0000e-08 3.2783e+01 6.5566e+24 3.0488e-01 -9.0028e-01 -8.6689e-02 3.0202e+02 2.7340e+04 3.7220e+00 2.7359e+04 2.7330e+04 6.5376e+04 2.5867e+03 8.6382e+00 0.0000e+00
8.6834e-06 0.0000e+00 8.6884e+02 8.6784e-06 0.0000e+00 8.6884e-06 1.0000e-08 3.2820e+01 6.5641e+24 3.0523e-01 -9.7601e-01 2.1521e-01 3.0187e+02 2.7357e+04 9.5785e+00 2.7370e+04 2.7348e+04 5.9562e+04 -4.9593e+03 8.6834e+00 0.0000e+00
8.7286e-06 0.0000e+00 8.7336e+02 8.7236e-06 0.0000e+00 8.7336e-06 1.0000e-08 3.2844e+01 6.5688e+24 3.0545e-01 -9.5078e-01 -1.0184e-01 3.0178e+02 2.7369e+04 -3.9163e+00 2.7375e+04 2.7360e+04 5.2695e+04 -5.7263e+03 8.7286e+00 0.0000e+00
8.7739e-06 0.0000e+00 8.7789e+02 8.7689e-06 0.0000e+00 8.7789e-06 1.0000e-08 3.2840e+01 6.5680e+24 3.0541e-01 -9.2236e-01 1.0056e-01 3.0151e+02 2.7342e+04 1.3138e+00 2.7343e+04 2.7331e+04 6.2625e+04 1.5586e+03 8.7739e+00 0.0000e+00
8.8191e-06 0.0000e+00 8.8241e+02 8.8141e-06 0.0000e+00 8.8241e-06 1.0000e-08 3.2861e+01 6.5722e+24 3.0561e-01 -8.7995e-01 7.3317e-02 3.0151e+02 2.7359e+04 1.4941e+00 2.7352e+04 2.7359e+04 6.0350e+04 4.4417e+03 8.8191e+00 0.0000e+00
8.8643e-06 0.0000e+00 8.8693e+02 8.8593e-06 0.0000e+00 8.8693e-06 1.0000e-08 3.2892e+01 6.5784e+24 3.0590e-01 -7.4859e-01 -4.0109e-02 3.0130e+02 2.7366e+04 1.2690e+00 2.7357e+04 2.7383e+04 6.2462e+04 -4.3390e+03 8.8643e+00 0.0000e+00
8.9095e-06 0.0000e+00 8.9145e+02 8.9045e-06 0.0000e+00 8.9145e-06 1.0000e-08 3.2924e+01 6.5848e+24 3.0619e-01 -8.9063e-01 1.5840e-01 3.0117e+02 2.7380e+04 -1.1819e+01 2.7369e+04 2.7369e+04 5.6487e+04 1.7209e+03 8.9095e+00 0.0000e+00
8.9548e-06 0.0000e+00 8.9598e+02 8.9498e-06 0.0000e+00 8.9598e-06 1.0000e-08 3.2932e+01 6.5864e+24 3.0627e-01 -8.0446e-01 -1.9620e-01 3.0086e+02 2.7359e+04 2.4226e+00 2.7339e+04 2.7362e+04 5.6758e+04 3.8441e+03 8.9548e+00 0.0000e+00
9.0000e-06 0.0000e+00 9.0000e+02 8.9900e-06 0.0000e+00 9.0000e-06 1.0000e-08 3.2960e+01 6.5921e+24 3.0653e-01 -7.4319e-01 -4.9173e-02 3.0050e+02 2.7350e+04 3.6785e+00 2.7322e+04 2.7374e+04 4.6878e+04 -9.3673e+03 9.0000e+00 0.0000e+00
