1.0000e+00 1.0000e+00 0.0000e+00 1.3768e-03 3.7009e+00 -5.2100e+00 5.3526e-01 2.7524e+02 3.6153e+02 -1.8203e+01 -1.1576e+02 8.1274e+01 -3.9703e+00 -3.6434e-01 7.6991e+01 6.9528e-01 7.8276e+01 7.8847e+01 1.0000e+00 1.0000e+00 0.0000e+00 0.0000e+00
9.9497e-01 9.9497e-01 5.0251e-03 1.3513e-03 4.1601e+00 -5.1217e+00 4.2757e-01 2.7519e+02 3.3458e+02 -1.2235e+01 -1.0444e+02 7.9623e+01 -3.7908e+00 -4.0275e-01 7.5641e+01 6.3305e-01 7.6857e+01 7.7374e+01 9.9497e-01 9.9497e-01 5.0251e-03 8.7038e-06
9.8995e-01 9.8995e-01 1.0050e-02 1.3277e-03 4.5043e+00 -5.1003e+00 3.3646e-01 2.7514e+02 3.1041e+02 -5.5978e+00 -9.4641e+01 7.8099e+01 -3.6028e+00 -4.2503e-01 7.4391e+01 5.7995e-01 7.5546e+01 7.6012e+01 9.8995e-01 9.8995e-01 1.0050e-02 1.7408e-05
9.8492e-01 9.8492e-01 1.5075e-02 1.3066e-03 4.7054e+00 -5.1624e+00 2.6599e-01 2.7510e+02 2.8969e+02 1.8724e+00 -8.6724e+01 7.6734e+01 -3.4045e+00 -4.2720e-01 7.3268e+01 5.3821e-01 7.4370e+01 7.4791e+01 9.8492e-01 9.8492e-01 1.5075e-02 2.6111e-05
9.7990e-01 9.7990e-01 2.0101e-02 1.2906e-03 4.7357e+00 -5.2814e+00 2.2362e-01 2.7507e+02 2.7564e+02 8.2956e+00 -8.1238e+01 7.5709e+01 -3.2211e+00 -4.1688e-01 7.2416e+01 5.0942e-01 7.3486e+01 7.3870e+01 9.7990e-01 9.7990e-01 2.0101e-02 3.4815e-05
9.7487e-01 9.7487e-01 2.5126e-02 1.2763e-03 4.6550e+00 -5.4482e+00 1.9086e-01 2.7503e+02 2.6493e+02 1.4771e+01 -7.6697e+01 7.4792e+01 -3.0334e+00 -4.0287e-01 7.1640e+01 4.8472e-01 7.2690e+01 7.3040e+01 9.7487e-01 9.7487e-01 2.5126e-02 4.3519e-05
9.6985e-01 9.6985e-01 3.0151e-02 1.2638e-03 4.3964e+00 -5.6958e+00 1.7026e-01 2.7500e+02 2.5919e+02 2.1602e+01 -7.3432e+01 7.4006e+01 -2.8338e+00 -3.8463e-01 7.0951e+01 4.6494e-01 7.2000e+01 7.2319e+01 9.6985e-01 9.6985e-01 3.0151e-02 5.2223e-05
9.6482e-01 9.6482e-01 3.5176e-02 1.2541e-03 4.0947e+00 -5.9306e+00 1.5610e-01 2.7498e+02 2.5641e+02 2.6832e+01 -7.0848e+01 7.3394e+01 -2.6571e+00 -3.7005e-01 7.0402e+01 4.4781e-01 7.1459e+01 7.1752e+01 9.6482e-01 9.6482e-01 3.5176e-02 6.0926e-05
9.5980e-01 9.5980e-01 4.0201e-02 1.2454e-03 3.7314e+00 -6.1817e+00 1.4541e-01 2.7496e+02 2.5585e+02 3.1635e+01 -6.8679e+01 7.2860e+01 -2.4839e+00 -3.5744e-01 6.9910e+01 4.3184e-01 7.0983e+01 7.1251e+01 9.5980e-01 9.5980e-01 4.0201e-02 6.9630e-05
9.5477e-01 9.5477e-01 4.5226e-02 1.2381e-03 3.1991e+00 -6.5010e+00 1.4043e-01 2.7494e+02 2.6006e+02 3.6513e+01 -6.7269e+01 7.2426e+01 -2.3006e+00 -3.4802e-01 6.9473e+01 4.1726e-01 7.0582e+01 7.0827e+01 9.5477e-01 9.5477e-01 4.5226e-02 7.8334e-05
9.4975e-01 9.4975e-01 5.0251e-02 1.2319e-03 2.7420e+00 -6.7618e+00 1.3315e-01 2.7493e+02 2.6323e+02 3.9901e+01 -6.5724e+01 7.2060e+01 -2.1453e+00 -3.4146e-01 6.9108e+01 4.0281e-01 7.0245e+01 7.0471e+01 9.4975e-01 9.4975e-01 5.0251e-02 8.7038e-05
9.4472e-01 9.4472e-01 5.5276e-02 1.2264e-03 2.3035e+00 -7.0010e+00 1.2506e-01 2.7491e+02 2.6635e+02 4.2568e+01 -6.4170e+01 7.1735e+01 -2.0027e+00 -3.3685e-01 6.8782e+01 3.8846e-01 6.9946e+01 7.0154e+01 9.4472e-01 9.4472e-01 5.5276e-02 9.5742e-05
9.3970e-01 9.3970e-01 6.0302e-02 1.2218e-03 1.7295e+00 -7.2932e+00 1.1940e-01 2.7491e+02 2.7304e+02 4.5283e+01 -6.3039e+01 7.1480e+01 -1.8524e+00 -3.3658e-01 6.8491e+01 3.7429e-01 6.9696e+01 6.9889e+01 9.3970e-01 9.3970e-01 6.0302e-02 1.0445e-04
9.3467e-01 9.3467e-01 6.5327e-02 1.2176e-03 1.2982e+00 -7.5092e+00 1.1023e-01 2.7490e+02 2.7623e+02 4.6943e+01 -6.1539e+01 7.1233e+01 -1.7291e+00 -3.3455e-01 6.8235e+01 3.6042e-01 6.9463e+01 6.9644e+01 9.3467e-01 9.3467e-01 6.5327e-02 1.1315e-04
9.2965e-01 9.2965e-01 7.0352e-02 1.2136e-03 9.7707e-01 -7.6662e+00 9.8335e-02 2.7490e+02 2.7670e+02 4.7784e+01 -5.9754e+01 7.0992e+01 -1.6266e+00 -3.3118e-01 6.8007e+01 3.4678e-01 6.9243e+01 6.9414e+01 9.2965e-01 9.2965e-01 7.0352e-02 1.2185e-04
9.2462e-01 9.2462e-01 7.5377e-02 1.2101e-03 5.5323e-01 -7.8669e+00 8.8799e-02 2.7490e+02 2.7952e+02 4.8896e+01 -5.8263e+01 7.0797e+01 -1.5162e+00 -3.3051e-01 6.7800e+01 3.3332e-01 6.9054e+01 6.9217e+01 9.2462e-01 9.2462e-01 7.5377e-02 1.3056e-04
9.1960e-01 9.1960e-01 8.0402e-02 1.2067e-03 2.8079e-01 -7.9973e+00 7.7645e-02 2.7490e+02 2.7837e+02 4.9441e+01 -5.6465e+01 7.0584e+01 -1.4261e+00 -3.2566e-01 6.7609e+01 3.2052e-01 6.8861e+01 6.9018e+01 9.1960e-01 9.1960e-01 8.0402e-02 1.3926e-04
9.1457e-01 9.1457e-01 8.5427e-02 1.2032e-03 1.9107e-01 -8.0431e+00 6.4537e-02 2.7489e+02 2.7242e+02 4.9303e+01 -5.4296e+01 7.0351e+01 -1.3606e+00 -3.1574e-01 6.7438e+01 3.0854e-01 6.8664e+01 6.8818e+01 9.1457e-01 9.1457e-01 8.5427e-02 1.4796e-04
9.0955e-01 9.0955e-01 9.0452e-02 1.2000e-03 2.4177e-02 -8.1271e+00 5.4861e-02 2.7489e+02 2.6815e+02 4.9697e+01 -5.2401e+01 7.0145e+01 -1.2843e+00 -3.0729e-01 6.7277e+01 2.9677e-01 6.8484e+01 6.8635e+01 9.0955e-01 9.0955e-01 9.0452e-02 1.5667e-04
9.0452e-01 9.0452e-01 9.5477e-02 1.1968e-03 -3.5534e-02 -8.1660e+00 4.5801e-02 2.7488e+02 2.6116e+02 4.9949e+01 -5.0376e+01 6.9923e+01 -1.2182e+00 -2.9550e-01 6.7124e+01 2.8560e-01 6.8299e+01 6.8449e+01 9.0452e-01 9.0452e-01 9.5477e-02 1.6537e-04
8.9950e-01 8.9950e-01 1.0050e-01 1.1933e-03 1.2602e-01 -8.1103e+00 3.7177e-02 2.7487e+02 2.4859e+02 4.9818e+01 -4.8044e+01 6.9666e+01 -1.1739e+00 -2.7701e-01 6.6985e+01 2.7552e-01 6.8100e+01 6.8250e+01 8.9950e-01 8.9950e-01 1.0050e-01 1.7408e-04
8.9447e-01 8.9447e-01 1.0553e-01 1.1902e-03 2.0474e-01 -8.0980e+00 3.1923e-02 2.7485e+02 2.3819e+02 5.0350e+01 -4.5998e+01 6.9431e+01 -1.1140e+00 -2.6077e-01 6.6849e+01 2.6543e-01 6.7916e+01 6.8065e+01 8.9447e-01 8.9447e-01 1.0553e-01 1.8278e-04
8.8945e-01 8.8945e-01 1.1055e-01 1.1871e-03 3.2370e-01 -8.0721e+00 2.8026e-02 2.7483e+02 2.2708e+02 5.1025e+01 -4.3973e+01 6.9195e+01 -1.0536e+00 -2.4368e-01 6.6719e+01 2.5562e-01 6.7734e+01 6.7882e+01 8.8945e-01 8.8945e-01 1.1055e-01 1.9148e-04
8.8442e-01 8.8442e-01 1.1558e-01 1.1839e-03 6.4650e-01 -7.9637e+00 2.5618e-02 2.7480e+02 2.1175e+02 5.1584e+01 -4.1760e+01 6.8930e+01 -1.0052e+00 -2.2180e-01 6.6601e+01 2.4670e-01 6.7544e+01 6.7692e+01 8.8442e-01 8.8442e-01 1.1558e-01 2.0019e-04
8.7940e-01 8.7940e-01 1.2060e-01 1.1810e-03 8.6608e-01 -7.9069e+00 2.3570e-02 2.7477e+02 1.9954e+02 5.2708e+01 -3.9765e+01 6.8697e+01 -9.3793e-01 -2.0323e-01 6.6487e+01 2.3780e-01 6.7374e+01 6.7519e+01 8.7940e-01 8.7940e-01 1.2060e-01 2.0889e-04
8.7437e-01 8.7437e-01 1.2563e-01 1.1788e-03 5.0669e-01 -7.8753e+00 3.5772e-02 2.7467e+02 1.9671e+02 4.5805e+01 -4.0177e+01 6.8495e+01 -9.3796e-01 -1.9276e-01 6.6356e+01 2.3942e-01 6.7266e+01 6.7372e+01 8.7437e-01 8.7437e-01 1.2563e-01 2.1759e-04
8.6935e-01 8.6935e-01 1.3065e-01 1.1765e-03 5.0143e-01 -7.8423e+00 3.8946e-02 2.7464e+02 1.9168e+02 4.5098e+01 -3.8853e+01 6.8306e+01 -9.3209e-01 -1.8477e-01 6.6254e+01 2.3328e-01 6.7127e+01 6.7229e+01 8.6935e-01 8.6935e-01 1.3065e-01 2.2630e-04
8.6432e-01 8.6432e-01 1.3568e-01 1.1742e-03 4.7014e-01 -7.8190e+00 4.1665e-02 2.7462e+02 1.8708e+02 4.4470e+01 -3.7599e+01 6.8124e+01 -9.2194e-01 -1.7674e-01 6.6155e+01 2.2725e-01 6.6994e+01 6.7091e+01 8.6432e-01 8.6432e-01 1.3568e-01 2.3500e-04
8.5930e-01 8.5930e-01 1.4070e-01 1.1719e-03 4.1909e-01 -7.8028e+00 4.4028e-02 2.7459e+02 1.8282e+02 4.3902e+01 -3.6398e+01 6.7948e+01 -9.0851e-01 -1.6869e-01 6.6059e+01 2.2130e-01 6.6865e+01 6.6957e+01 8.5930e-01 8.5930e-01 1.4070e-01 2.4371e-04
8.5427e-01 8.5427e-01 1.4573e-01 1.1699e-03 3.5870e-01 -7.7817e+00 4.5709e-02 2.7456e+02 1.7901e+02 4.3332e+01 -3.5276e+01 6.7786e+01 -8.9193e-01 -1.6120e-01 6.5972e+01 2.1543e-01 6.6747e+01 6.6835e+01 8.5427e-01 8.5427e-01 1.4573e-01 2.5241e-04
8.4925e-01 8.4925e-01 1.5075e-01 1.1679e-03 2.8008e-01 -7.7667e+00 4.7225e-02 2.7454e+02 1.7549e+02 4.2802e+01 -3.4199e+01 6.7629e+01 -8.7260e-01 -1.5380e-01 6.5887e+01 2.0959e-01 6.6632e+01 6.6716e+01 8.4925e-01 8.4925e-01 1.5075e-01 2.6111e-04
8.4422e-01 8.4422e-01 1.5578e-01 1.1660e-03 1.8012e-01 -7.7588e+00 4.8547e-02 2.7451e+02 1.7232e+02 4.2317e+01 -3.3177e+01 6.7478e+01 -8.5007e-01 -1.4650e-01 6.5804e+01 2.0379e-01 6.6521e+01 6.6601e+01 8.4422e-01 8.4422e-01 1.5578e-01 2.6982e-04
8.3920e-01 8.3920e-01 1.6080e-01 1.1643e-03 8.3693e-02 -7.7401e+00 4.9582e-02 2.7449e+02 1.6931e+02 4.1765e+01 -3.2195e+01 6.7336e+01 -8.2735e-01 -1.3974e-01 6.5728e+01 1.9802e-01 6.6418e+01 6.6494e+01 8.3920e-01 8.3920e-01 1.6080e-01 2.7852e-04
8.3417e-01 8.3417e-01 1.6583e-01 1.1625e-03 -2.4355e-02 -7.7238e+00 5.0527e-02 2.7447e+02 1.6650e+02 4.1223e+01 -3.1246e+01 6.7199e+01 -8.0298e-01 -1.3314e-01 6.5654e+01 1.9226e-01 6.6318e+01 6.6390e+01 8.3417e-01 8.3417e-01 1.6583e-01 2.8722e-04
8.2915e-01 8.2915e-01 1.7085e-01 1.1609e-03 -1.5451e-01 -7.7141e+00 5.1365e-02 2.7445e+02 1.6403e+02 4.0712e+01 -3.0349e+01 6.7067e+01 -7.7560e-01 -1.2674e-01 6.5582e+01 1.8654e-01 6.6222e+01 6.6290e+01 8.2915e-01 8.2915e-01 1.7085e-01 2.9593e-04
8.2412e-01 8.2412e-01 1.7588e-01 1.1593e-03 -2.7235e-01 -7.6904e+00 5.2035e-02 2.7442e+02 1.6152e+02 4.0107e+01 -2.9464e+01 6.6941e+01 -7.4996e-01 -1.2072e-01 6.5516e+01 1.8087e-01 6.6131e+01 6.6196e+01 8.2412e-01 8.2412e-01 1.7588e-01 3.0463e-04
8.1910e-01 8.1910e-01 1.8090e-01 1.1578e-03 -3.9418e-01 -7.6650e+00 5.2637e-02 2.7440e+02 1.5910e+02 3.9485e+01 -2.8598e+01 6.6819e+01 -7.2387e-01 -1.1486e-01 6.5452e+01 1.7523e-01 6.6042e+01 6.6104e+01 8.1910e-01 8.1910e-01 1.8090e-01 3.1334e-04
8.1407e-01 8.1407e-01 1.8593e-01 1.1563e-03 -5.3833e-01 -7.6453e+00 5.3160e-02 2.7438e+02 1.5701e+02 3.8884e+01 -2.7779e+01 6.6702e+01 -6.9504e-01 -1.0926e-01 6.5389e+01 1.6963e-01 6.5957e+01 6.6016e+01 8.1407e-01 8.1407e-01 1.8593e-01 3.2204e-04
8.0905e-01 8.0905e-01 1.9095e-01 1.1549e-03 -6.6537e-01 -7.6108e+00 5.3534e-02 2.7436e+02 1.5476e+02 3.8192e+01 -2.6957e+01 6.6588e+01 -6.6888e-01 -1.0386e-01 6.5331e+01 1.6412e-01 6.5875e+01 6.5931e+01 8.0905e-01 8.0905e-01 1.9095e-01 3.3074e-04
8.0402e-01 8.0402e-01 1.9598e-01 1.1536e-03 -7.8806e-01 -7.5704e+00 5.3828e-02 2.7434e+02 1.5248e+02 3.7461e+01 -2.6139e+01 6.6477e+01 -6.4355e-01 -9.8590e-02 6.5274e+01 1.5867e-01 6.5795e+01 6.5849e+01 8.0402e-01 8.0402e-01 1.9598e-01 3.3945e-04
7.9899e-01 7.9899e-01 2.0101e-01 1.1523e-03 -9.3313e-01 -7.5351e+00 5.4047e-02 2.7432e+02 1.5052e+02 3.6749e+01 -2.5366e+01 6.6371e+01 -6.1564e-01 -9.3592e-02 6.5220e+01 1.5327e-01 6.5719e+01 6.5770e+01 7.9899e-01 7.9899e-01 2.0101e-01 3.4815e-04
7.9397e-01 7.9397e-01 2.0603e-01 1.1510e-03 -1.0597e+00 -7.4858e+00 5.4124e-02 2.7430e+02 1.4836e+02 3.5968e+01 -2.4582e+01 6.6266e+01 -5.9056e-01 -8.8653e-02 6.5168e+01 1.4799e-01 6.5644e+01 6.5693e+01 7.9397e-01 7.9397e-01 2.0603e-01 3.5685e-04
7.8894e-01 7.8894e-01 2.1106e-01 1.1498e-03 -1.1734e+00 -7.4266e+00 5.4096e-02 2.7428e+02 1.4606e+02 3.5136e+01 -2.3790e+01 6.6163e+01 -5.6750e-01 -8.3764e-02 6.5118e+01 1.4280e-01 6.5571e+01 6.5617e+01 7.8894e-01 7.8894e-01 2.1106e-01 3.6556e-04
7.8392e-01 7.8392e-01 2.1608e-01 1.1486e-03 -1.3098e+00 -7.3722e+00 5.3993e-02 2.7427e+02 1.4407e+02 3.4334e+01 -2.3043e+01 6.6064e+01 -5.4183e-01 -7.9158e-02 6.5070e+01 1.3768e-01 6.5501e+01 6.5545e+01 7.8392e-01 7.8392e-01 2.1608e-01 3.7426e-04
7.7889e-01 7.7889e-01 2.2111e-01 1.1474e-03 -1.4291e+00 -7.3062e+00 5.3769e-02 2.7425e+02 1.4190e+02 3.3492e+01 -2.2283e+01 6.5966e+01 -5.1859e-01 -7.4523e-02 6.5024e+01 1.3266e-01 6.5432e+01 6.5474e+01 7.7889e-01 7.7889e-01 2.2111e-01 3.8297e-04
7.7387e-01 7.7387e-01 2.2613e-01 1.1463e-03 -1.5289e+00 -7.2270e+00 5.3405e-02 2.7423e+02 1.3951e+02 3.2604e+01 -2.1509e+01 6.5869e+01 -4.9812e-01 -6.9856e-02 6.4980e+01 1.2777e-01 6.5364e+01 6.5404e+01 7.7387e-01 7.7387e-01 2.2613e-01 3.9167e-04
7.6884e-01 7.6884e-01 2.3116e-01 1.1452e-03 -1.6489e+00 -7.1523e+00 5.2981e-02 2.7421e+02 1.3741e+02 3.1762e+01 -2.0774e+01 6.5776e+01 -4.7516e-01 -6.5439e-02 6.4937e+01 1.2295e-01 6.5298e+01 6.5337e+01 7.6884e-01 7.6884e-01 2.3116e-01 4.0037e-04
7.6382e-01 7.6382e-01 2.3618e-01 1.1441e-03 -1.7569e+00 -7.0693e+00 5.2447e-02 2.7419e+02 1.3519e+02 3.0914e+01 -2.0033e+01 6.5683e+01 -4.5368e-01 -6.0978e-02 6.4895e+01 1.1821e-01 6.5234e+01 6.5271e+01 7.6382e-01 7.6382e-01 2.3618e-01 4.0908e-04
7.5879e-01 7.5879e-01 2.4121e-01 1.1430e-03 -1.8402e+00 -6.9708e+00 5.1726e-02 2.7417e+02 1.3272e+02 3.0045e+01 -1.9274e+01 6.5590e+01 -4.3525e-01 -5.6398e-02 6.4856e+01 1.1363e-01 6.5170e+01 6.5205e+01 7.5879e-01 7.5879e-01 2.4121e-01 4.1778e-04
7.5377e-01 7.5377e-01 2.4623e-01 1.1420e-03 -1.9412e+00 -6.8769e+00 5.0929e-02 2.7415e+02 1.3053e+02 2.9239e+01 -1.8547e+01 6.5501e+01 -4.1432e-01 -5.2030e-02 6.4818e+01 1.0911e-01 6.5108e+01 6.5142e+01 7.5377e-01 7.5377e-01 2.4623e-01 4.2648e-04
7.4874e-01 7.4874e-01 2.5126e-01 1.1411e-03 -2.1484e+00 -6.8190e+00 4.9618e-02 2.7412e+02 1.2888e+02 2.8146e+01 -1.7915e+01 6.5419e+01 -3.8803e-01 -4.8079e-02 6.4777e+01 1.0494e-01 6.5052e+01 6.5083e+01 7.4874e-01 7.4874e-01 2.5126e-01 4.3519e-04
7.4372e-01 7.4372e-01 2.5628e-01 1.1401e-03 -2.2437e+00 -6.7116e+00 4.9653e-02 2.7410e+02 1.2674e+02 2.7118e+01 -1.7269e+01 6.5332e+01 -3.7384e-01 -4.4273e-02 6.4738e+01 1.0085e-01 6.4991e+01 6.5020e+01 7.4372e-01 7.4372e-01 2.5628e-01 4.4389e-04
7.3869e-01 7.3869e-01 2.6131e-01 1.1391e-03 -2.3509e+00 -6.6061e+00 4.9542e-02 2.7408e+02 1.2473e+02 2.6100e+01 -1.6641e+01 6.5246e+01 -3.5813e-01 -4.0582e-02 6.4700e+01 9.6823e-02 6.4932e+01 6.4959e+01 7.3869e-01 7.3869e-01 2.6131e-01 4.5260e-04
7.3367e-01 7.3367e-01 2.6633e-01 1.1381e-03 -2.4630e+00 -6.5004e+00 4.9313e-02 2.7406e+02 1.2280e+02 2.5084e+01 -1.6025e+01 6.5163e+01 -3.4177e-01 -3.6984e-02 6.4662e+01 9.2833e-02 6.4874e+01 6.4900e+01 7.3367e-01 7.3367e-01 2.6633e-01 4.6130e-04
7.2864e-01 7.2864e-01 2.7136e-01 1.1372e-03 -2.5738e+00 -6.3885e+00 4.8743e-02 2.7404e+02 1.2098e+02 2.4054e+01 -1.5428e+01 6.5084e+01 -3.2538e-01 -3.3654e-02 6.4626e+01 8.8909e-02 6.4819e+01 6.4843e+01 7.2864e-01 7.2864e-01 2.7136e-01 4.7000e-04
7.2362e-01 7.2362e-01 2.7638e-01 1.1363e-03 -2.6934e+00 -6.2778e+00 4.8098e-02 2.7402e+02 1.1925e+02 2.3032e+01 -1.4846e+01 6.5008e+01 -3.0789e-01 -3.0431e-02 6.4591e+01 8.5040e-02 6.4765e+01 6.4788e+01 7.2362e-01 7.2362e-01 2.7638e-01 4.7871e-04
7.1859e-01 7.1859e-01 2.8141e-01 1.1354e-03 -2.8190e+00 -6.1677e+00 4.7390e-02 2.7401e+02 1.1759e+02 2.2015e+01 -1.4275e+01 6.4933e+01 -2.8963e-01 -2.7293e-02 6.4556e+01 8.1214e-02 6.4712e+01 6.4734e+01 7.1859e-01 7.1859e-01 2.8141e-01 4.8741e-04
7.1357e-01 7.1357e-01 2.8643e-01 1.1346e-03 -2.9390e+00 -6.0496e+00 4.6400e-02 2.7399e+02 1.1600e+02 2.0984e+01 -1.3722e+01 6.4862e+01 -2.7187e-01 -2.4429e-02 6.4523e+01 7.7483e-02 6.4662e+01 6.4682e+01 7.1357e-01 7.1357e-01 2.8643e-01 4.9612e-04
7.0854e-01 7.0854e-01 2.9146e-01 1.1338e-03 -3.0651e+00 -5.9324e+00 4.5376e-02 2.7397e+02 1.1448e+02 1.9959e+01 -1.3181e+01 6.4792e+01 -2.5333e-01 -2.1655e-02 6.4490e+01 7.3802e-02 6.4612e+01 6.4631e+01 7.0854e-01 7.0854e-01 2.9146e-01 5.0482e-04
7.0352e-01 7.0352e-01 2.9648e-01 1.1330e-03 -3.1982e+00 -5.8159e+00 4.4315e-02 2.7395e+02 1.1303e+02 1.8942e+01 -1.2652e+01 6.4725e+01 -2.3391e-01 -1.8980e-02 6.4457e+01 7.0176e-02 6.4564e+01 6.4582e+01 7.0352e-01 7.0352e-01 2.9648e-01 5.1352e-04
6.9849e-01 6.9849e-01 3.0151e-01 1.1322e-03 -3.3223e+00 -5.6913e+00 4.3055e-02 2.7393e+02 1.1161e+02 1.7916e+01 -1.2138e+01 6.4661e+01 -2.1540e-01 -1.6532e-02 6.4425e+01 6.6660e-02 6.4517e+01 6.4534e+01 6.9849e-01 6.9849e-01 3.0151e-01 5.2223e-04
6.9347e-01 6.9347e-01 3.0653e-01 1.1315e-03 -3.4498e+00 -5.5665e+00 4.1767e-02 2.7391e+02 1.1023e+02 1.6894e+01 -1.1633e+01 6.4598e+01 -1.9643e-01 -1.4171e-02 6.4394e+01 6.3195e-02 6.4472e+01 6.4488e+01 6.9347e-01 6.9347e-01 3.0653e-01 5.3093e-04
6.8844e-01 6.8844e-01 3.1156e-01 1.1308e-03 -3.5845e+00 -5.4425e+00 4.0460e-02 2.7390e+02 1.0892e+02 1.5882e+01 -1.1143e+01 6.4537e+01 -1.7654e-01 -1.1930e-02 6.4363e+01 5.9803e-02 6.4427e+01 6.4442e+01 6.8844e-01 6.8844e-01 3.1156e-01 5.3963e-04
6.8342e-01 6.8342e-01 3.1658e-01 1.1301e-03 -3.7085e+00 -5.3109e+00 3.9022e-02 2.7388e+02 1.0760e+02 1.4865e+01 -1.0663e+01 6.4478e+01 -1.5775e-01 -9.8537e-03 6.4333e+01 5.6522e-02 6.4384e+01 6.4399e+01 6.8342e-01 6.8342e-01 3.1658e-01 5.4834e-04
6.7839e-01 6.7839e-01 3.2161e-01 1.1294e-03 -3.8325e+00 -5.1780e+00 3.7554e-02 2.7386e+02 1.0631e+02 1.3853e+01 -1.0192e+01 6.4421e+01 -1.3888e-01 -7.8628e-03 6.4303e+01 5.3299e-02 6.4342e+01 6.4355e+01 6.7839e-01 6.7839e-01 3.2161e-01 5.5704e-04
6.7337e-01 6.7337e-01 3.2663e-01 1.1287e-03 -3.9639e+00 -5.0459e+00 3.6086e-02 2.7384e+02 1.0508e+02 1.2853e+01 -9.7364e+00 6.4366e+01 -1.1905e-01 -6.0075e-03 6.4274e+01 5.0167e-02 6.4301e+01 6.4314e+01 6.7337e-01 6.7337e-01 3.2663e-01 5.6575e-04
6.6834e-01 6.6834e-01 3.3166e-01 1.1281e-03 -4.0839e+00 -4.9074e+00 3.4533e-02 2.7383e+02 1.0382e+02 1.1854e+01 -9.2894e+00 6.4313e+01 -1.0038e-01 -4.2660e-03 6.4245e+01 4.7141e-02 6.4261e+01 6.4273e+01 6.6834e-01 6.6834e-01 3.3166e-01 5.7445e-04
6.6332e-01 6.6332e-01 3.3668e-01 1.1275e-03 -4.2003e+00 -4.7662e+00 3.2948e-02 2.7381e+02 1.0255e+02 1.0859e+01 -8.8491e+00 6.4261e+01 -8.2035e-02 -2.5988e-03 6.4216e+01 4.4179e-02 6.4222e+01 6.4233e+01 6.6332e-01 6.6332e-01 3.3668e-01 5.8315e-04
6.5829e-01 6.5829e-01 3.4171e-01 1.1268e-03 -4.3240e+00 -4.6262e+00 3.1382e-02 2.7379e+02 1.0135e+02 9.8808e+00 -8.4253e+00 6.4211e+01 -6.2687e-02 -1.0816e-03 6.4188e+01 4.1327e-02 6.4184e+01 6.4194e+01 6.5829e-01 6.5829e-01 3.4171e-01 5.9186e-04
6.5327e-01 6.5327e-01 3.4673e-01 1.1263e-03 -4.4365e+00 -4.4808e+00 2.9762e-02 2.7378e+02 1.0010e+02 8.9074e+00 -8.0083e+00 6.4162e+01 -4.4449e-02 3.6163e-04 6.4160e+01 3.8570e-02 6.4146e+01 6.4156e+01 6.5327e-01 6.5327e-01 3.4673e-01 6.0056e-04
6.4824e-01 6.4824e-01 3.5176e-01 1.1257e-03 -4.5417e+00 -4.3318e+00 2.8108e-02 2.7376e+02 9.8822e+01 7.9380e+00 -7.5966e+00 6.4115e+01 -2.6927e-02 1.7476e-03 6.4132e+01 3.5883e-02 6.4109e+01 6.4119e+01 6.4824e-01 6.4824e-01 3.5176e-01 6.0926e-04
6.4322e-01 6.4322e-01 3.5678e-01 1.1251e-03 -4.6541e+00 -4.1842e+00 2.6489e-02 2.7374e+02 9.7603e+01 6.9915e+00 -7.2030e+00 6.4070e+01 -8.3570e-03 2.9701e-03 6.4104e+01 3.3324e-02 6.4074e+01 6.4083e+01 6.4322e-01 6.4322e-01 3.5678e-01 6.1797e-04
6.3819e-01 6.3819e-01 3.6181e-01 1.1245e-03 -4.7563e+00 -4.0326e+00 2.4838e-02 2.7373e+02 9.6334e+01 6.0522e+00 -6.8144e+00 6.4026e+01 9.2446e-03 4.1472e-03 6.4077e+01 3.0845e-02 6.4039e+01 6.4047e+01 6.3819e-01 6.3819e-01 3.6181e-01 6.2667e-04
6.3317e-01 6.3317e-01 3.6683e-01 1.1240e-03 -4.8478e+00 -3.8767e+00 2.3153e-02 2.7371e+02 9.5012e+01 5.1204e+00 -6.4313e+00 6.3983e+01 2.5815e-02 5.2757e-03 6.4050e+01 2.8451e-02 6.4004e+01 6.4013e+01 6.3317e-01 6.3317e-01 3.6683e-01 6.3538e-04
6.2814e-01 6.2814e-01 3.7186e-01 1.1235e-03 -4.9454e+00 -3.7225e+00 2.1511e-02 2.7369e+02 9.3738e+01 4.2139e+00 -6.0653e+00 6.3942e+01 4.3362e-02 6.2502e-03 6.4023e+01 2.6183e-02 6.3971e+01 6.3979e+01 6.2814e-01 6.2814e-01 3.7186e-01 6.4408e-04
6.2312e-01 6.2312e-01 3.7688e-01 1.1230e-03 -5.0804e+00 -3.5804e+00 2.0022e-02 2.7367e+02 9.2711e+01 3.3351e+00 -5.7172e+00 6.3902e+01 6.3987e-02 7.0478e-03 6.3994e+01 2.4007e-02 6.3938e+01 6.3945e+01 6.2312e-01 6.2312e-01 3.7688e-01 6.5278e-04
6.1809e-01 6.1809e-01 3.8191e-01 1.1224e-03 -5.1636e+00 -3.4204e+00 1.8446e-02 2.7366e+02 9.1495e+01 2.3720e+00 -5.3629e+00 6.3863e+01 7.8269e-02 7.8809e-03 6.3966e+01 2.1939e-02 6.3905e+01 6.3912e+01 6.1809e-01 6.1809e-01 3.8191e-01 6.6149e-04
6.1307e-01 6.1307e-01 3.8693e-01 1.1219e-03 -5.2511e+00 -3.2620e+00 1.6891e-02 2.7364e+02 9.0318e+01 1.4312e+00 -5.0237e+00 6.3826e+01 9.3196e-02 8.5934e-03 6.3938e+01 1.9981e-02 6.3873e+01 6.3879e+01 6.1307e-01 6.1307e-01 3.8693e-01 6.7019e-04
6.0804e-01 6.0804e-01 3.9196e-01 1.1215e-03 -5.3372e+00 -3.1035e+00 1.5346e-02 2.7362e+02 8.9156e+01 4.9888e-01 -4.6921e+00 6.3790e+01 1.0810e-01 9.2287e-03 6.3910e+01 1.8082e-02 6.3842e+01 6.3847e+01 6.0804e-01 6.0804e-01 3.9196e-01 6.7889e-04
6.0302e-01 6.0302e-01 3.9698e-01 1.1210e-03 -5.4172e+00 -2.9439e+00 1.3813e-02 2.7361e+02 8.8011e+01 -4.2374e-01 -4.3726e+00 6.3756e+01 1.2256e-01 9.7236e-03 6.3883e+01 1.6280e-02 6.3812e+01 6.3817e+01 6.0302e-01 6.0302e-01 3.9698e-01 6.8760e-04
5.9799e-01 5.9799e-01 4.0201e-01 1.1205e-03 -5.5001e+00 -2.7857e+00 1.2310e-02 2.7359e+02 8.6893e+01 -1.3259e+00 -4.0656e+00 6.3723e+01 1.3749e-01 1.0114e-02 6.3855e+01 1.4576e-02 6.3782e+01 6.3787e+01 5.9799e-01 5.9799e-01 4.0201e-01 6.9630e-04
5.9296e-01 5.9296e-01 4.0704e-01 1.1201e-03 -5.5825e+00 -2.6279e+00 1.0825e-02 2.7357e+02 8.5789e+01 -2.2172e+00 -3.7662e+00 6.3692e+01 1.5246e-01 1.0435e-02 6.3827e+01 1.2933e-02 6.3753e+01 6.3757e+01 5.9296e-01 5.9296e-01 4.0704e-01 7.0501e-04
5.8794e-01 5.8794e-01 4.1206e-01 1.1196e-03 -5.6562e+00 -2.4693e+00 9.3764e-03 2.7356e+02 8.4690e+01 -3.0947e+00 -3.4800e+00 6.3663e+01 1.6669e-01 1.0607e-02 6.3800e+01 1.1406e-02 6.3725e+01 6.3729e+01 5.8794e-01 5.8794e-01 4.1206e-01 7.1371e-04
5.8291e-01 5.8291e-01 4.1709e-01 1.1192e-03 -5.7318e+00 -2.3120e+00 7.9601e-03 2.7354e+02 8.3610e+01 -3.9540e+00 -3.2041e+00 6.3635e+01 1.8123e-01 1.0693e-02 6.3772e+01 9.9621e-03 6.3698e+01 6.3702e+01 5.8291e-01 5.8291e-01 4.1709e-01 7.2241e-04
5.7789e-01 5.7789e-01 4.2211e-01 1.1188e-03 -5.8082e+00 -2.1555e+00 6.5683e-03 2.7353e+02 8.2543e+01 -4.8003e+00 -2.9355e+00 6.3608e+01 1.9593e-01 1.0715e-02 6.3745e+01 8.5804e-03 6.3671e+01 6.3675e+01 5.7789e-01 5.7789e-01 4.2211e-01 7.3112e-04
5.7286e-01 5.7286e-01 4.2714e-01 1.1184e-03 -5.8730e+00 -1.9986e+00 5.2361e-03 2.7351e+02 8.1470e+01 -5.6283e+00 -2.6814e+00 6.3583e+01 2.0955e-01 1.0586e-02 6.3718e+01 7.3337e-03 6.3645e+01 6.3649e+01 5.7286e-01 5.7286e-01 4.2714e-01 7.3982e-04
5.6784e-01 5.6784e-01 4.3216e-01 1.1180e-03 -5.9389e+00 -1.8430e+00 3.9348e-03 2.7350e+02 8.0410e+01 -6.4407e+00 -2.4353e+00 6.3559e+01 2.2337e-01 1.0391e-02 6.3690e+01 6.1553e-03 6.3620e+01 6.3623e+01 5.6784e-01 5.6784e-01 4.3216e-01 7.4852e-04
5.6281e-01 5.6281e-01 4.3719e-01 1.1177e-03 -6.0062e+00 -1.6886e+00 2.6654e-03 2.7348e+02 7.9363e+01 -7.2369e+00 -2.1974e+00 6.3537e+01 2.3739e-01 1.0126e-02 6.3663e+01 5.0476e-03 6.3596e+01 6.3598e+01 5.6281e-01 5.6281e-01 4.3719e-01 7.5723e-04
5.5779e-01 5.5779e-01 4.4221e-01 1.1173e-03 -6.0606e+00 -1.5343e+00 1.4701e-03 2.7347e+02 7.8299e+01 -8.0126e+00 -1.9732e+00 6.3516e+01 2.5015e-01 9.7345e-03 6.3636e+01 4.0740e-03 6.3572e+01 6.3575e+01 5.5779e-01 5.5779e-01 4.4221e-01 7.6593e-04
5.5276e-01 5.5276e-01 4.4724e-01 1.1170e-03 -6.1147e+00 -1.3812e+00 3.0622e-04 2.7345e+02 7.7243e+01 -8.7743e+00 -1.7558e+00 6.3496e+01 2.6293e-01 9.2853e-03 6.3609e+01 3.1620e-03 6.3549e+01 6.3551e+01 5.5276e-01 5.5276e-01 4.4724e-01 7.7464e-04
5.4774e-01 5.4774e-01 4.5226e-01 1.1166e-03 -6.1700e+00 -1.2298e+00 -8.1482e-04 2.7344e+02 7.6200e+01 -9.5156e+00 -1.5481e+00 6.3477e+01 2.7590e-01 8.7574e-03 6.3582e+01 2.3352e-03 6.3526e+01 6.3528e+01 5.4774e-01 5.4774e-01 4.5226e-01 7.8334e-04
5.4271e-01 5.4271e-01 4.5729e-01 1.1163e-03 -6.2129e+00 -1.0792e+00 -1.8588e-03 2.7342e+02 7.5135e+01 -1.0237e+01 -1.3519e+00 6.3460e+01 2.8759e-01 8.1366e-03 6.3555e+01 1.6261e-03 6.3504e+01 6.3506e+01 5.4271e-01 5.4271e-01 4.5729e-01 7.9204e-04
5.3769e-01 5.3769e-01 4.6231e-01 1.1160e-03 -6.2534e+00 -9.2952e-01 -2.8664e-03 2.7341e+02 7.4072e+01 -1.0944e+01 -1.1623e+00 6.3443e+01 2.9906e-01 7.4647e-03 6.3528e+01 9.7834e-04 6.3483e+01 6.3485e+01 5.3769e-01 5.3769e-01 4.6231e-01 8.0075e-04
5.3266e-01 5.3266e-01 4.6734e-01 1.1157e-03 -6.2949e+00 -7.8227e-01 -3.8199e-03 2.7339e+02 7.3021e+01 -1.1627e+01 -9.8348e-01 6.3428e+01 3.1068e-01 6.7078e-03 6.3501e+01 4.2853e-04 6.3462e+01 6.3464e+01 5.3266e-01 5.3266e-01 4.6734e-01 8.0945e-04
5.2764e-01 5.2764e-01 4.7236e-01 1.1154e-03 -6.3247e+00 -6.3618e-01 -4.6974e-03 2.7338e+02 7.1948e+01 -1.2291e+01 -8.1444e-01 6.3414e+01 3.2106e-01 5.8883e-03 6.3475e+01 -2.1505e-05 6.3442e+01 6.3444e+01 5.2764e-01 5.2764e-01 4.7236e-01 8.1815e-04
5.2261e-01 5.2261e-01 4.7739e-01 1.1151e-03 -6.3502e+00 -4.9115e-01 -5.5323e-03 2.7337e+02 7.0869e+01 -1.2941e+01 -6.5155e-01 6.3401e+01 3.3097e-01 5.0271e-03 6.3448e+01 -4.1117e-04 6.3422e+01 6.3424e+01 5.2261e-01 5.2261e-01 4.7739e-01 8.2686e-04
5.1759e-01 5.1759e-01 4.8241e-01 1.1148e-03 -6.3762e+00 -3.4923e-01 -6.3011e-03 2.7335e+02 6.9803e+01 -1.3563e+01 -5.0060e-01 6.3389e+01 3.4099e-01 4.0780e-03 6.3422e+01 -6.9215e-04 6.3403e+01 6.3405e+01 5.1759e-01 5.1759e-01 4.8241e-01 8.3556e-04
5.1256e-01 5.1256e-01 4.8744e-01 1.1145e-03 -6.3918e+00 -2.0881e-01 -6.9981e-03 2.7334e+02 6.8716e+01 -1.4167e+01 -3.5766e-01 6.3378e+01 3.4986e-01 3.0915e-03 6.3396e+01 -8.9229e-04 6.3384e+01 6.3386e+01 5.1256e-01 5.1256e-01 4.8744e-01 8.4427e-04
5.0754e-01 5.0754e-01 4.9246e-01 1.1142e-03 -6.4009e+00 -6.9580e-02 -7.6447e-03 2.7333e+02 6.7617e+01 -1.4758e+01 -2.2061e-01 6.3367e+01 3.5801e-01 2.0760e-03 6.3369e+01 -1.0339e-03 6.3366e+01 6.3368e+01 5.0754e-01 5.0754e-01 4.9246e-01 8.5297e-04
5.0251e-01 5.0251e-01 4.9749e-01 1.1140e-03 -6.4103e+00 6.5713e-02 -8.2123e-03 2.7332e+02 6.6533e+01 -1.5315e+01 -9.6449e-02 6.3358e+01 3.6620e-01 9.7297e-04 6.3343e+01 -1.0589e-03 6.3349e+01 6.3350e+01 5.0251e-01 5.0251e-01 4.9749e-01 8.6167e-04
4.9749e-01 4.9749e-01 5.0251e-01 1.1137e-03 -6.4308e+00 1.9501e-01 -8.7365e-03 2.7330e+02 6.5500e+01 -1.5861e+01 1.9408e-02 6.3351e+01 3.7527e-01 -3.3248e-04 6.3317e+01 -1.0458e-03 6.3332e+01 6.3333e+01 4.9749e-01 4.9749e-01 5.0251e-01 8.7038e-04
4.9246e-01 4.9246e-01 5.0754e-01 1.1135e-03 -6.4257e+00 3.2623e-01 -9.1736e-03 2.7329e+02 6.4456e+01 -1.6414e+01 1.3177e-01 6.3343e+01 3.8063e-01 -1.5256e-03 6.3291e+01 -9.5932e-04 6.3315e+01 6.3317e+01 4.9246e-01 4.9246e-01 5.0754e-01 8.7908e-04
4.8744e-01 4.8744e-01 5.1256e-01 1.1133e-03 -6.4206e+00 4.5324e-01 -9.5278e-03 2.7328e+02 6.3420e+01 -1.6932e+01 2.3201e-01 6.3337e+01 3.8596e-01 -2.7916e-03 6.3266e+01 -7.6394e-04 6.3299e+01 6.3301e+01 4.8744e-01 4.8744e-01 5.1256e-01 8.8778e-04
4.8241e-01 4.8241e-01 5.1759e-01 1.1130e-03 -6.4114e+00 5.7764e-01 -9.8236e-03 2.7327e+02 6.2382e+01 -1.7431e+01 3.2671e-01 6.3331e+01 3.9082e-01 -4.1054e-03 6.3241e+01 -5.1975e-04 6.3284e+01 6.3285e+01 4.8241e-01 4.8241e-01 5.1759e-01 8.9649e-04
4.7739e-01 4.7739e-01 5.2261e-01 1.1128e-03 -6.3958e+00 6.9832e-01 -1.0036e-02 2.7326e+02 6.1340e+01 -1.7905e+01 4.1383e-01 6.3326e+01 3.9495e-01 -5.4871e-03 6.3216e+01 -2.0927e-04 6.3269e+01 6.3270e+01 4.7739e-01 4.7739e-01 5.2261e-01 9.0519e-04
4.7236e-01 4.7236e-01 5.2764e-01 1.1126e-03 -6.3801e+00 8.1510e-01 -1.0176e-02 2.7325e+02 6.0305e+01 -1.8348e+01 4.9097e-01 6.3322e+01 3.9902e-01 -6.9222e-03 6.3191e+01 1.9083e-04 6.3255e+01 6.3256e+01 4.7236e-01 4.7236e-01 5.2764e-01 9.1390e-04
4.6734e-01 4.6734e-01 5.3266e-01 1.1124e-03 -6.3614e+00 9.2929e-01 -1.0265e-02 2.7323e+02 5.9269e+01 -1.8773e+01 5.6292e-01 6.3318e+01 4.0272e-01 -8.3917e-03 6.3167e+01 6.3658e-04 6.3241e+01 6.3242e+01 4.6734e-01 4.6734e-01 5.3266e-01 9.2260e-04
4.6231e-01 4.6231e-01 5.3769e-01 1.1122e-03 -6.3349e+00 1.0388e+00 -1.0256e-02 2.7322e+02 5.8228e+01 -1.9167e+01 6.2658e-01 6.3315e+01 4.0550e-01 -9.9221e-03 6.3143e+01 1.1540e-03 6.3227e+01 6.3229e+01 4.6231e-01 4.6231e-01 5.3769e-01 9.3130e-04
4.5729e-01 4.5729e-01 5.4271e-01 1.1120e-03 -6.3082e+00 1.1448e+00 -1.0187e-02 2.7321e+02 5.7192e+01 -1.9535e+01 6.8227e-01 6.3314e+01 4.0821e-01 -1.1488e-02 6.3119e+01 1.7421e-03 6.3215e+01 6.3216e+01 4.5729e-01 4.5729e-01 5.4271e-01 9.4001e-04
4.5226e-01 4.5226e-01 5.4774e-01 1.1118e-03 -6.2795e+00 1.2483e+00 -1.0072e-02 2.7320e+02 5.6158e+01 -1.9886e+01 7.3316e-01 6.3312e+01 4.1066e-01 -1.3077e-02 6.3096e+01 2.3719e-03 6.3202e+01 6.3203e+01 4.5226e-01 4.5226e-01 5.4774e-01 9.4871e-04
4.4724e-01 4.4724e-01 5.5276e-01 1.1117e-03 -6.2418e+00 1.3461e+00 -9.8496e-03 2.7319e+02 5.5117e+01 -2.0203e+01 7.7533e-01 6.3311e+01 4.1200e-01 -1.4712e-02 6.3073e+01 3.0747e-03 6.3190e+01 6.3191e+01 4.4724e-01 4.4724e-01 5.5276e-01 9.5742e-04
4.4221e-01 4.4221e-01 5.5779e-01 1.1115e-03 -6.2038e+00 1.4408e+00 -9.5765e-03 2.7319e+02 5.4081e+01 -2.0497e+01 8.1138e-01 6.3311e+01 4.1327e-01 -1.6368e-02 6.3051e+01 3.8301e-03 6.3179e+01 6.3180e+01 4.4221e-01 4.4221e-01 5.5779e-01 9.6612e-04
4.3719e-01 4.3719e-01 5.6281e-01 1.1114e-03 -6.1650e+00 1.5332e+00 -9.2642e-03 2.7318e+02 5.3048e+01 -2.0775e+01 8.4303e-01 6.3311e+01 4.1441e-01 -1.8037e-02 6.3028e+01 4.6229e-03 6.3168e+01 6.3169e+01 4.3719e-01 4.3719e-01 5.6281e-01 9.7482e-04
4.3216e-01 4.3216e-01 5.6784e-01 1.1112e-03 -6.1160e+00 1.6189e+00 -8.8347e-03 2.7317e+02 5.2008e+01 -2.1015e+01 8.6587e-01 6.3312e+01 4.1428e-01 -1.9729e-02 6.3007e+01 5.4850e-03 6.3157e+01 6.3159e+01 4.3216e-01 4.3216e-01 5.6784e-01 9.8353e-04
4.2714e-01 4.2714e-01 5.7286e-01 1.1111e-03 -6.0668e+00 1.7020e+00 -8.3654e-03 2.7316e+02 5.0972e+01 -2.1237e+01 8.8422e-01 6.3313e+01 4.1407e-01 -2.1430e-02 6.2986e+01 6.3835e-03 6.3147e+01 6.3148e+01 4.2714e-01 4.2714e-01 5.7286e-01 9.9223e-04
4.2211e-01 4.2211e-01 5.7789e-01 1.1109e-03 -6.0174e+00 1.7826e+00 -7.8575e-03 2.7315e+02 4.9940e+01 -2.1441e+01 8.9822e-01 6.3314e+01 4.1380e-01 -2.3138e-02 6.2965e+01 7.3176e-03 6.3137e+01 6.3139e+01 4.2211e-01 4.2211e-01 5.7789e-01 1.0009e-03
4.1709e-01 4.1709e-01 5.8291e-01 1.1108e-03 -5.9578e+00 1.8562e+00 -7.2367e-03 2.7314e+02 4.8902e+01 -2.1609e+01 9.0440e-01 6.3316e+01 4.1223e-01 -2.4839e-02 6.2944e+01 8.3063e-03 6.3128e+01 6.3129e+01 4.1709e-01 4.1709e-01 5.8291e-01 1.0096e-03
4.1206e-01 4.1206e-01 5.8794e-01 1.1107e-03 -5.8975e+00 1.9274e+00 -6.5810e-03 2.7313e+02 4.7868e+01 -2.1760e+01 9.0712e-01 6.3318e+01 4.1055e-01 -2.6538e-02 6.2925e+01 9.3204e-03 6.3119e+01 6.3120e+01 4.1206e-01 4.1206e-01 5.8794e-01 1.0183e-03
4.0704e-01 4.0704e-01 5.9296e-01 1.1105e-03 -5.8372e+00 1.9955e+00 -5.8809e-03 2.7313e+02 4.6839e+01 -2.1890e+01 9.0523e-01 6.3320e+01 4.0879e-01 -2.8237e-02 6.2905e+01 1.0369e-02 6.3110e+01 6.3112e+01 4.0704e-01 4.0704e-01 5.9296e-01 1.0270e-03
4.0201e-01 4.0201e-01 5.9799e-01 1.1104e-03 -5.7679e+00 2.0573e+00 -5.0879e-03 2.7312e+02 4.5805e+01 -2.1989e+01 8.9747e-01 6.3323e+01 4.0590e-01 -2.9901e-02 6.2886e+01 1.1450e-02 6.3102e+01 6.3104e+01 4.0201e-01 4.0201e-01 5.9799e-01 1.0357e-03
3.9698e-01 3.9698e-01 6.0302e-01 1.1103e-03 -5.6970e+00 2.1164e+00 -4.2581e-03 2.7311e+02 4.4774e+01 -2.2072e+01 8.8674e-01 6.3325e+01 4.0276e-01 -3.1553e-02 6.2868e+01 1.2549e-02 6.3094e+01 6.3096e+01 3.9698e-01 3.9698e-01 6.0302e-01 1.0445e-03
3.9196e-01 3.9196e-01 6.0804e-01 1.1102e-03 -5.6261e+00 2.1719e+00 -3.3800e-03 2.7311e+02 4.3749e+01 -2.2130e+01 8.7139e-01 6.3328e+01 3.9955e-01 -3.3191e-02 6.2850e+01 1.3677e-02 6.3087e+01 6.3088e+01 3.9196e-01 3.9196e-01 6.0804e-01 1.0532e-03
3.8693e-01 3.8693e-01 6.1307e-01 1.1101e-03 -5.5478e+00 2.2218e+00 -2.4289e-03 2.7310e+02 4.2723e+01 -2.2163e+01 8.5188e-01 6.3331e+01 3.9538e-01 -3.4776e-02 6.2833e+01 1.4819e-02 6.3079e+01 6.3081e+01 3.8693e-01 3.8693e-01 6.1307e-01 1.0619e-03
3.8191e-01 3.8191e-01 6.1809e-01 1.1100e-03 -5.4668e+00 2.2688e+00 -1.4405e-03 2.7309e+02 4.1697e+01 -2.2179e+01 8.2991e-01 6.3334e+01 3.9085e-01 -3.6334e-02 6.2816e+01 1.5969e-02 6.3072e+01 6.3074e+01 3.8191e-01 3.8191e-01 6.1809e-01 1.0706e-03
3.7688e-01 3.7688e-01 6.2312e-01 1.1099e-03 -5.3860e+00 2.3116e+00 -4.0235e-04 2.7309e+02 4.0681e+01 -2.2169e+01 8.0360e-01 6.3337e+01 3.8626e-01 -3.7861e-02 6.2800e+01 1.7139e-02 6.3066e+01 6.3068e+01 3.7688e-01 3.7688e-01 6.2312e-01 1.0793e-03
3.7186e-01 3.7186e-01 6.2814e-01 1.1099e-03 -5.3061e+00 2.3444e+00 6.4168e-04 2.7308e+02 3.9661e+01 -2.2136e+01 7.7479e-01 6.3342e+01 3.8094e-01 -3.9654e-02 6.2786e+01 1.8343e-02 6.3061e+01 6.3063e+01 3.7186e-01 3.7186e-01 6.2814e-01 1.0880e-03
3.6683e-01 3.6683e-01 6.3317e-01 1.1098e-03 -5.2167e+00 2.3788e+00 1.7511e-03 2.7308e+02 3.8644e+01 -2.2111e+01 7.4374e-01 6.3345e+01 3.7456e-01 -4.1216e-02 6.2771e+01 1.9551e-02 6.3055e+01 6.3057e+01 3.6683e-01 3.6683e-01 6.3317e-01 1.0967e-03
3.6181e-01 3.6181e-01 6.3819e-01 1.1097e-03 -5.1277e+00 2.4087e+00 2.9078e-03 2.7307e+02 3.7636e+01 -2.2055e+01 7.0874e-01 6.3348e+01 3.6818e-01 -4.2723e-02 6.2757e+01 2.0767e-02 6.3050e+01 6.3052e+01 3.6181e-01 3.6181e-01 6.3819e-01 1.1054e-03
3.5678e-01 3.5678e-01 6.4322e-01 1.1096e-03 -5.0356e+00 2.4337e+00 4.0777e-03 2.7307e+02 3.6625e+01 -2.1971e+01 6.7204e-01 6.3352e+01 3.6139e-01 -4.4224e-02 6.2743e+01 2.1985e-02 6.3044e+01 6.3046e+01 3.5678e-01 3.5678e-01 6.4322e-01 1.1141e-03
3.5176e-01 3.5176e-01 6.4824e-01 1.1096e-03 -4.9406e+00 2.4543e+00 5.2600e-03 2.7306e+02 3.5609e+01 -2.1861e+01 6.3375e-01 6.3355e+01 3.5422e-01 -4.5719e-02 6.2731e+01 2.3204e-02 6.3040e+01 6.3042e+01 3.5176e-01 3.5176e-01 6.4824e-01 1.1228e-03
3.4673e-01 3.4673e-01 6.5327e-01 1.1095e-03 -4.8464e+00 2.4705e+00 6.4788e-03 2.7306e+02 3.4605e+01 -2.1721e+01 5.9249e-01 6.3358e+01 3.4710e-01 -4.7141e-02 6.2719e+01 2.4416e-02 6.3035e+01 6.3037e+01 3.4673e-01 3.4673e-01 6.5327e-01 1.1315e-03
3.4171e-01 3.4171e-01 6.5829e-01 1.1095e-03 -4.7499e+00 2.4830e+00 7.7004e-03 2.7305e+02 3.3600e+01 -2.1560e+01 5.5029e-01 6.3361e+01 3.3970e-01 -4.8543e-02 6.2707e+01 2.5621e-02 6.3031e+01 6.3033e+01 3.4171e-01 3.4171e-01 6.5829e-01 1.1402e-03
3.3668e-01 3.3668e-01 6.6332e-01 1.1094e-03 -4.6502e+00 2.4904e+00 8.9239e-03 2.7305e+02 3.2592e+01 -2.1369e+01 5.0690e-01 6.3363e+01 3.3189e-01 -4.9919e-02 6.2697e+01 2.6817e-02 6.3027e+01 6.3029e+01 3.3668e-01 3.3668e-01 6.6332e-01 1.1489e-03
3.3166e-01 3.3166e-01 6.6834e-01 1.1094e-03 -4.5516e+00 2.4942e+00 1.0168e-02 2.7305e+02 3.1595e+01 -2.1153e+01 4.6181e-01 6.3366e+01 3.2416e-01 -5.1219e-02 6.2687e+01 2.7992e-02 6.3023e+01 6.3025e+01 3.3166e-01 3.3166e-01 6.6834e-01 1.1576e-03
3.2663e-01 3.2663e-01 6.7337e-01 1.1093e-03 -4.4516e+00 2.4951e+00 1.1411e-02 2.7304e+02 3.0599e+01 -2.0920e+01 4.1618e-01 6.3369e+01 3.1628e-01 -5.2484e-02 6.2677e+01 2.9155e-02 6.3020e+01 6.3022e+01 3.2663e-01 3.2663e-01 6.7337e-01 1.1663e-03
3.2161e-01 3.2161e-01 6.7839e-01 1.1093e-03 -4.3483e+00 2.4903e+00 1.2639e-02 2.7304e+02 2.9603e+01 -2.0655e+01 3.6996e-01 6.3371e+01 3.0798e-01 -5.3699e-02 6.2669e+01 3.0294e-02 6.3017e+01 6.3019e+01 3.2161e-01 3.2161e-01 6.7839e-01 1.1750e-03
3.1658e-01 3.1658e-01 6.8342e-01 1.1092e-03 -4.2461e+00 2.4827e+00 1.3876e-02 2.7304e+02 2.8618e+01 -2.0371e+01 3.2302e-01 6.3373e+01 2.9979e-01 -5.4837e-02 6.2661e+01 3.1403e-02 6.3014e+01 6.3016e+01 3.1658e-01 3.1658e-01 6.8342e-01 1.1837e-03
3.1156e-01 3.1156e-01 6.8844e-01 1.1092e-03 -4.1435e+00 2.4729e+00 1.5108e-02 2.7303e+02 2.7637e+01 -2.0072e+01 2.7588e-01 6.3376e+01 2.9154e-01 -5.5930e-02 6.2654e+01 3.2492e-02 6.3012e+01 6.3014e+01 3.1156e-01 3.1156e-01 6.8844e-01 1.1924e-03
3.0653e-01 3.0653e-01 6.9347e-01 1.1092e-03 -4.0375e+00 2.4571e+00 1.6305e-02 2.7303e+02 2.6658e+01 -1.9740e+01 2.2889e-01 6.3377e+01 2.8290e-01 -5.6943e-02 6.2648e+01 3.3541e-02 6.3010e+01 6.3011e+01 3.0653e-01 3.0653e-01 6.9347e-01 1.2011e-03
3.0151e-01 3.0151e-01 6.9849e-01 1.1091e-03 -3.9327e+00 2.4393e+00 1.7501e-02 2.7303e+02 2.5689e+01 -1.9394e+01 1.8189e-01 6.3379e+01 2.7438e-01 -5.7884e-02 6.2642e+01 3.4554e-02 6.3007e+01 6.3009e+01 3.0151e-01 3.0151e-01 6.9849e-01 1.2098e-03
2.9648e-01 2.9648e-01 7.0352e-01 1.1091e-03 -3.8283e+00 2.4197e+00 1.8691e-02 2.7303e+02 2.4726e+01 -1.9037e+01 1.3495e-01 6.3380e+01 2.6591e-01 -5.8773e-02 6.2636e+01 3.5541e-02 6.3006e+01 6.3007e+01 2.9648e-01 2.9648e-01 7.0352e-01 1.2185e-03
2.9146e-01 2.9146e-01 7.0854e-01 1.1091e-03 -3.7208e+00 2.3942e+00 1.9821e-02 2.7302e+02 2.3769e+01 -1.8647e+01 8.9029e-02 6.3381e+01 2.5707e-01 -5.9548e-02 6.2632e+01 3.6467e-02 6.3004e+01 6.3006e+01 2.9146e-01 2.9146e-01 7.0854e-01 1.2272e-03
2.8643e-01 2.8643e-01 7.1357e-01 1.1091e-03 -3.6143e+00 2.3672e+00 2.0943e-02 2.7302e+02 2.2822e+01 -1.8247e+01 4.3515e-02 6.3382e+01 2.4836e-01 -6.0259e-02 6.2628e+01 3.7356e-02 6.3002e+01 6.3004e+01 2.8643e-01 2.8643e-01 7.1357e-01 1.2359e-03
2.8141e-01 2.8141e-01 7.1859e-01 1.1091e-03 -3.5089e+00 2.3388e+00 2.2058e-02 2.7302e+02 2.1883e+01 -1.7837e+01 -1.6268e-03 6.3382e+01 2.3976e-01 -6.0912e-02 6.2624e+01 3.8211e-02 6.3001e+01 6.3003e+01 2.8141e-01 2.8141e-01 7.1859e-01 1.2446e-03
2.7638e-01 2.7638e-01 7.2362e-01 1.1090e-03 -3.4009e+00 2.3050e+00 2.3089e-02 2.7302e+02 2.0953e+01 -1.7399e+01 -4.5009e-02 6.3382e+01 2.3089e-01 -6.1424e-02 6.2622e+01 3.8988e-02 6.3000e+01 6.3001e+01 2.7638e-01 2.7638e-01 7.2362e-01 1.2533e-03
2.7136e-01 2.7136e-01 7.2864e-01 1.1090e-03 -3.2938e+00 2.2700e+00 2.4106e-02 2.7302e+02 2.0032e+01 -1.6953e+01 -8.7726e-02 6.3382e+01 2.2212e-01 -6.1879e-02 6.2619e+01 3.9728e-02 6.2999e+01 6.3000e+01 2.7136e-01 2.7136e-01 7.2864e-01 1.2620e-03
2.6633e-01 2.6633e-01 7.3367e-01 1.1090e-03 -3.1882e+00 2.2336e+00 2.5106e-02 2.7301e+02 1.9123e+01 -1.6497e+01 -1.2958e-01 6.3382e+01 2.1352e-01 -6.2256e-02 6.2618e+01 4.0419e-02 6.2998e+01 6.2999e+01 2.6633e-01 2.6633e-01 7.3367e-01 1.2708e-03
2.6131e-01 2.6131e-01 7.3869e-01 1.1090e-03 -3.0808e+00 2.1932e+00 2.6015e-02 2.7301e+02 1.8224e+01 -1.6021e+01 -1.6943e-01 6.3381e+01 2.0475e-01 -6.2495e-02 6.2617e+01 4.1029e-02 6.2997e+01 6.2998e+01 2.6131e-01 2.6131e-01 7.3869e-01 1.2795e-03
2.5628e-01 2.5628e-01 7.4372e-01 1.1090e-03 -2.9740e+00 2.1515e+00 2.6897e-02 2.7301e+02 1.7334e+01 -1.5538e+01 -2.0833e-01 6.3379e+01 1.9605e-01 -6.2670e-02 6.2616e+01 4.1598e-02 6.2997e+01 6.2997e+01 2.5628e-01 2.5628e-01 7.4372e-01 1.2882e-03
2.5126e-01 2.5126e-01 7.4874e-01 1.1090e-03 -2.8692e+00 2.1084e+00 2.7752e-02 2.7301e+02 1.6460e+01 -1.5045e+01 -2.4582e-01 6.3378e+01 1.8758e-01 -6.2751e-02 6.2616e+01 4.2100e-02 6.2996e+01 6.2997e+01 2.5126e-01 2.5126e-01 7.4874e-01 1.2969e-03
2.4623e-01 2.4623e-01 7.5377e-01 1.1090e-03 -2.7671e+00 2.0549e+00 2.8556e-02 2.7301e+02 1.5579e+01 -1.4514e+01 -2.7525e-01 6.3376e+01 1.7906e-01 -6.3045e-02 6.2619e+01 4.2540e-02 6.2997e+01 6.2997e+01 2.4623e-01 2.4623e-01 7.5377e-01 1.3056e-03
2.4121e-01 2.4121e-01 7.5879e-01 1.1090e-03 -2.6621e+00 2.0075e+00 2.9140e-02 2.7301e+02 1.4712e+01 -1.4005e+01 -3.0937e-01 6.3373e+01 1.7036e-01 -6.3105e-02 6.2620e+01 4.3023e-02 6.2996e+01 6.2997e+01 2.4121e-01 2.4121e-01 7.5879e-01 1.3143e-03
2.3618e-01 2.3618e-01 7.6382e-01 1.1090e-03 -2.5596e+00 1.9591e+00 2.9668e-02 2.7301e+02 1.3865e+01 -1.3487e+01 -3.4129e-01 6.3371e+01 1.6199e-01 -6.3044e-02 6.2621e+01 4.3420e-02 6.2996e+01 6.2996e+01 2.3618e-01 2.3618e-01 7.6382e-01 1.3230e-03
2.3116e-01 2.3116e-01 7.6884e-01 1.1090e-03 -2.4572e+00 1.9073e+00 3.0077e-02 2.7301e+02 1.3019e+01 -1.2944e+01 -3.6920e-01 6.3367e+01 1.5374e-01 -6.2928e-02 6.2624e+01 4.3766e-02 6.2995e+01 6.2995e+01 2.3116e-01 2.3116e-01 7.6884e-01 1.3317e-03
2.2613e-01 2.2613e-01 7.7387e-01 1.1090e-03 -2.3551e+00 1.8536e+00 3.0414e-02 2.7301e+02 1.2177e+01 -1.2387e+01 -3.9461e-01 6.3363e+01 1.4559e-01 -6.2768e-02 6.2627e+01 4.4073e-02 6.2995e+01 6.2995e+01 2.2613e-01 2.2613e-01 7.7387e-01 1.3404e-03
2.2111e-01 2.2111e-01 7.7889e-01 1.1090e-03 -2.2562e+00 1.7993e+00 3.0688e-02 2.7300e+02 1.1360e+01 -1.1825e+01 -4.1735e-01 6.3359e+01 1.3783e-01 -6.2471e-02 6.2630e+01 4.4274e-02 6.2995e+01 6.2995e+01 2.2111e-01 2.2111e-01 7.7889e-01 1.3491e-03
2.1608e-01 2.1608e-01 7.8392e-01 1.1090e-03 -2.1577e+00 1.7429e+00 3.0865e-02 2.7300e+02 1.0548e+01 -1.1248e+01 -4.3693e-01 6.3355e+01 1.3019e-01 -6.2124e-02 6.2634e+01 4.4428e-02 6.2996e+01 6.2995e+01 2.1608e-01 2.1608e-01 7.8392e-01 1.3578e-03
2.1106e-01 2.1106e-01 7.8894e-01 1.1090e-03 -2.0595e+00 1.6846e+00 3.0957e-02 2.7300e+02 9.7420e+00 -1.0658e+01 -4.5370e-01 6.3349e+01 1.2266e-01 -6.1732e-02 6.2639e+01 4.4542e-02 6.2996e+01 6.2995e+01 2.1106e-01 2.1106e-01 7.8894e-01 1.3665e-03
2.0603e-01 2.0603e-01 7.9397e-01 1.1090e-03 -1.9649e+00 1.6263e+00 3.0983e-02 2.7300e+02 8.9650e+00 -1.0069e+01 -4.6759e-01 6.3344e+01 1.1555e-01 -6.1196e-02 6.2644e+01 4.4536e-02 6.2996e+01 6.2995e+01 2.0603e-01 2.0603e-01 7.9397e-01 1.3752e-03
2.0101e-01 2.0101e-01 7.9899e-01 1.1090e-03 -1.8710e+00 1.5669e+00 3.0933e-02 2.7300e+02 8.1967e+00 -9.4730e+00 -4.7909e-01 6.3339e+01 1.0857e-01 -6.0615e-02 6.2650e+01 4.4488e-02 6.2997e+01 6.2995e+01 2.0101e-01 2.0101e-01 7.9899e-01 1.3839e-03
1.9598e-01 1.9598e-01 8.0402e-01 1.1090e-03 -1.7778e+00 1.5059e+00 3.0783e-02 2.7300e+02 7.4394e+00 -8.8681e+00 -4.8739e-01 6.3333e+01 1.0174e-01 -5.9975e-02 6.2656e+01 4.4386e-02 6.2997e+01 6.2995e+01 1.9598e-01 1.9598e-01 8.0402e-01 1.3926e-03
1.9095e-01 1.9095e-01 8.0905e-01 1.1090e-03 -1.6881e+00 1.4454e+00 3.0578e-02 2.7300e+02 6.7105e+00 -8.2689e+00 -4.9324e-01 6.3327e+01 9.5288e-02 -5.9212e-02 6.2663e+01 4.4174e-02 6.2998e+01 6.2996e+01 1.9095e-01 1.9095e-01 8.0905e-01 1.4013e-03
1.8593e-01 1.8593e-01 8.1407e-01 1.1090e-03 -1.5994e+00 1.3845e+00 3.0315e-02 2.7300e+02 5.9940e+00 -7.6694e+00 -4.9717e-01 6.3321e+01 8.8984e-02 -5.8398e-02 6.2670e+01 4.3915e-02 6.2998e+01 6.2996e+01 1.8593e-01 1.8593e-01 8.1407e-01 1.4100e-03
1.8090e-01 1.8090e-01 8.1910e-01 1.1090e-03 -1.5120e+00 1.3226e+00 2.9938e-02 2.7300e+02 5.2950e+00 -7.0672e+00 -4.9772e-01 6.3314e+01 8.2880e-02 -5.7513e-02 6.2678e+01 4.3591e-02 6.2999e+01 6.2997e+01 1.8090e-01 1.8090e-01 8.1910e-01 1.4187e-03
1.7588e-01 1.7588e-01 8.2412e-01 1.1090e-03 -1.4277e+00 1.2616e+00 2.9521e-02 2.7300e+02 4.6228e+00 -6.4742e+00 -4.9630e-01 6.3307e+01 7.7103e-02 -5.6528e-02 6.2685e+01 4.3170e-02 6.3000e+01 6.2997e+01 1.7588e-01 1.7588e-01 8.2412e-01 1.4274e-03
1.7085e-01 1.7085e-01 8.2915e-01 1.1091e-03 -1.3449e+00 1.2007e+00 2.9060e-02 2.7300e+02 3.9656e+00 -5.8856e+00 -4.9339e-01 6.3300e+01 7.1492e-02 -5.5489e-02 6.2693e+01 4.2699e-02 6.3000e+01 6.2998e+01 1.7085e-01 1.7085e-01 8.2915e-01 1.4361e-03
1.6583e-01 1.6583e-01 8.3417e-01 1.1091e-03 -1.2640e+00 1.1395e+00 2.8480e-02 2.7300e+02 3.3334e+00 -5.3032e+00 -4.8712e-01 6.3292e+01 6.6122e-02 -5.4371e-02 6.2702e+01 4.2153e-02 6.3001e+01 6.2998e+01 1.6583e-01 1.6583e-01 8.3417e-01 1.4448e-03
1.6080e-01 1.6080e-01 8.3920e-01 1.1091e-03 -1.1857e+00 1.0794e+00 2.7872e-02 2.7300e+02 2.7253e+00 -4.7319e+00 -4.7938e-01 6.3284e+01 6.1025e-02 -5.3174e-02 6.2711e+01 4.1526e-02 6.3002e+01 6.2999e+01 1.6080e-01 1.6080e-01 8.3920e-01 1.4535e-03
1.5578e-01 1.5578e-01 8.4422e-01 1.1091e-03 -1.1092e+00 1.0199e+00 2.7236e-02 2.7300e+02 2.1338e+00 -4.1685e+00 -4.7052e-01 6.3277e+01 5.6104e-02 -5.1924e-02 6.2720e+01 4.0846e-02 6.3003e+01 6.3000e+01 1.5578e-01 1.5578e-01 8.4422e-01 1.4622e-03
1.5075e-01 1.5075e-01 8.4925e-01 1.1091e-03 -1.0351e+00 9.6087e-01 2.6481e-02 2.7300e+02 1.5751e+00 -3.6217e+00 -4.5856e-01 6.3268e+01 5.1459e-02 -5.0590e-02 6.2729e+01 4.0088e-02 6.3004e+01 6.3000e+01 1.5075e-01 1.5075e-01 8.4925e-01 1.4709e-03
1.4573e-01 1.4573e-01 8.5427e-01 1.1091e-03 -9.6335e-01 9.0302e-01 2.5710e-02 2.7300e+02 1.0372e+00 -3.0868e+00 -4.4559e-01 6.3260e+01 4.7032e-02 -4.9197e-02 6.2738e+01 3.9266e-02 6.3004e+01 6.3001e+01 1.4573e-01 1.4573e-01 8.5427e-01 1.4796e-03
1.4070e-01 1.4070e-01 8.5930e-01 1.1091e-03 -8.9353e-01 8.4614e-01 2.4924e-02 2.7300e+02 5.1694e-01 -2.5619e+00 -4.3175e-01 6.3252e+01 4.2792e-02 -4.7755e-02 6.2748e+01 3.8389e-02 6.3005e+01 6.3001e+01 1.4070e-01 1.4070e-01 8.5930e-01 1.4883e-03
1.3568e-01 1.3568e-01 8.6432e-01 1.1091e-03 -8.2673e-01 7.9064e-01 2.4031e-02 2.7300e+02 3.6340e-02 -2.0648e+00 -4.1537e-01 6.3243e+01 3.8842e-02 -4.6231e-02 6.2758e+01 3.7439e-02 6.3006e+01 6.3002e+01 1.3568e-01 1.3568e-01 8.6432e-01 1.4970e-03
1.3065e-01 1.3065e-01 8.6935e-01 1.1091e-03 -7.6180e-01 7.3624e-01 2.3129e-02 2.7300e+02 -4.2701e-01 -1.5792e+00 -3.9833e-01 6.3234e+01 3.5061e-02 -4.4666e-02 6.2767e+01 3.6441e-02 6.3007e+01 6.3003e+01 1.3065e-01 1.3065e-01 8.6935e-01 1.5058e-03
1.2563e-01 1.2563e-01 8.7437e-01 1.1092e-03 -6.9928e-01 6.8325e-01 2.2217e-02 2.7300e+02 -8.6831e-01 -1.1082e+00 -3.8047e-01 6.3226e+01 3.1499e-02 -4.3050e-02 6.2777e+01 3.5382e-02 6.3007e+01 6.3003e+01 1.2563e-01 1.2563e-01 8.7437e-01 1.5145e-03
1.2060e-01 1.2060e-01 8.7940e-01 1.1092e-03 -6.4238e-01 6.2684e-01 2.1285e-02 2.7300e+02 -1.2568e+00 -6.6878e-01 -3.5543e-01 6.3215e+01 2.8957e-02 -4.1432e-02 6.2789e+01 3.3943e-02 6.3008e+01 6.3004e+01 1.2060e-01 1.2060e-01 8.7940e-01 1.5232e-03
1.1558e-01 1.1558e-01 8.8442e-01 1.1092e-03 -5.8728e-01 5.7960e-01 2.0236e-02 2.7300e+02 -1.6658e+00 -1.7486e-01 -3.5112e-01 6.3207e+01 2.5831e-02 -3.9947e-02 6.2798e+01 3.3009e-02 6.3009e+01 6.3004e+01 1.1558e-01 1.1558e-01 8.8442e-01 1.5319e-03
1.1055e-01 1.1055e-01 8.8945e-01 1.1092e-03 -5.3442e-01 5.3376e-01 1.9118e-02 2.7300e+02 -2.0612e+00 3.0514e-01 -3.4331e-01 6.3199e+01 2.2943e-02 -3.8399e-02 6.2806e+01 3.1996e-02 6.3009e+01 6.3005e+01 1.1055e-01 1.1055e-01 8.8945e-01 1.5406e-03
1.0553e-01 1.0553e-01 8.9447e-01 1.1092e-03 -4.8392e-01 4.8829e-01 1.7871e-02 2.7300e+02 -2.4300e+00 7.6047e-01 -3.2531e-01 6.3190e+01 2.0390e-02 -3.6824e-02 6.2816e+01 3.0921e-02 6.3009e+01 6.3005e+01 1.0553e-01 1.0553e-01 8.9447e-01 1.5493e-03
1.0050e-01 1.0050e-01 8.9950e-01 1.1092e-03 -4.3494e-01 4.4354e-01 1.6581e-02 2.7300e+02 -2.7830e+00 1.2005e+00 -3.0371e-01 6.3181e+01 1.8001e-02 -3.5225e-02 6.2826e+01 2.9805e-02 6.3010e+01 6.3005e+01 1.0050e-01 1.0050e-01 8.9950e-01 1.5580e-03
9.5477e-02 9.5477e-02 9.0452e-01 1.1092e-03 -3.8893e-01 4.0103e-01 1.5278e-02 2.7300e+02 -3.1074e+00 1.6117e+00 -2.8026e-01 6.3172e+01 1.5847e-02 -3.3567e-02 6.2835e+01 2.8606e-02 6.3010e+01 6.3006e+01 9.5477e-02 9.5477e-02 9.0452e-01 1.5667e-03
9.0452e-02 9.0452e-02 9.0955e-01 1.1092e-03 -3.4560e-01 3.5988e-01 1.3953e-02 2.7300e+02 -3.3888e+00 1.9803e+00 -2.5147e-01 6.3162e+01 1.3928e-02 -3.1891e-02 6.2846e+01 2.7363e-02 6.3010e+01 6.3006e+01 9.0452e-02 9.0452e-02 9.0955e-01 1.5754e-03
8.5427e-02 8.5427e-02 9.1457e-01 1.1092e-03 -3.0408e-01 3.1980e-01 1.2621e-02 2.7300e+02 -3.6428e+00 2.3219e+00 -2.1988e-01 6.3152e+01 1.2158e-02 -3.0202e-02 6.2857e+01 2.6087e-02 6.3011e+01 6.3006e+01 8.5427e-02 8.5427e-02 9.1457e-01 1.5841e-03
8.0402e-02 8.0402e-02 9.1960e-01 1.1092e-03 -2.6615e-01 2.8279e-01 1.1332e-02 2.7300e+02 -3.8553e+00 2.6199e+00 -1.8839e-01 6.3143e+01 1.0606e-02 -2.8464e-02 6.2867e+01 2.4734e-02 6.3011e+01 6.3007e+01 8.0402e-02 8.0402e-02 9.1960e-01 1.5928e-03
7.5377e-02 7.5377e-02 9.2462e-01 1.1092e-03 -2.3077e-01 2.4758e-01 1.0078e-02 2.7300e+02 -4.0215e+00 2.8701e+00 -1.5476e-01 6.3133e+01 9.2104e-03 -2.6722e-02 6.2877e+01 2.3354e-02 6.3011e+01 6.3007e+01 7.5377e-02 7.5377e-02 9.2462e-01 1.6015e-03
7.0352e-02 7.0352e-02 9.2965e-01 1.1092e-03 -1.9751e-01 2.1387e-01 8.8549e-03 2.7300e+02 -4.1494e+00 3.0807e+00 -1.1938e-01 6.3123e+01 7.9429e-03 -2.4976e-02 6.2888e+01 2.1953e-02 6.3012e+01 6.3008e+01 7.0352e-02 7.0352e-02 9.2965e-01 1.6102e-03
6.5327e-02 6.5327e-02 9.3467e-01 1.1092e-03 -1.6818e-01 1.8385e-01 7.7187e-03 2.7300e+02 -4.2288e+00 3.2384e+00 -8.5971e-02 6.3114e+01 6.8682e-03 -2.3207e-02 6.2898e+01 2.0492e-02 6.3012e+01 6.3008e+01 6.5327e-02 6.5327e-02 9.3467e-01 1.6189e-03
6.0302e-02 6.0302e-02 9.3970e-01 1.1092e-03 -1.4097e-01 1.5562e-01 6.6382e-03 2.7300e+02 -4.2685e+00 3.3530e+00 -5.2260e-02 6.3105e+01 5.8895e-03 -2.1448e-02 6.2909e+01 1.9025e-02 6.3012e+01 6.3008e+01 6.0302e-02 6.0302e-02 9.3970e-01 1.6276e-03
5.5276e-02 5.5276e-02 9.4472e-01 1.1093e-03 -1.1647e-01 1.2965e-01 5.6283e-03 2.7300e+02 -4.2575e+00 3.4127e+00 -1.8139e-02 6.3095e+01 5.0325e-03 -1.9705e-02 6.2919e+01 1.7550e-02 6.3012e+01 6.3009e+01 5.5276e-02 5.5276e-02 9.4472e-01 1.6363e-03
5.0251e-02 5.0251e-02 9.4975e-01 1.1093e-03 -9.5200e-02 1.0696e-01 4.7124e-03 2.7300e+02 -4.2082e+00 3.4283e+00 1.3123e-02 6.3087e+01 4.3072e-03 -1.7975e-02 6.2929e+01 1.6057e-02 6.3012e+01 6.3009e+01 5.0251e-02 5.0251e-02 9.4975e-01 1.6450e-03
4.5226e-02 4.5226e-02 9.5477e-01 1.1093e-03 -7.5828e-02 8.6098e-02 3.8571e-03 2.7300e+02 -4.1270e+00 3.4072e+00 4.3593e-02 6.3079e+01 3.6513e-03 -1.6272e-02 6.2938e+01 1.4573e-02 6.3012e+01 6.3010e+01 4.5226e-02 4.5226e-02 9.5477e-01 1.6537e-03
4.0201e-02 4.0201e-02 9.5980e-01 1.1093e-03 -5.9472e-02 6.8068e-02 3.1004e-03 2.7300e+02 -3.9906e+00 3.3232e+00 7.3221e-02 6.3071e+01 3.1016e-03 -1.4622e-02 6.2947e+01 1.3115e-02 6.3013e+01 6.3010e+01 4.0201e-02 4.0201e-02 9.5980e-01 1.6624e-03
3.5176e-02 3.5176e-02 9.6482e-01 1.1093e-03 -4.5515e-02 5.2659e-02 2.4237e-03 2.7300e+02 -3.8308e+00 3.2096e+00 9.9891e-02 6.3064e+01 2.6369e-03 -1.3023e-02 6.2955e+01 1.1684e-02 6.3013e+01 6.3011e+01 3.5176e-02 3.5176e-02 9.6482e-01 1.6711e-03
3.0151e-02 3.0151e-02 9.6985e-01 1.1093e-03 -3.3090e-02 3.8872e-02 1.7996e-03 2.7300e+02 -3.6505e+00 3.0707e+00 1.2523e-01 6.3057e+01 2.2210e-03 -1.1472e-02 6.2963e+01 1.0284e-02 6.3013e+01 6.3011e+01 3.0151e-02 3.0151e-02 9.6985e-01 1.6798e-03
2.5126e-02 2.5126e-02 9.7487e-01 1.1093e-03 -2.3627e-02 2.8132e-02 1.2796e-03 2.7300e+02 -3.4215e+00 2.8721e+00 1.4893e-01 6.3050e+01 1.8902e-03 -1.0035e-02 6.2971e+01 8.9716e-03 6.3013e+01 6.3011e+01 2.5126e-02 2.5126e-02 9.7487e-01 1.6885e-03
2.0101e-02 2.0101e-02 9.7990e-01 1.1093e-03 -1.5727e-02 1.9218e-02 8.1453e-04 2.7300e+02 -3.1847e+00 2.6611e+00 1.7008e-01 6.3045e+01 1.6094e-03 -8.6844e-03 6.2978e+01 7.7305e-03 6.3013e+01 6.3012e+01 2.0101e-02 2.0101e-02 9.7990e-01 1.6972e-03
1.5075e-02 1.5075e-02 9.8492e-01 1.1093e-03 -8.9241e-03 1.1570e-02 3.8741e-04 2.7300e+02 -2.9404e+00 2.4386e+00 1.8973e-01 6.3040e+01 1.3611e-03 -7.4025e-03 6.2984e+01 6.5488e-03 6.3014e+01 6.3012e+01 1.5075e-02 1.5075e-02 9.8492e-01 1.7059e-03
1.0050e-02 1.0050e-02 9.8995e-01 1.1093e-03 -4.6238e-03 6.7086e-03 4.2651e-05 2.7300e+02 -2.6654e+00 2.1739e+00 2.0760e-01 6.3035e+01 1.1720e-03 -6.3264e-03 6.2990e+01 5.5560e-03 6.3014e+01 6.3013e+01 1.0050e-02 1.0050e-02 9.8995e-01 1.7146e-03
5.0251e-03 5.0251e-03 9.9497e-01 1.1093e-03 -1.1509e-03 2.8791e-03 -2.7438e-04 2.7300e+02 -2.3960e+00 1.9128e+00 2.2358e-01 6.3032e+01 1.0065e-03 -5.3618e-03 6.2995e+01 4.6749e-03 6.3014e+01 6.3014e+01 5.0251e-03 5.0251e-03 9.9497e-01 1.7233e-03
0.0000e+00 0.0000e+00 1.0000e+00 1.1093e-03 1.6579e-03 -1.2238e-04 -5.6914e-04 2.7300e+02 -2.1312e+00 1.6546e+00 2.3805e-01 6.3029e+01 8.6012e-04 -4.4867e-03 6.2999e+01 3.8834e-03 6.3015e+01 6.3014e+01 0.0000e+00 0.0000e+00 1.0000e+00 1.7321e-03
