	-0.015	1.916252257e-05	1353.711612	-4.272362713e-13	223.0362711	8.900159135	0.4493754542	223.1093189	223.0054164
	-0.01499454326	1.916254016e-05	1353.710377	-4.271799069e-13	223.0366008	8.900180462	0.4365533126	223.1099054	223.0056461
	-0.01498174908	1.916258161e-05	1353.707467	-4.269735838e-13	223.0373767	8.90023067	0.4063952097	223.1112855	223.0061863
	-0.01496175855	1.916264696e-05	1353.702883	-4.264430415e-13	223.0385966	8.900309692	0.3590085354	223.1134558	223.0070354
	-0.01493472968	1.916273643e-05	1353.69661	-4.253220362e-13	223.0402609	8.900417649	0.2944229324	223.1164175	223.0081932
	-0.01490087429	1.916285031e-05	1353.688632	-4.232631908e-13	223.0423694	8.900554678	0.2126902582	223.1201713	223.0096591
	-0.01486045743	1.916298893e-05	1353.678933	-4.198518499e-13	223.0449216	8.900720892	0.1139009323	223.1247168	223.0114319
	-0.01481379544	1.916315255e-05	1353.667497	-4.146227852e-13	223.0479154	8.900916347	-0.00179925598	223.1300515	223.0135096
	-0.01476125353	1.916334139e-05	1353.654316	-4.07079207e-13	223.0513471	8.901140997	-0.1341906072	223.1361698	223.0158887
	-0.01470324291	1.916355555e-05	1353.639389	-3.967134524e-13	223.0552106	8.901394644	-0.2829597786	223.1430622	223.0185643
	-0.01464021761	1.916379496e-05	1353.622725	-3.830286648e-13	223.0594968	8.901676897	-0.4476796449	223.1507134	223.0215292
	-0.01457267088	1.916405933e-05	1353.604351	-3.65560741e-13	223.0641932	8.901987122	-0.6277896036	223.1591021	223.024774
	-0.01450113137	1.916434812e-05	1353.584309	-3.438998103e-13	223.069283	8.902324397	-0.8225771982	223.1681995	223.0282863
	-0.01442615897	1.916466047e-05	1353.562663	-3.177105198e-13	223.0747449	8.902687476	-1.031161911	223.1779682	223.0320508
	-0.01434834044	1.916499518e-05	1353.539501	-2.867504334e-13	223.0805524	8.903074749	-1.252481934	223.188362	223.0360486
	-0.01426828482	1.916535067e-05	1353.514935	-2.508859081e-13	223.086674	8.903484222	-1.48528465	223.1993249	223.0402576
	-0.01418661866	1.916572498e-05	1353.489103	-2.101048861e-13	223.0930725	8.903913498	-1.728121451	223.2107907	223.0446518
	-0.0141039811	1.916611573e-05	1353.46217	-1.645261356e-13	223.0997051	8.904359769	-1.979347414	223.2226832	223.0492016
	-0.0140210189	1.916652015e-05	1353.434329	-1.144045828e-13	223.1065236	8.904819824	-2.237126185	223.2349161	223.0538738
	-0.01393838134	1.916693507e-05	1353.405797	-6.013249686e-14	223.1134746	8.905290061	-2.499440294	223.2473939	223.0586319
	-0.01385671518	1.916735697e-05	1353.376816	-2.236420175e-15	223.1205001	8.905766521	-2.764106947	223.2600118	223.0634362
	-0.01377665956	1.916778198e-05	1353.347651	5.863013312e-14	223.1275378	8.90624492	-3.028799163	223.2726577	223.0682443
	-0.01369884103	1.916820597e-05	1353.318582	1.216980529e-13	223.1345217	8.90672071	-3.291071976	223.2852129	223.0730115
	-0.01362386863	1.916862456e-05	1353.289908	1.86097799e-13	223.1413835	8.907189128	-3.548393229	223.2975539	223.0776916
	-0.01355232912	1.916903325e-05	1353.261934	2.508779526e-13	223.1480531	8.907645276	-3.798178382	223.3095539	223.0822371
	-0.01348478239	1.916942742e-05	1353.234972	3.15026641e-13	223.1544598	8.908084192	-4.037828562	223.321085	223.0866005
	-0.01342175709	1.916980248e-05	1353.209335	3.774952314e-13	223.1605334	8.908500934	-4.264771026	223.3320203	223.0907344
	-0.01336374647	1.917015389e-05	1353.185327	4.372236145e-13	223.1662054	8.908890665	-4.476501073	223.3422355	223.0945928
	-0.01331120456	1.917047731e-05	1353.163243	4.931663477e-13	223.1714104	8.909248743	-4.670624412	223.351612	223.0981317
	-0.01326454257	1.917076862e-05	1353.14336	5.443188937e-13	223.1760867	8.909570802	-4.844898925	223.3600382	223.1013099
	-0.01322412571	1.917102406e-05	1353.125932	5.897431843e-13	223.1801781	8.909852839	-4.997274784	223.3674118	223.1040894
	-0.01319027032	1.917124024e-05	1353.111186	6.285917503e-13	223.1836346	8.910091291	-5.125931884	223.3736422	223.1064368
	-0.01316324145	1.917141429e-05	1353.099318	6.601296841e-13	223.1864132	8.910283102	-5.229313567	223.3786514	223.1083235
	-0.01314325092	1.917154384e-05	1353.090486	6.837536725e-13	223.1884792	8.910425789	-5.306155391	223.3823764	223.109726
	-0.01313045674	1.917162713e-05	1353.084808	6.990065363e-13	223.1898064	8.910517478	-5.355505004	223.3847693	223.1106268
	-0.013125	1.917166274e-05	1353.082381	7.055435446e-13	223.1903736	8.91055667	-5.376593055	223.3857921	223.1110117

	-0.013125	1.917197866e-05	1353.061754	-1.029058198e-13	223.1961707	8.910934948	-5.503936196	223.3927774	223.1158915
	-0.01311954326	1.917201174e-05	1353.059406	-1.002974585e-13	223.1967217	8.910972302	-5.529724076	223.3938953	223.1162135
	-0.01310674908	1.917208988e-05	1353.053861	-9.419416616e-14	223.1980239	8.911060577	-5.590585802	223.3965327	223.1169755
	-0.01308675855	1.917221365e-05	1353.045083	-8.469279691e-14	223.2000878	8.911200449	-5.686797653	223.4006995	223.1181856
	-0.01305972968	1.917238424e-05	1353.032994	-7.191372861e-14	223.202935	8.911393336	-5.819050447	223.4064223	223.1198595
	-0.01302587429	1.917260314e-05	1353.017495	-5.601672855e-14	223.2065931	8.911641055	-5.988219169	223.4137347	223.1220173
	-0.01298545743	1.917287211e-05	1352.998472	-3.719836225e-14	223.2110938	8.911945689	-6.195291265	223.4226742	223.1246824
	-0.01293879544	1.917319298e-05	1352.975805	-1.568827293e-14	223.216471	8.912309449	-6.441285979	223.4332793	223.1278798
	-0.01288625353	1.917356754e-05	1352.949378	8.255172759e-15	223.2227579	8.912734508	-6.727163743	223.4455855	223.1316349
	-0.01282824291	1.917399739e-05	1352.919089	3.434971449e-14	223.2299849	8.913222833	-7.053728441	223.4596212	223.1359711
	-0.01276521761	1.917448381e-05	1352.884859	6.229436963e-14	223.2381764	8.913776	-7.421526085	223.4754038	223.1409086
	-0.01269767088	1.917502756e-05	1352.846645	9.177481117e-14	223.2473484	8.914395015	-7.830743617	223.4929358	223.146462
	-0.01262613137	1.917562877e-05	1352.804447	1.224688151e-13	223.2575058	8.915080138	-8.281111666	223.5122002	223.152639
	-0.01255115897	1.917628676e-05	1352.75832	1.540516407e-13	223.2686399	8.915830722	-8.771815003	223.5331574	223.1594384
	-0.01247334044	1.917699998e-05	1352.708381	1.86201213e-13	223.2807263	8.916645072	-9.301414268	223.5557421	223.1668488
	-0.01239328482	1.917776586e-05	1352.654815	2.186029832e-13	223.2937231	8.917520324	-9.867782213	223.5798602	223.1748473
	-0.01231161866	1.917858073e-05	1352.597883	2.509543569e-13	223.3075697	8.918452364	-10.46805731	223.6053876	223.1833986
	-0.0122289811	1.917943984e-05	1352.53792	2.829685933e-13	223.3221858	8.919435768	-11.09861706	223.6321684	223.1924546
	-0.0121460189	1.918033728e-05	1352.475339	3.143780978e-13	223.3374712	8.92046379	-11.75507275	223.6600156	223.201954
	-0.01206338134	1.918126601e-05	1352.410632	3.449370484e-13	223.3533064	8.921528385	-12.43228673	223.6887112	223.2118222
	-0.01198171518	1.918221795e-05	1352.344359	3.744233194e-13	223.3695532	8.922620271	-13.12441259	223.7180082	223.2219727
	-0.01190165956	1.918318406e-05	1352.277149	4.026396881e-13	223.3860562	8.923729029	-13.82495805	223.7476332	223.2323073
	-0.01182384103	1.918415442e-05	1352.209688	4.294143294e-13	223.4026453	8.924843249	-14.52686931	223.7772899	223.2427176
	-0.01174886863	1.918511844e-05	1352.142708	4.546006299e-13	223.4191379	8.925950699	-15.22263538	223.8066632	223.2530872
	-0.01167732912	1.918606497e-05	1352.076978	4.780763689e-13	223.4353422	8.927038533	-15.90440986	223.8354249	223.263293
	-0.01160978239	1.918698257e-05	1352.013289	4.997423346e-13	223.4510606	8.928093523	-16.56414743	223.8632386	223.273208
	-0.01154675709	1.918785969e-05	1351.952436	5.1952046e-13	223.4660934	8.929102306	-17.19375142	223.8897663	223.2827036
	-0.01148874647	1.918868487e-05	1351.895207	5.373515752e-13	223.4802429	8.930051652	-17.78522882	223.9146744	223.291652
	-0.01143620456	1.918944705e-05	1351.842367	5.531928822e-13	223.4933172	8.930928734	-18.33084865	223.9376408	223.2999292
	-0.01138954257	1.91901357e-05	1351.794638	5.670152668e-13	223.5051346	8.931721395	-18.82329932	223.9583609	223.3074175
	-0.01134912571	1.919074114e-05	1351.752687	5.788005611e-13	223.5155271	8.932418409	-19.25584085	223.9765541	223.314008
	-0.01131527032	1.919125468e-05	1351.71711	5.885388706e-13	223.5243445	8.933009725	-19.62244769	223.9919696	223.3196032
	-0.01128824145	1.919166886e-05	1351.688422	5.962260696e-13	223.5314572	8.933486691	-19.91793796	224.004392	223.3241191
	-0.01126825092	1.919197758e-05	1351.667041	6.018615386e-13	223.5367597	8.933842243	-20.13808461	224.0136452	223.3274869
	-0.01125545674	1.919217623e-05	1351.653284	6.054460027e-13	223.540172	8.934071045	-20.27969608	224.0195968	223.3296548
	-0.01125	1.919226121e-05	1351.6474	6.069694881e-13	223.5416318	8.934168925	-20.34026341	224.0221421	223.3305823

	-0.01125	1.91929445e-05	1351.603796	9.238560857e-13	223.5527969	8.934933243	-20.56645447	224.0355844	223.3407987
	-0.01124454326	1.919302299e-05	1351.59815	9.217555546e-13	223.5542219	8.935026646	-20.63618992	224.0383049	223.3415835
	-0.01123174908	1.919320842e-05	1351.584817	9.167660283e-13	223.5575875	8.93524727	-20.80054595	224.0447212	223.3434406
	-0.01121175855	1.919350205e-05	1351.56372	9.087889913e-13	223.5629142	8.935596553	-21.05973436	224.0548527	223.3463901
	-0.01118472968	1.919390663e-05	1351.534685	8.976522973e-13	223.5702487	8.936077661	-21.41480717	224.0687571	223.350471
	-0.01115087429	1.919442567e-05	1351.497485	8.831334616e-13	223.57965	8.936694634	-21.86706562	224.0865069	223.3557334
	-0.01111045743	1.919506317e-05	1351.451868	8.649714989e-13	223.5911857	8.937452085	-22.41790837	224.1081828	223.3622351
	-0.01106379544	1.919582337e-05	1351.397565	8.428807274e-13	223.6049267	8.938354869	-23.06866444	224.1338659	223.3700386
	-0.01101125353	1.919671039e-05	1351.33432	8.165663853e-13	223.6209414	8.939407711	-23.82040609	224.1636292	223.3792064
	-0.01095324291	1.919772792e-05	1351.261911	7.857415529e-13	223.6392902	8.940614793	-24.6737477	224.1975287	223.3897974
	-0.01089021761	1.919887883e-05	1351.180169	7.501447987e-13	223.6600188	8.941979339	-25.62863785	224.2355938	223.4018617
	-0.01082267088	1.92001648e-05	1351.089013	7.095579318e-13	223.6831521	8.943503193	-26.6841527	224.2778176	223.4154363
	-0.01075113137	1.920158604e-05	1350.98846	6.638232317e-13	223.7086881	8.945186412	-27.83829855	224.3241483	223.4305408
	-0.01067615897	1.920314087e-05	1350.878659	6.128595349e-13	223.7365922	8.94702689	-29.0878316	224.3744806	223.4471733
	-0.01059834044	1.920482551e-05	1350.759902	5.566765899e-13	223.7667927	8.949020031	-30.42810254	224.4286488	223.4653065
	-0.01051828482	1.920663383e-05	1350.632642	4.95387138e-13	223.7991763	8.951158479	-31.85293255	224.4864204	223.484885
	-0.01043661866	1.920855715e-05	1350.497502	4.29216247e-13	223.8335855	8.953431916	-33.35452707	224.5474926	223.5058231
	-0.0103539811	1.921058419e-05	1350.355287	3.58507505e-13	223.8698166	8.955826941	-34.92343186	224.6114896	223.5280029
	-0.0102710189	1.921270099e-05	1350.206981	2.837257761e-13	223.9076194	8.958327042	-36.54853524	224.6779623	223.5512744
	-0.01018838134	1.921489098e-05	1350.053745	2.054563292e-13	223.9466981	8.960912653	-38.21711858	224.7463906	223.5754554
	-0.01010671518	1.921713511e-05	1349.896906	1.244002565e-13	223.9867134	8.963561306	-39.9149558	224.8161869	223.6003332
	-0.01002665956	1.921941206e-05	1349.737947	4.136622124e-14	224.0272865	8.966247878	-41.62646124	224.886703	223.625667
	-0.009948841034	1.922169853e-05	1349.578482	-4.274131681e-14	224.0680041	8.968944925	-43.33488338	224.9572376	223.6511911
	-0.009873868633	1.922396957e-05	1349.420237	-1.269371351e-13	224.1084242	8.971623098	-45.02254084	225.0270472	223.6766192
	-0.00980232912	1.922619902e-05	1349.265016	-2.101731743e-13	224.1480841	8.974251627	-46.67109544	225.0953573	223.7016494
	-0.009734782389	1.922835998e-05	1349.114676	-2.913588987e-13	224.1865078	8.976798871	-48.261856	225.1613759	223.7259694
	-0.009671757085	1.923042528e-05	1348.971085	-3.693835497e-13	224.2232158	8.979232914	-49.77610548	225.2243078	223.7492633
	-0.00961374647	1.923236806e-05	1348.836091	-4.431396909e-13	224.2577336	8.981522181	-51.19544327	225.2833693	223.7712171
	-0.009561204558	1.923416227e-05	1348.711484	-5.115473967e-13	224.2896017	8.983636086	-52.50213384	225.3378034	223.7915259
	-0.009514542569	1.923578325e-05	1348.598958	-5.735784068e-13	224.318385	8.985545659	-53.67945254	225.3868953	223.8099005
	-0.009474125708	1.923720824e-05	1348.500075	-6.282795687e-13	224.3436822	8.987224167	-54.71201943	225.4299867	223.8260732
	-0.009440270321	1.923841686e-05	1348.416232	-6.747948945e-13	224.3651342	8.988647687	-55.586112	225.4664895	223.8398042
	-0.009413241454	1.923939157e-05	1348.348632	-7.1238558e-13	224.3824318	8.989795631	-56.28994797	225.4958985	223.8508869
	-0.009393250921	1.924011806e-05	1348.298257	-7.404472822e-13	224.395323	8.990651195	-56.81392783	225.5178015	223.8591523
	-0.009380456742	1.924058552e-05	1348.265848	-7.585229773e-13	224.4036171	8.991201687	-57.1508088	225.5318876	223.8644729
	-0.009375	1.924078549e-05	1348.251985	-7.662598072e-13	224.4071649	8.991437167	-57.29485188	225.5379114	223.8667495

	-0.009375	1.924227949e-05	1348.157081	-6.102141022e-13	224.4311852	8.993097842	-57.83512889	225.5671084	223.8884245
	-0.009369543258	1.924246565e-05	1348.143684	-6.074480081e-13	224.4346825	8.993324489	-58.00005337	225.5735586	223.8904074
	-0.009356749079	1.924290525e-05	1348.112063	-6.009999984e-13	224.4429357	8.993859537	-58.38853053	225.5887643	223.895095
	-0.009336758546	1.924360091e-05	1348.062071	-5.910305004e-13	224.4559803	8.994705747	-59.00052783	225.612753	223.9025274
	-0.009309729679	1.924455857e-05	1347.993342	-5.777551576e-13	224.4739071	8.995869695	-59.83772013	225.6456345	223.912786
	-0.009275874292	1.924578579e-05	1347.905412	-5.614582163e-13	224.4968309	8.997359734	-60.9021236	225.6875453	223.9259752
	-0.009235457431	1.924729118e-05	1347.797757	-5.424852252e-13	224.5248811	8.99918533	-62.19577902	225.7386339	223.9422153
	-0.009188795442	1.924908375e-05	1347.669837	-5.21233596e-13	224.5581908	9.001356328	-63.72040723	225.7990449	223.9616344
	-0.00913625353	1.925117221e-05	1347.521138	-4.981417331e-13	224.5968848	9.003882115	-65.47702454	225.8689007	223.9843595
	-0.009078242915	1.925356419e-05	1347.351231	-4.736771072e-13	224.6410666	9.006770725	-67.46552988	225.9482815	224.0105066
	-0.009015217611	1.925626539e-05	1347.159818	-4.48323639e-13	224.6908047	9.010027903	-69.6842791	226.0372059	224.0401712
	-0.00894767088	1.925927884e-05	1346.94679	-4.225687759e-13	224.7461194	9.01365618	-72.12966291	226.13561	224.0734172
	-0.008876131367	1.926260406e-05	1346.712278	-3.968906465e-13	224.8069695	9.017653975	-74.79570534	226.2433285	224.1102682
	-0.008801158966	1.926623637e-05	1346.456695	-3.717456782e-13	224.8732409	9.022014766	-77.67369923	226.3600771	224.1506977
	-0.00872334044	1.927016628e-05	1346.180782	-3.475570437e-13	224.9447357	9.026726374	-80.75189448	226.4854373	224.1946213
	-0.008643284824	1.927437891e-05	1345.885642	-3.247042755e-13	225.0211637	9.031770366	-84.01525344	226.618844	224.2418903
	-0.008561618662	1.927885368e-05	1345.57276	-3.035143528e-13	225.1021367	9.037121628	-87.44528567	226.7595771	224.2922868
	-0.008478981103	1.928356405e-05	1345.244022	-2.842545141e-13	225.1871647	9.04274811	-91.01997241	226.906757	224.3455201
	-0.008396018897	1.928847744e-05	1344.901713	-2.671269977e-13	225.2756551	9.048610771	-94.71378812	227.0593444	224.4012266
	-0.008313381338	1.929355541e-05	1344.548513	-2.522658498e-13	225.3669155	9.054663728	-98.49782368	227.2161451	224.4589702
	-0.008231715176	1.929875391e-05	1344.187473	-2.39735875e-13	225.4601586	9.060854614	-102.3400126	227.3758192	224.5182463
	-0.00815165956	1.930402378e-05	1343.821981	-2.295337389e-13	225.5545109	9.067125146	-106.2054587	227.5368955	224.5784868
	-0.008073841034	1.93093114e-05	1343.455723	-2.215911619e-13	225.6490243	9.073411888	-110.0568597	227.6977891	224.6390685
	-0.007998868633	1.931455949e-05	1343.092622	-2.15780082e-13	225.7426893	9.079647193	-113.8550199	227.8568249	224.6993223
	-0.00792732912	1.931970805e-05	1342.736779	-2.119195997e-13	225.8344524	9.085760314	-117.5594392	228.012263	224.7585443
	-0.007859782389	1.932469544e-05	1342.3924	-2.097844677e-13	225.9232332	9.091678639	-121.1289673	228.1623282	224.8160092
	-0.007796757085	1.932945952e-05	1342.063718	-2.091148349e-13	226.0079452	9.097329035	-124.5225052	228.3052411	224.8709836
	-0.00773874647	1.933393884e-05	1341.754913	-2.09626921e-13	226.0875158	9.102639257	-127.6997382	228.4392511	224.922741
	-0.007686204558	1.933807392e-05	1341.470027	-2.110242677e-13	226.160908	9.107539392	-130.6218812	228.5626697	224.9705764
	-0.007639542569	1.934180841e-05	1341.212886	-2.130091962e-13	226.227141	9.111963287	-133.2524172	228.6739038	225.0138214
	-0.007599125708	1.934509036e-05	1340.987014	-2.152940954e-13	226.2853109	9.115849938	-135.5578087	228.7714878	225.0518586
	-0.007565270321	1.934787327e-05	1340.795564	-2.176121729e-13	226.3346098	9.119144793	-137.508165	228.8541133	225.084135
	-0.007538241454	1.935011715e-05	1340.641247	-2.197273165e-13	226.374343	9.121800924	-139.0778435	228.920657	225.1101744
	-0.007518250921	1.935178934e-05	1340.526274	-2.214427383e-13	226.4039436	9.123780043	-140.2459663	228.970203	225.1295881
	-0.007505456742	1.93528652e-05	1340.452315	-2.22608041e-13	226.4229839	9.125053238	-140.9967872	229.0020605	225.1420822
	-0.0075	1.935332539e-05	1340.420682	-2.231210506e-13	226.4311273	9.12559781	-141.3177755	229.0156828	225.1474273

	-0.0075	1.935639774e-05	1340.226665	-5.402073039e-13	226.480691	9.129044328	-142.5266994	229.0766066	225.1914828
	-0.007494543258	1.935683162e-05	1340.195715	-5.378618352e-13	226.4888203	9.129574309	-142.8973959	229.0912965	225.1962691
	-0.007481749079	1.93578557e-05	1340.122715	-5.323743596e-13	226.5079889	9.1308247	-143.7699066	229.1259012	225.2075728
	-0.007461758546	1.93594748e-05	1340.007434	-5.238335707e-13	226.5382432	9.132800197	-145.1425959	229.1804249	225.2254629
	-0.007434729679	1.936170084e-05	1339.849198	-5.123501543e-13	226.5797388	9.135513505	-147.0168463	229.2550272	225.2500947
	-0.007400874292	1.936454889e-05	1339.647161	-4.980709601e-13	226.6326706	9.138980656	-149.3940812	229.3499017	225.2816659
	-0.007360457431	1.936803601e-05	1339.400378	-4.811765452e-13	226.6972531	9.143219616	-152.2751761	229.4652466	225.320402
	-0.007313795442	1.937217984e-05	1339.107898	-4.618776761e-13	226.7736989	9.148248719	-155.6598332	229.6012338	225.3665396
	-0.00726125353	1.937699706e-05	1338.768859	-4.404112399e-13	226.8621947	9.154084911	-159.5458858	229.7579736	225.4203074
	-0.007203242915	1.938250173e-05	1338.382593	-4.170357126e-13	226.9628753	9.160741859	-163.9285548	229.9354773	225.4819066
	-0.007140217611	1.938870356e-05	1337.948734	-3.920263112e-13	227.0757965	9.168227987	-168.7996849	230.1336184	225.5514891
	-0.00707267088	1.939560619e-05	1337.46733	-3.656699572e-13	227.2009085	9.176544519	-174.1469916	230.3520938	225.629137
	-0.007001131367	1.940320552e-05	1336.938946	-3.382601825e-13	227.3380301	9.185683604	-179.9533496	230.5903878	225.7148424
	-0.006926158966	1.94114882e-05	1336.364757	-3.100921059e-13	227.4868251	9.195626584	-186.1961549	230.8477384	225.8084884
	-0.00684834044	1.942043025e-05	1335.746636	-2.814576052e-13	227.6467822	9.206342493	-192.8467873	231.1231088	225.9098329
	-0.006768284824	1.942999605e-05	1335.087215	-2.526408013e-13	227.8171985	9.217786832	-199.8702028	231.4151652	226.0184955
	-0.006686618662	1.944013746e-05	1334.389941	-2.239139594e-13	227.9971675	9.229900688	-207.2246762	231.7222613	226.1339466
	-0.006603981103	1.945079342e-05	1333.659095	-1.955338982e-13	228.1855733	9.242610239	-214.8617138	232.0424314	226.2555028
	-0.006521018897	1.946188982e-05	1332.899801	-1.6773898e-13	228.3810899	9.255826675	-222.7261499	232.3733922	226.3823243
	-0.006438381338	1.947333983e-05	1332.118002	-1.407467378e-13	228.5821873	9.269446559	-230.7564347	232.7125535	226.5134186
	-0.006356715176	1.948504453e-05	1331.320412	-1.147521727e-13	228.787143	9.283352638	-238.8851157	233.0570384	226.647648
	-0.00627665956	1.949689402e-05	1330.514448	-8.992673563e-14	228.9940602	9.297415093	-247.0395099	233.4037132	226.7837421
	-0.006198841034	1.950876881e-05	1329.708135	-6.641798471e-14	229.2008922	9.311493211	-255.1425554	233.7492251	226.9203146
	-0.006123868633	1.952054164e-05	1328.909986	-4.434989101e-14	229.4054715	9.325437444	-263.1138288	234.0900487	227.0558841
	-0.00605232912	1.953207949e-05	1328.128869	-2.382374327e-14	229.6055437	9.339091808	-270.8707055	234.4225393	227.1888988
	-0.005984782389	1.954324595e-05	1327.373859	-4.919586888e-15	229.7988059	9.352296571	-278.3296388	234.7429917	227.3177637
	-0.005921757085	1.95539037e-05	1326.654066	1.230188429e-14	229.9829477	9.364891151	-285.4075275	235.0477039	227.4408705
	-0.00586374647	1.956391717e-05	1325.978473	2.779707658e-14	230.1556938	9.376717164	-292.0231385	235.3330432	227.556629
	-0.005811204558	1.957315518e-05	1325.355755	4.153698839e-14	230.3148486	9.38762153	-298.0985499	235.5955139	227.6634992
	-0.005764542569	1.958149367e-05	1324.794107	5.350455392e-14	230.4583391	9.397459563	-303.5605776	235.8318237	227.7600229
	-0.005724125708	1.958881826e-05	1324.301076	6.369194926e-14	230.5842571	9.406097958	-308.3421483	236.0389484	227.8448545
	-0.005690270321	1.959502669e-05	1323.883406	7.209796912e-14	230.690899	9.413417587	-312.3835838	236.2141923	227.9167905
	-0.005663241454	1.960003102e-05	1323.546889	7.872557467e-14	230.776801	9.419316039	-315.6337584	236.3552422	227.9747949
	-0.005643250921	1.960375948e-05	1323.296252	8.357968609e-14	230.8407699	9.423709793	-318.0510907	236.4602149	228.0180226
	-0.005630456742	1.960615791e-05	1323.13506	8.6665106e-14	230.8819053	9.4265358	-319.6042388	236.5276897	228.0458349
	-0.005625	1.960718374e-05	1323.066126	8.797599357e-14	230.8994958	9.42774441	-320.2680904	236.5565369	228.0577317

	-0.005625	1.961262345e-05	1322.725473	3.922147031e-13	230.9878551	9.433968751	-322.6976159	236.6688076	228.134259
	-0.005619543258	1.961361168e-05	1322.656693	3.928532709e-13	231.0057503	9.435165819	-323.4732385	236.7002208	228.1453268
	-0.005606749079	1.961594219e-05	1322.494631	3.94314847e-13	231.0478965	9.437987557	-325.2963019	236.7741327	228.1714299
	-0.005586758546	1.961962124e-05	1322.239183	3.964984712e-13	231.1142765	9.442438612	-328.1574038	236.890344	228.2126443
	-0.005559729679	1.962466873e-05	1321.889469	3.992569099e-13	231.2050514	9.448538589	-332.0503207	237.0488796	228.2692015
	-0.005525874292	1.963110962e-05	1321.444412	4.023973744e-13	231.3204127	9.456311836	-336.9661341	237.2497396	228.3413924
	-0.005485457431	1.963897149e-05	1320.902878	4.056882485e-13	231.4605498	9.465784768	-342.8924711	237.4928544	228.4295396
	-0.005438795442	1.964828191e-05	1320.263833	4.088673526e-13	231.6256131	9.476982899	-349.8127643	237.7780372	228.533967
	-0.00538625353	1.96590654e-05	1319.526514	4.116513782e-13	231.815674	9.489927518	-357.7054449	238.1049319	228.6549657
	-0.005328242915	1.967134019e-05	1318.690617	4.137461781e-13	232.0306821	9.504632121	-366.5430921	238.472957	228.7927564
	-0.005265217611	1.968511491e-05	1317.756488	4.148575782e-13	232.2704201	9.521098717	-376.2915735	238.8812486	228.9474522
	-0.00519767088	1.970038519e-05	1316.725316	4.147023581e-13	232.5344602	9.539314148	-386.9092176	239.3286039	229.1190194
	-0.005126131367	1.971713052e-05	1315.599312	4.130190449e-13	232.8221216	9.559246585	-398.346058	239.8134286	229.3072419
	-0.005051158966	1.973531128e-05	1314.381876	4.095781673e-13	233.1324333	9.580842312	-410.5431893	240.3336895	229.5116871
	-0.00497334044	1.975486622e-05	1313.07774	4.041916324e-13	233.4641012	9.604022949	-423.432272	240.8868758	229.7316771
	-0.004893284824	1.977571038e-05	1311.693082	3.967209163e-13	233.8154826	9.628683239	-436.9352197	241.4699695	229.9662648
	-0.004811618662	1.979773365e-05	1310.235599	3.870837931e-13	234.1845698	9.654689488	-450.9640984	242.0794284	230.2142178
	-0.004728981103	1.982079995e-05	1308.714551	3.752593746e-13	234.5689824	9.68187876	-465.4212604	242.7111818	230.4740085
	-0.004646018897	1.984474721e-05	1307.14075	3.612912826e-13	234.96597	9.710058884	-480.1997287	243.3606404	230.7438134
	-0.004563381338	1.986938801e-05	1305.526514	3.452888366e-13	235.3724255	9.739009311	-495.1838418	244.0227213	231.021521
	-0.004481715176	1.989451104e-05	1303.885568	3.274261976e-13	235.7849097	9.768482844	-510.2501586	244.6918879	231.304748
	-0.00440165956	1.991988341e-05	1302.232901	3.079394768e-13	236.1996864	9.798208214	-525.2686174	245.3622037	231.5908648
	-0.004323841034	1.994525352e-05	1300.584588	2.871218787e-13	236.612767	9.827893474	-540.1039333	246.0274014	231.8770287
	-0.004248868633	1.997035472e-05	1298.957557	2.653170103e-13	237.0199653	9.857230133	-554.6172116	246.6809635	232.1602254
	-0.00417732912	1.999490953e-05	1297.369339	2.429105469e-13	237.4169601	9.885897954	-568.6677465	247.316214	232.4373163
	-0.004109782389	2.001863434e-05	1295.837776	2.203204952e-13	237.7993641	9.913570291	-582.1149698	247.9264199	232.7050923
	-0.004046757085	2.004124447e-05	1294.380712	1.979863411e-13	238.1627986	9.93991984	-594.8205071	248.5048988	232.9603311
	-0.00398874647	2.006245951e-05	1293.015676	1.763574026e-13	238.5029708	9.964624659	-606.6502961	249.0451305	233.1998579
	-0.003936204558	2.008200874e-05	1291.759545	1.558807361e-13	238.8157529	9.987374307	-617.4767171	249.5408705	233.4206068
	-0.003889542569	2.009963654e-05	1290.628226	1.3698896e-13	239.0972599	10.00787593	-627.1806863	249.9862621	233.6196823
	-0.003849125708	2.011510753e-05	1289.636337	1.200883601e-13	239.3439252	10.02586013	-635.6536605	250.3759434	233.7944178
	-0.003815270321	2.012821154e-05	1288.796914	1.055476407e-13	239.5525708	10.04108649	-642.7995022	250.7051481	233.9424321
	-0.003788241454	2.013876795e-05	1288.121148	9.368766699e-14	239.720471	10.05334853	-648.5361573	250.9697963	234.0616783
	-0.003768250921	2.014662954e-05	1287.618151	8.47725533e-14	239.8454068	10.06247801	-652.7970806	251.1665715	234.1504881
	-0.003755456742	2.015168518e-05	1287.294799	7.900274389e-14	239.9257051	10.06834798	-655.5321981	251.2929747	234.207602
	-0.00375	2.015384715e-05	1287.15655	7.652670641e-14	239.9600326	10.07085794	-656.7006483	251.3469963	234.2320264

	-0.00375	2.016055827e-05	1286.734198	6.610985581e-13	240.073339	10.07896841	-660.8837049	251.509587	234.3208766
	-0.003744543258	2.016270796e-05	1286.592932	6.557320095e-13	240.1089527	10.08151311	-662.2445577	251.5684764	234.3447922
	-0.003731749079	2.016777062e-05	1286.260605	6.431793743e-13	240.1926845	10.08750332	-665.4362797	251.7067961	234.4010894
	-0.003711758546	2.017574368e-05	1285.738238	6.236506503e-13	240.3241592	10.09692956	-670.426034	251.923603	234.4896791
	-0.003684729679	2.018664573e-05	1285.025914	5.974098584e-13	240.5031767	10.10980398	-677.1779911	252.2180749	234.6106755
	-0.003650874292	2.020049878e-05	1284.123886	5.648070476e-13	240.7294397	10.12613982	-685.6439972	252.5890784	234.764203
	-0.003610457431	2.021732436e-05	1283.032771	5.26272117e-13	241.0025137	10.14594723	-695.7635298	253.0351291	234.9503573
	-0.003563795442	2.02371392e-05	1281.753747	4.823061406e-13	241.3217882	10.16922881	-707.463955	253.5543578	235.1691627
	-0.00351125353	2.025995046e-05	1280.288781	4.334712462e-13	241.6864333	10.19597466	-720.6608823	254.1444734	235.4205262
	-0.003453242915	2.028575058e-05	1278.640857	3.803794142e-13	242.0953538	10.22615706	-735.2585978	254.8027258	235.7041874
	-0.003390217611	2.031451204e-05	1276.814225	3.236805126e-13	242.5471433	10.25972499	-751.1505762	255.5258688	236.0196669
	-0.00332267088	2.034618208e-05	1274.814634	2.640498899e-13	243.0400387	10.29659878	-768.2200723	256.3101261	236.366216
	-0.003251131367	2.038067776e-05	1272.649555	2.021758544e-13	243.571879	10.33666499	-786.3407969	257.1511617	236.7427687
	-0.003176158966	2.041788144e-05	1270.328379	1.387473633e-13	244.1400686	10.37977185	-805.377676	258.0440581	237.1478985
	-0.00309834044	2.045763693e-05	1267.862577	7.44422351e-14	244.7415493	10.42572535	-825.1876979	258.9833022	237.5797821
	-0.003018284824	2.049974652e-05	1265.265823	9.916176564e-15	245.3727806	10.47428632	-845.6208451	259.9627825	238.0361719
	-0.002936618662	2.054396899e-05	1262.554059	-5.420711116e-14	246.0297308	10.5251685	-866.521112	260.9757985	238.5143775
	-0.002853981103	2.059001869e-05	1259.745509	-1.173445226e-13	246.7078803	10.5780379	-887.7276029	262.0150827	239.0112599
	-0.002771018897	2.063756593e-05	1256.860633	-1.789606502e-13	247.4022376	10.63251336	-909.0757083	263.0728369	239.523237
	-0.002688381338	2.068623859e-05	1253.922007	-2.385732639e-13	248.1073684	10.68816853	-930.3983503	264.1407826	240.0463018
	-0.002606715176	2.073562503e-05	1250.954154	-2.957570858e-13	248.8174382	10.74453522	-951.5272902	265.2102262	240.576054
	-0.00252665956	2.078527828e-05	1247.983299	-3.501458282e-13	249.5262678	10.80110806	-972.2944878	266.2721371	241.1077441
	-0.002448841034	2.083472138e-05	1245.037075	-4.014325221e-13	250.227401	10.85735049	-992.5335002	267.3172392	241.6363291
	-0.002373868633	2.088345397e-05	1242.144163	-4.493682112e-13	250.9141837	10.91270186	-1012.080907	268.3361137	242.15654
	-0.00230232912	2.093095964e-05	1239.3339	-4.937591371e-13	251.5798522	10.9665856	-1030.777744	269.3193115	242.6629578
	-0.002234782389	2.097671427e-05	1236.635834	-5.344625884e-13	252.2176299	11.0184182	-1048.470939	270.2574732	243.1500986
	-0.002171757085	2.102019485e-05	1234.07926	-5.713816213e-13	252.8208287	11.06761886	-1065.014714	271.1414541	243.6125037
	-0.00211374647	2.106088873e-05	1231.692734	-6.04458894e-13	253.3829551	11.11361947	-1080.27196	271.9624529	244.0448337
	-0.002061204558	2.109830304e-05	1229.50358	-6.336698789e-13	253.8978156	11.15587479	-1094.115545	272.7121383	244.4419644
	-0.002014542569	2.113197398e-05	1227.537413	-6.590157318e-13	254.3596219	11.19387251	-1106.429551	273.3827746	244.7990807
	-0.001974125708	2.116147577e-05	1225.817667	-6.805161021e-13	254.7630907	11.22714293	-1117.110416	273.9673402	245.1117683
	-0.001940270321	2.118642906e-05	1224.365162	-6.982021618e-13	255.1035373	11.25526801	-1126.067967	274.4596377	245.376098
	-0.001913241454	2.120650855e-05	1223.197716	-7.121101132e-13	255.3769593	11.27788951	-1133.226322	274.8543928	245.5887032
	-0.001893250921	2.12214494e-05	1222.329806	-7.222753743e-13	255.5801086	11.29471603	-1138.524626	275.1473378	245.746845
	-0.001880456742	2.123105192e-05	1221.77234	-7.287272427e-13	255.7105401	11.30552789	-1141.917384	275.3352653	245.8484589
	-0.001875	2.123515696e-05	1221.534106	-7.31466151e-13	255.7662676	11.31014931	-1143.364825	275.415521	245.8918927

	-0.001875	2.123677514e-05	1221.36563	-7.637199674e-13	255.8260237	11.31365383	-1149.453557	275.574974	245.9021091
	-0.001869543258	2.124098714e-05	1221.119208	-7.642333106e-13	255.8838766	11.31842272	-1151.029322	275.659339	245.9466704
	-0.001856749079	2.125088906e-05	1220.540574	-7.653985146e-13	256.0196342	11.32962938	-1154.714371	275.8571075	246.0513402
	-0.001836758546	2.126643422e-05	1219.634064	-7.671113094e-13	256.232068	11.34721031	-1160.445273	276.1660077	246.2154136
	-0.001809729679	2.128759544e-05	1218.403712	-7.69218106e-13	256.5199096	11.37111859	-1168.141808	276.5834581	246.4382822
	-0.001775874292	2.131433296e-05	1216.855037	-7.715179511e-13	256.8814444	11.40128811	-1177.697671	277.1060037	246.719106
	-0.001735457431	2.134658994e-05	1214.995172	-7.737697583e-13	257.3144967	11.43762928	-1188.982431	277.7293312	247.0567833
	-0.001688795442	2.1384288e-05	1212.83298	-7.757011505e-13	257.8164244	11.48002513	-1201.844241	278.448308	247.4499232
	-0.00163625353	2.142732243e-05	1210.379156	-7.770185483e-13	258.3841162	11.52832685	-1216.113004	279.2570295	247.8968177
	-0.001578242915	2.1475557e-05	1207.646342	-7.774181668e-13	259.0139902	11.58234932	-1231.603873	280.1488738	248.3954118
	-0.001515217611	2.152881878e-05	1204.649233	-7.765975622e-13	259.7019949	11.64186647	-1248.120977	281.1165627	248.9432747
	-0.00144767088	2.158689311e-05	1201.404671	-7.742673507e-13	260.4436138	11.70660692	-1265.461293	282.152228	249.5375727
	-0.001376131367	2.164951894e-05	1197.931719	-7.70162715e-13	261.2338732	11.77625003	-1283.418532	283.247482	250.1750459
	-0.001301158966	2.171638483e-05	1194.251712	-7.640543213e-13	262.0673554	11.85042262	-1301.786963	284.3934925	250.8519907
	-0.00122334044	2.178712583e-05	1190.388269	-7.557582825e-13	262.9382171	11.92869646	-1320.365056	285.5810594	251.5642479
	-0.001143284824	2.186132135e-05	1186.367274	-7.451448371e-13	263.8402138	12.01058693	-1338.958872	286.8006945	252.3072002
	-0.001061618662	2.193849434e-05	1182.216807	-7.32145447e-13	264.7667311	12.09555276	-1357.385086	288.0427013	253.0757782
	-0.0009789811026	2.201811174e-05	1177.967029	-7.167580711e-13	265.7108222	12.18299719	-1375.473612	289.2972561	253.8644768
	-0.0008960188974	2.209958647e-05	1173.650022	-6.990504235e-13	266.6652531	12.2722705	-1393.069741	290.5544878	254.6673827
	-0.0008133813382	2.218228088e-05	1169.299573	-6.791610905e-13	267.6225538	12.36267402	-1410.035758	291.8045568	255.4782119
	-0.0007317151761	2.226551173e-05	1164.950909	-6.572984463e-13	268.5750777	12.45346554	-1426.252025	293.0377322	256.2903595
	-0.0006516595599	2.234855671e-05	1160.640384	-6.337373747e-13	269.5150654	12.54386631	-1441.617504	294.244466	257.0969592
	-0.0005738410337	2.243066226e-05	1156.405125	-6.08813876e-13	270.4347154	12.63306916	-1456.049738	295.415465	257.890953
	-0.0004988686334	2.251105273e-05	1152.282631	-5.829176998e-13	271.3262589	12.72024799	-1469.484319	296.5417586	258.6651698
	-0.0004273291202	2.258894058e-05	1148.310347	-5.564832126e-13	272.1820386	12.80456823	-1481.873875	297.6147628	259.4124113
	-0.0003597823888	2.266353755e-05	1144.52521	-5.299787586e-13	272.9945896	12.88519808	-1493.18663	298.6263404	260.125544
	-0.0002967570852	2.273406634e-05	1140.963172	-5.038948259e-13	273.7567221	12.96132048	-1503.404624	299.5688565	260.7975953
	-0.0002387464699	2.279977278e-05	1137.658726	-4.787313638e-13	274.4616033	13.03214522	-1512.521642	300.4352293	261.4218514
	-0.0001862045583	2.285993807e-05	1134.644427	-4.549846284e-13	275.1028384	13.09692127	-1520.540961	301.2189765	261.9919552
	-0.0001395425687	2.291389073e-05	1131.950429	-4.331339472e-13	275.6745475	13.15494875	-1527.472993	301.9142565	262.5020021
	-9.912570751e-05	2.296101817e-05	1129.604044	-4.136288007e-13	276.1714391	13.20559049	-1533.332915	302.515905	262.9466313
	-6.527032127e-05	2.300077739e-05	1127.629334	-3.968766095e-13	276.5888764	13.24828265	-1538.13838	303.0194668	263.3211104
	-3.824145387e-05	2.303270467e-05	1126.046747	-3.832316032e-13	276.922937	13.28254439	-1541.907389	303.4212219	263.621411
	-1.825092067e-05	2.305642374e-05	1124.872809	-3.729851559e-13	277.1704616	13.30798597	-1544.656397	303.7182056	263.8442732
	-5.456741744e-06	2.307165138e-05	1124.119932	-3.663583127e-13	277.3290827	13.32431423	-1546.398591	303.90821	263.9872468
	0	2.30781572e-05	1123.798462	-3.6351557e-13	277.396783	13.33128903	-1547.137555	303.9892309	264.0483059

	0	2.306731442e-05	1124.197774	-3.300137196e-13	277.3314356	13.32188659	-1553.711903	304.0636206	263.9131942
	5.456741744e-06	2.307404572e-05	1123.870725	-3.299235183e-13	277.3995448	13.32904639	-1554.273848	304.1408411	263.9767648
	1.825092067e-05	2.308984162e-05	1123.104032	-3.297432076e-13	277.5591207	13.3458433	-1555.577405	304.3215603	264.1258098
	3.824145387e-05	2.311455962e-05	1121.906436	-3.295489912e-13	277.8081263	13.37211497	-1557.574855	304.6029849	264.3586716
	6.527032127e-05	2.314805286e-05	1120.287847	-3.294560962e-13	278.1441683	13.40768884	-1560.199325	304.9816639	264.6734875
	9.912570751e-05	2.31901228e-05	1118.261532	-3.296149809e-13	278.5640535	13.45233232	-1563.362973	305.4530149	265.0677616
	0.0001395425687	2.324051739e-05	1115.844059	-3.302054983e-13	279.0638178	13.5057518	-1566.959665	306.0113943	265.5383726
	0.0001862045583	2.329893047e-05	1113.055155	-3.314298329e-13	279.6387765	13.56759296	-1570.868327	306.650201	266.0815972
	0.0002387464699	2.336500139e-05	1109.917527	-3.335044579e-13	280.2835844	13.63744158	-1574.956802	307.3619972	266.6931402
	0.0002967570852	2.343831474e-05	1106.456659	-3.366513775e-13	280.9923044	13.71482448	-1579.086045	308.1386421	267.3681698
	0.0003597823888	2.351840047e-05	1102.700583	-3.410889466e-13	281.7584816	13.79921102	-1583.114566	308.9714366	268.1013561
	0.0004273291202	2.360473433e-05	1098.679631	-3.470225694e-13	282.5752218	13.89001487	-1586.902941	309.8512728	268.8869148
	0.0004988686334	2.369673872e-05	1094.426165	-3.546355895e-13	283.435274	13.98659626	-1590.318278	310.7687863	269.7186536
	0.0005738410337	2.379378421e-05	1089.974301	-3.640806757e-13	284.3311136	14.0882648	-1593.238482	311.7145069	270.5900224
	0.0006516595599	2.389519157e-05	1085.359613	-3.754719952e-13	285.2550264	14.19428285	-1595.556188	312.6790043	271.4941652
	0.0007317151761	2.400023463e-05	1080.618833	-3.888784437e-13	286.1991907	14.30386945	-1597.182246	313.6530253	272.4239756
	0.0008133813382	2.410814383e-05	1075.789542	-4.043181678e-13	287.1557571	14.41620489	-1598.048631	314.6276194	273.372153
	0.0008960188974	2.421811059e-05	1070.909864	-4.217545783e-13	288.1169242	14.53043601	-1598.110711	315.5942503	274.3312602
	0.0009789811026	2.432929255e-05	1066.018155	-4.410940038e-13	289.0750096	14.64568199	-1597.348773	316.5448914	275.2937829
	0.001061618662	2.444081955e-05	1061.152701	-4.62185087e-13	290.022515	14.76104088	-1595.76878	317.4721024	276.2521879
	0.001143284824	2.455180048e-05	1056.351413	-4.848199693e-13	290.9521848	14.87559664	-1593.402325	318.3690884	277.1989827
	0.00122334044	2.466133079e-05	1051.65154	-5.087372544e-13	291.8570581	14.9884267	-1590.305781	319.2297378	278.1267734
	0.001301158966	2.476850072e-05	1047.089385	-5.336266867e-13	292.7305131	15.09861005	-1586.55868	320.0486424	279.0283225
	0.001376131367	2.487240404e-05	1042.70004	-5.591354243e-13	293.5663045	15.20523558	-1582.261359	320.8210979	279.8966046
	0.00144767088	2.497214727e-05	1038.517123	-5.848757384e-13	294.3585942	15.30741076	-1577.531962	321.5430875	280.7248603
	0.001515217611	2.506685918e-05	1034.572548	-6.104339251e-13	295.101975	15.40427043	-1572.502867	322.21125	281.5066481
	0.001578242915	2.515570041e-05	1030.89629	-6.353801739e-13	295.7914878	15.49498562	-1567.316678	322.8228346	282.2358936
	0.00163625353	2.523787313e-05	1027.516187	-6.592791113e-13	296.4226339	15.57877226	-1562.121877	323.3756449	282.9069355
	0.001688795442	2.53126305e-05	1024.457747	-6.817007104e-13	296.9913819	15.65489962	-1557.068297	323.8679753	283.5145689
	0.001735457431	2.537928572e-05	1021.743981	-7.022312476e-13	297.4941712	15.72269837	-1552.302532	324.2985423	284.0540837
	0.001775874292	2.54372206e-05	1019.395247	-7.204839823e-13	297.9279116	15.78156812	-1547.963451	324.6664142	284.5213008
	0.001809729679	2.548589339e-05	1017.429126	-7.361092422e-13	298.2899813	15.83098427	-1544.177936	324.9709424	284.9126031
	0.001836758546	2.552484572e-05	1015.860304	-7.488036047e-13	298.5782227	15.87050408	-1541.056991	325.211696	285.2249619
	0.001856749079	2.555370842e-05	1014.700492	-7.583178585e-13	298.7909367	15.89977163	-1538.692349	325.3884034	285.4559581
	0.001869543258	2.557220481e-05	1013.958417	-7.644631039e-13	298.9268668	15.9185205	-1537.153784	325.5008942	285.6037877
	0.001875	2.558009923e-05	1013.641972	-7.670973613e-13	298.9847915	15.92652103	-1536.491609	325.5487282	285.6668347

	0.001875	2.556328241e-05	1014.296969	-4.917009237e-13	298.858085	15.90930559	-1538.662213	325.475069	285.51316
	0.001880456742	2.557126466e-05	1013.985362	-4.898753227e-13	298.9142301	15.91729777	-1537.73278	325.5148288	285.5775826
	0.001893250921	2.55899693e-05	1013.255686	-4.855979889e-13	299.0456486	15.93602289	-1535.548948	325.6077582	285.7284447
	0.001913241454	2.561916394e-05	1012.118215	-4.789233994e-13	299.2503618	15.96524165	-1532.123776	325.752133	285.9636388
	0.001940270321	2.565857775e-05	1010.585352	-4.699155141e-13	299.5259405	16.00467281	-1527.467454	325.9457409	286.2806258
	0.001974125708	2.570784912e-05	1008.673605	-4.586596737e-13	299.8691568	16.05394116	-1521.594232	326.1856537	286.6760258
	0.002014542569	2.576652854e-05	1006.403375	-4.452618354e-13	300.2760319	16.1125809	-1514.523195	326.4682869	287.1456602
	0.002061204558	2.583408386e-05	1003.798638	-4.298472367e-13	300.7419056	16.18004163	-1506.27897	326.7894797	287.6846158
	0.00211374647	2.590990673e-05	1000.886566	-4.125587891e-13	301.2615191	16.25569539	-1496.89251	327.1445884	288.2873224
	0.002171757085	2.599331982e-05	997.6971006	-3.935552682e-13	301.8291059	16.33884474	-1486.401893	327.5285888	288.9476377
	0.002234782389	2.608358471e-05	994.2624965	-3.730093382e-13	302.4384904	16.42873147	-1474.853133	327.9361861	289.6589404
	0.00230232912	2.617991036e-05	990.6168416	-3.511054536e-13	303.0831902	16.52454591	-1462.30095	328.3619278	290.414227
	0.002373868633	2.628146197e-05	986.795565	-3.280376769e-13	303.7565203	16.62543658	-1448.809455	328.8003167	291.2062119
	0.002448841034	2.638736998e-05	982.8349439	-3.040074526e-13	304.4516967	16.73052002	-1434.452713	329.2459219	292.0274271
	0.00252665956	2.649673928e-05	978.7716207	-2.792213771e-13	305.1619368	16.83889064	-1419.315149	329.6934838	292.8703204
	0.002606715176	2.660865823e-05	974.6421401	-2.538890037e-13	305.8805546	16.94963041	-1403.491762	330.1380104	293.7273495
	0.002688381338	2.672220756e-05	970.4825148	-2.282207154e-13	306.6010479	17.06181822	-1387.088112	330.574863	294.5910708
	0.002771018897	2.683646892e-05	966.3278281	-2.024257003e-13	307.3171767	17.1745388	-1370.220069	330.999829	295.4542207
	0.002853981103	2.695053299e-05	962.2118803	-1.767100546e-13	308.0230312	17.28689103	-1353.01329	331.4091791	296.3097877
	0.002936618662	2.706350706e-05	958.1668844	-1.51275038e-13	308.713087	17.3979956	-1335.602443	331.7997096	297.151076
	0.003018284824	2.717452203e-05	954.2232136	-1.263154991e-13	309.3822489	17.5070019	-1318.130148	332.1687673	297.9717572
	0.00309834044	2.728273873e-05	950.4092039	-1.020184814e-13	310.0258807	17.61309404	-1300.74566	332.5142577	298.7659125
	0.003176158966	2.738735357e-05	946.7510113	-7.856201927e-14	310.6398232	17.71549614	-1283.603316	332.8346364	299.5280625
	0.003251131367	2.748760346e-05	943.2725225	-5.61141231e-14	311.2203989	17.81347665	-1266.860753	333.1288851	300.2531879
	0.00332267088	2.758277006e-05	939.9953161	-3.483195095e-14	311.764406	17.90635189	-1250.676939	333.3964733	300.9367388
	0.003390217611	2.767218332e-05	936.9386703	-1.486115746e-14	312.269101	17.99348885	-1235.210058	333.6373065	301.5746349
	0.003453242915	2.775522441e-05	934.119611	3.664592854e-15	312.7321733	18.07430716	-1220.615288	333.851665	302.1632585
	0.00351125353	2.783132798e-05	931.5529938	2.062396439e-14	313.1517119	18.1482805	-1207.042519	334.0401338	302.6994391
	0.003563795442	2.789998401e-05	929.2516131	3.59081608e-14	313.5261669	18.21493734	-1194.634066	334.2035272	303.1804338
	0.003610457431	2.796073908e-05	927.2263303	4.942102826e-14	313.8543071	18.27386136	-1183.522427	334.3428113	303.6039034
	0.003650874292	2.80131973e-05	925.4862117	6.107907373e-14	314.1351771	18.32469133	-1173.828145	334.4590258	303.9678856
	0.003684729679	2.805702093e-05	924.0386702	7.081141983e-14	314.3680538	18.36712084	-1165.657811	334.5532099	304.2707687
	0.003711758546	2.809193066e-05	922.8896028	7.855971358e-14	314.5524062	18.4008978	-1159.102288	334.6263324	304.5112647
	0.003731749079	2.811770567e-05	922.0435203	8.42779834e-14	314.6878576	18.42582372	-1154.235185	334.6792312	304.6883846
	0.003744543258	2.813418226e-05	921.5036986	8.79322269e-14	314.7741486	18.44175184	-1151.111863	334.7125593	304.8014084
	0.00375	2.814120487e-05	921.2738627	8.948945878e-14	314.810857	18.44853933	-1149.777785	334.7266485	304.8495337

	0.00375	2.813255675e-05	921.6505066	3.20892783e-13	314.7312738	18.43820758	-1146.903351	334.5845876	304.800639
	0.003755456742	2.813945802e-05	921.4276081	3.175045272e-13	314.7665883	18.4448285	-1145.482098	334.5950363	304.848504
	0.003768250921	2.815561482e-05	920.9059979	3.095808025e-13	314.8492056	18.46032758	-1142.153054	334.6194073	304.9605198
	0.003788241454	2.81807911e-05	920.0938315	2.972579393e-13	314.9777794	18.48447512	-1136.960794	334.6571287	305.1349493
	0.003815270321	2.821469922e-05	919.0012111	2.80708341e-13	315.1506263	18.51699017	-1129.958414	334.7074374	305.3696443
	0.003849125708	2.825695669e-05	917.6415487	2.60160467e-13	315.3655132	18.55749931	-1121.216659	334.7693271	305.6617527
	0.003889542569	2.83070915e-05	916.0313541	2.358946372e-13	315.6196954	18.60554195	-1110.823159	334.8415731	306.0077623
	0.003936204558	2.836454998e-05	914.1899285	2.082371981e-13	315.9099701	18.66057823	-1098.881187	334.9227645	306.4035659
	0.00398874647	2.842870618e-05	912.1390057	1.775537269e-13	316.2327392	18.72199831	-1085.508167	335.0113418	306.8445361
	0.004046757085	2.84988722e-05	909.9023533	1.442415178e-13	316.5840787	18.78913278	-1070.834016	335.1056378	307.3256099
	0.004109782389	2.857430944e-05	907.5053461	1.087215653e-13	316.9598134	18.86126371	-1054.999333	335.2039212	307.8413783
	0.00417732912	2.865424027e-05	904.9745217	7.14302616e-14	317.3555937	18.93763636	-1038.1535	335.3044414	308.3861801
	0.004248868633	2.873785996e-05	902.3371293	3.281103351e-14	317.766974	19.01747098	-1020.452713	335.4054722	308.9541967
	0.004323841034	2.882434856e-05	899.6206846	-6.693864008e-15	318.1894895	19.09997462	-1002.058004	335.5053553	309.5395468
	0.00440165956	2.891288253e-05	896.8525394	-4.665118317e-14	318.6187299	19.18435256	-983.1332702	335.6025401	310.1363766
	0.004481715176	2.900264575e-05	894.059477	-8.664395049e-14	319.0504085	19.26981924	-963.8433768	335.69562	310.7389458
	0.004563381338	2.909283972e-05	891.2673429	-1.262779874e-13	319.4804249	19.35560828	-944.3523377	335.7833634	311.3417059
	0.004646018897	2.918269288e-05	888.5007181	-1.651875318e-13	319.9049192	19.4409815	-924.8216264	335.8647392	311.9393694
	0.004728981103	2.927146863e-05	885.7826411	-2.030398365e-13	320.3203182	19.52523687	-905.4086329	335.9389356	312.5269694
	0.004811618662	2.935847218e-05	883.1343846	-2.395386559e-13	320.7233709	19.60771495	-886.2652902	336.0053719	313.099907
	0.004893284824	2.944305598e-05	880.5752887	-2.744265641e-13	321.1111737	19.68780416	-867.5368853	336.0637031	313.6539877
	0.00497334044	2.952462374e-05	878.1226534	-3.074860877e-13	321.4811861	19.76494441	-849.361064	336.1138171	314.1854452
	0.005051158966	2.960263302e-05	875.7916876	-3.385396719e-13	321.831234	19.83862949	-831.867032	336.1558247	314.6909526
	0.005126131367	2.967659655e-05	873.5955156	-3.674485331e-13	322.1595052	19.90840789	-815.1749521	336.1900432	315.167623
	0.00519767088	2.97460821e-05	871.5452336	-3.94110488e-13	322.4645341	19.97388251	-799.3955265	336.2169737	315.6129983
	0.005265217611	2.981071135e-05	869.6500133	-4.184568772e-13	322.7451785	20.03470907	-784.629754	336.237273	316.0250288
	0.005328242915	2.987015767e-05	867.9172453	-4.404487275e-13	323.0005903	20.09059353	-770.9688416	336.2517217	316.4020444
	0.00538625353	2.992414302e-05	866.3527133	-4.600723218e-13	323.2301792	20.14128876	-758.4942524	336.2611881	316.7427191
	0.005438795442	2.997243436e-05	864.9607922	-4.773343564e-13	323.433574	20.18659047	-747.2778634	336.2665915	317.0460306
	0.005485457431	3.00148395e-05	863.7446597	-4.922568811e-13	323.6105806	20.22633284	-737.3822075	336.2688635	317.3112168
	0.005525874292	3.005120281e-05	862.7065124	-5.048722153e-13	323.7611399	20.26038391	-728.8607742	336.2689103	317.5377316
	0.005559729679	3.008140091e-05	861.847778	-5.152180331e-13	323.8852868	20.28864097	-721.7583416	336.267577	317.7252012
	0.005586758546	3.01053386e-05	861.1693138	-5.233327966e-13	323.9831117	20.31102627	-716.1113176	336.2656143	317.8733832
	0.005606749079	3.012294504e-05	860.6715872	-5.292516797e-13	324.0547266	20.32748299	-711.9480855	336.2636496	317.9821294
	0.005619543258	3.01341697e-05	860.3548503	-5.330028896e-13	324.1002324	20.33797112	-709.2895041	336.2621632	318.0513493
	0.005625	3.013894667e-05	860.2201921	-5.345940158e-13	324.1195627	20.3424338	-708.1570235	336.2614749	318.0807817

	0.005625	3.014044337e-05	860.2362002	-6.246497292e-13	324.1084567	20.34274693	-704.999043	336.1828613	318.1032298
	0.005630456742	3.014509608e-05	860.1040299	-6.285180512e-13	324.1275023	20.34709483	-703.895762	336.1827464	318.1319529
	0.005643250921	3.015598318e-05	859.7948419	-6.375208884e-13	324.1720461	20.35726795	-701.3133541	336.182438	318.1991505
	0.005663241454	3.017293246e-05	859.313725	-6.51399384e-13	324.2413319	20.37310365	-697.2907827	336.1818469	318.3037291
	0.005690270321	3.019573008e-05	858.6670553	-6.697993671e-13	324.3344057	20.39439946	-691.8759102	336.1808358	318.4443217
	0.005724125708	3.022409218e-05	857.8632889	-6.922546872e-13	324.4500032	20.42088668	-685.1323282	336.1792256	318.6191152
	0.005764542569	3.02576695e-05	856.9128167	-7.182001459e-13	324.5865723	20.45223484	-677.13842	336.1768028	318.8258808
	0.005811204558	3.029605391e-05	855.827758	-7.46987981e-13	324.7423052	20.48805795	-667.9859768	336.1733281	319.0620175
	0.00586374647	3.033878619e-05	854.621721	-7.779068067e-13	324.9151753	20.52792194	-657.778574	336.1685466	319.3246031
	0.005921757085	3.03853645e-05	853.3095363	-8.102023604e-13	325.1029784	20.57135284	-646.6297637	336.162198	319.6104505
	0.005984782389	3.04352536e-05	851.9069723	-8.430994094e-13	325.3033766	20.61784554	-634.6611355	336.1540287	319.9161681
	0.00605232912	3.048789432e-05	850.4304404	-8.758241411e-13	325.5139434	20.66687289	-622.0002924	336.1438027	320.2382223
	0.006123868633	3.054271324e-05	848.8966966	-9.076263513e-13	325.7322098	20.71789496	-608.7787918	336.1313132	320.5730009
	0.006198841034	3.059913219e-05	847.3225478	-9.378007532e-13	325.9557092	20.77036812	-595.1301017	336.1163929	320.9168752
	0.00627665956	3.065657749e-05	845.7245704	-9.657067562e-13	326.1820205	20.82375383	-581.187619	336.0989237	321.2662604
	0.006356715176	3.071448851e-05	844.1188473	-9.907861157e-13	326.4088077	20.87752679	-567.0827955	336.078845	321.617671
	0.006438381338	3.077232555e-05	842.5207308	-1.01257792e-12	326.6338562	20.9311825	-552.9434108	336.0561602	321.9677722
	0.006521018897	3.082957675e-05	840.9446348	-1.030730467e-12	326.8551036	20.98424373	-538.8920291	336.0309417	322.3134235
	0.006603981103	3.088576401e-05	839.4038628	-1.045009673e-12	327.0706656	21.03626613	-525.0446684	336.0033334	322.6517165
	0.006686618662	3.094044756e-05	837.9104735	-1.055303786e-12	327.2788549	21.08684255	-511.509703	335.9735513	322.9800037
	0.006768284824	3.09932295e-05	836.4751861	-1.061624252e-12	327.4781952	21.13560624	-498.3870157	335.9418821	323.2959189
	0.00684834044	3.104375593e-05	835.1073273	-1.064102759e-12	327.6674274	21.18223286	-485.7674051	335.9086787	323.5973901
	0.006926158966	3.109171788e-05	833.8148173	-1.062984539e-12	327.8455102	21.22644115	-473.7322464	335.8743547	323.8826425
	0.007001131367	3.113685102e-05	832.604195	-1.058618188e-12	328.0116145	21.26799258	-462.3533985	335.8393761	324.1501946
	0.00707267088	3.117893427e-05	831.4806788	-1.051442312e-12	328.1651125	21.30668985	-451.693339	335.8042514	324.398846
	0.007140217611	3.121778739e-05	830.4482582	-1.041969463e-12	328.305561	21.3423744	-441.8055058	335.7695207	324.6276592
	0.007203242915	3.125326773e-05	829.5098135	-1.030767867e-12	328.432682	21.37492318	-432.7348158	335.7357427	324.8359352
	0.00726125353	3.128526633e-05	828.6672548	-1.01844154e-12	328.5463386	21.40424472	-424.518328	335.7034815	325.0231848
	0.007313795442	3.131370346e-05	827.9216776	-1.005609428e-12	328.6465094	21.43027474	-417.1860138	335.6732931	325.1890971
	0.007360457431	3.133852395e-05	827.2735257	-9.928842367e-13	328.7332615	21.4529715	-410.7615952	335.6457112	325.3335054
	0.007400874292	3.135969234e-05	826.7227561	-9.808516364e-13	328.8067239	21.47231105	-405.2634113	335.621234	325.4563536
	0.007434729679	3.137718825e-05	826.2689997	-9.700504919e-13	328.8670603	21.48828264	-400.7052747	335.6003113	325.5576627
	0.007461758546	3.139100195e-05	825.9117105	-9.609547643e-13	328.9144455	21.50088435	-397.0972801	335.583333	325.6375
	0.007481749079	3.140113037e-05	825.6503	-9.539576902e-13	328.9490431	21.51011923	-394.4465448	335.5706191	325.6959513
	0.007494543258	3.140757333e-05	825.4842617	-9.493590447e-13	328.9709859	21.51599159	-392.757957	335.5624122	325.7330947
	0.0075	3.141031192e-05	825.413747	-9.473691187e-13	328.980297	21.51848712	-392.0396502	335.5588953	325.7488733

	0.0075	3.141530186e-05	825.288906	-1.558956758e-12	328.9981628	21.52307439	-390.4264914	335.5444018	325.7829999
	0.007505456742	3.141798837e-05	825.2180537	-1.554946991e-12	329.0076845	21.52554164	-389.7588183	335.542565	325.7982534
	0.007518250921	3.142427309e-05	825.0523351	-1.545626972e-12	329.0299504	21.53131302	-388.1963957	335.5382483	325.8339335
	0.007538241454	3.143405289e-05	824.7945432	-1.531293466e-12	329.0645741	21.54029285	-385.7636904	335.531475	325.8894463
	0.007565270321	3.144719862e-05	824.4481946	-1.512356953e-12	329.1110661	21.55236104	-382.4910202	335.5222615	325.9640463
	0.007599125708	3.146353899e-05	824.0179516	-1.489357214e-12	329.1687777	21.56735837	-378.4186341	335.5106312	326.0567448
	0.007639542569	3.148286352e-05	823.5095382	-1.462947676e-12	329.2369133	21.58508922	-373.596075	335.4966162	326.1663273
	0.007686204558	3.150492665e-05	822.9296242	-1.433875621e-12	329.3145469	21.60532552	-368.0812582	335.4802585	326.291378
	0.00773874647	3.152945263e-05	822.2856893	-1.402959471e-12	329.4006418	21.62781125	-361.9393922	335.4616126	326.4303081
	0.007796757085	3.15561409e-05	821.5858725	-1.371063932e-12	329.4940717	21.65226757	-355.2417804	335.4407465	326.5813873
	0.007859782389	3.158467179e-05	820.8388118	-1.339073766e-12	329.5936442	21.67839814	-348.0645382	335.4177444	326.7427775
	0.00792732912	3.161471252e-05	820.0534781	-1.30786703e-12	329.698124	21.70589476	-340.4872562	335.392708	326.9125674
	0.007998868633	3.164592322e-05	819.2390069	-1.278288587e-12	329.8062572	21.734443	-332.5916467	335.3657581	327.0888082
	0.008073841034	3.167796284e-05	818.4045338	-1.251124732e-12	329.9167945	21.76372778	-324.4602032	335.3370366	327.2695477
	0.00815165956	3.171049488e-05	817.5590365	-1.227079703e-12	330.0285136	21.79343869	-316.1749086	335.3067068	327.4528637
	0.008231715176	3.174319266e-05	816.7111883	-1.206754808e-12	330.1402403	21.82327495	-307.81602	335.2749545	327.636895
	0.008313381338	3.177574417e-05	815.8692258	-1.190630809e-12	330.2508663	21.8529499	-299.4609596	335.241988	327.8198693
	0.008396018897	3.180785624e-05	815.0408346	-1.179054115e-12	330.3593659	21.88219492	-291.1833333	335.208038	328.000127
	0.008478981103	3.183925803e-05	814.2330545	-1.172227184e-12	330.4648088	21.91076266	-283.0520979	335.1733562	328.176142
	0.008561618662	3.186970379e-05	813.4522076	-1.170203444e-12	330.5663697	21.93842952	-275.1308916	335.1382139	328.3465367
	0.008643284824	3.189897475e-05	812.7038483	-1.172886881e-12	330.663335	21.96499745	-267.4775351	335.1029002	328.510093
	0.00872334044	3.192688023e-05	811.9927376	-1.180036278e-12	330.7551057	21.99029491	-260.1437103	335.067719	328.6657583
	0.008801158966	3.195325794e-05	811.3228398	-1.191273986e-12	330.8411973	22.01417706	-253.1748118	335.0329857	328.8126463
	0.008876131367	3.197797351e-05	810.6973418	-1.206098934e-12	330.9212361	22.03652522	-246.6099673	334.9990237	328.950034
	0.00894767088	3.200091926e-05	810.118692	-1.223903453e-12	330.9949528	22.05724572	-240.4822124	334.9661602	329.0773538
	0.009015217611	3.202201238e-05	809.588658	-1.243993394e-12	331.0621734	22.07626804	-234.8188056	334.9347217	329.194182
	0.009078242915	3.204119256e-05	809.1083987	-1.265610898e-12	331.122808	22.09354254	-229.6416613	334.9050291	329.3002244
	0.00913625353	3.205841917e-05	808.6785488	-1.287959089e-12	331.1768381	22.10903771	-224.967879	334.8773931	329.3952992
	0.009188795442	3.207366817e-05	808.2993116	-1.310227927e-12	331.2243022	22.1227372	-220.8103407	334.8521094	329.479318
	0.009235457431	3.208692884e-05	807.9705557	-1.331620383e-12	331.265281	22.13463668	-217.178351	334.8294535	329.5522661
	0.009275874292	3.209820047e-05	807.6919134	-1.351378142e-12	331.2998831	22.14474062	-214.0782902	334.8096766	329.6141827
	0.009309729679	3.210748911e-05	807.4628754	-1.368805985e-12	331.3282302	22.15305925	-211.514254	334.7930007	329.6651414
	0.009336758546	3.211480462e-05	807.2828787	-1.383294104e-12	331.3504442	22.15960564	-209.4886542	334.7796157	329.7052318
	0.009356749079	3.212015795e-05	807.1513861	-1.394337583e-12	331.3666354	22.16439315	-208.0027623	334.7696752	329.734544
	0.009369543258	3.21235586e-05	807.0679579	-1.401551945e-12	331.3768916	22.16743303	-207.0572362	334.7632949	329.7531529
	0.009375	3.212500293e-05	807.0325486	-1.404663644e-12	331.3812407	22.1687238	-206.6552644	334.7605693	329.7610538

	0.009375	3.212916239e-05	806.9173817	-1.721186784e-12	331.3993634	22.17280668	-206.0130216	334.7673545	329.7850039
	0.009380456742	3.213059361e-05	806.8811021	-1.7183278e-12	331.4039655	22.17410329	-205.6489942	334.7659576	329.7926174
	0.009393250921	3.21339414e-05	806.7962518	-1.711617375e-12	331.4147265	22.177136	-204.7972078	334.76268	329.8104249
	0.009413241454	3.213914999e-05	806.6642733	-1.701112629e-12	331.4314575	22.18185376	-203.4711785	334.757552	329.8381273
	0.009440270321	3.214614934e-05	806.4869859	-1.686870742e-12	331.4539188	22.18819227	-201.6877052	334.7506053	329.8753478
	0.009474125708	3.215484656e-05	806.2668014	-1.668969269e-12	331.4817929	22.19606633	-199.4690833	334.7418826	329.921587
	0.009514542569	3.216512755e-05	806.0066801	-1.647507169e-12	331.5146904	22.2053713	-196.8427437	334.7314382	329.9762316
	0.009561204558	3.217685933e-05	805.71007	-1.622605395e-12	331.5521585	22.21598528	-193.8407332	334.7193376	330.0385671
	0.00961374647	3.218989263e-05	805.3808359	-1.594407433e-12	331.5936902	22.22777151	-190.4991074	334.7056579	330.1077919
	0.009671757085	3.220406496e-05	805.0231813	-1.563079791e-12	331.6387354	22.24058122	-186.8572562	334.6904876	330.1830336
	0.009734782389	3.221920365e-05	804.6415645	-1.528812391e-12	331.6867119	22.25425646	-182.9571826	334.6739266	330.2633664
	0.00980232912	3.223512925e-05	804.2406115	-1.491818809e-12	331.7370173	22.26863322	-178.8427522	334.6560857	330.3478283
	0.009873868633	3.225165873e-05	803.8250295	-1.452336314e-12	331.7890407	22.28354442	-174.5589328	334.6370865	330.4354395
	0.009948841034	3.226860882e-05	803.3995201	-1.410625637e-12	331.8421744	22.29882299	-170.1510442	334.6170614	330.5252198
	0.01002665956	3.228579908e-05	802.9686976	-1.366970444e-12	331.8958248	22.31430471	-165.6640341	334.5961523	330.6162057
	0.01010671518	3.230305483e-05	802.5370131	-1.321676454e-12	331.9494226	22.32983089	-161.141801	334.5745105	330.7074658
	0.01018838134	3.232020977e-05	802.1086852	-1.275070164e-12	332.0024322	22.3452508	-156.6265753	334.5522958	330.7981151
	0.0102710189	3.233710822e-05	801.6876416	-1.22749717e-12	332.0543589	22.36042378	-152.1583757	334.5296756	330.8873272
	0.0103539811	3.235360706e-05	801.2774695	-1.179320063e-12	332.104756	22.3752209	-147.7745493	334.5068234	330.9743447
	0.01043661866	3.236957717e-05	800.8813792	-1.130915897e-12	332.153229	22.38952637	-143.5094057	334.4839183	331.0584864
	0.01051828482	3.238490444e-05	800.5021784	-1.08267323e-12	332.199439	22.40323838	-139.3939478	334.4611427	331.1391532
	0.01059834044	3.239949029e-05	800.1422597	-1.034988787e-12	332.2431039	22.41626961	-135.4557038	334.4386815	331.2158306
	0.01067615897	3.241325185e-05	799.8035996	-9.882637542e-13	332.2839984	22.4285473	-131.718658	334.41672	331.2880894
	0.01075113137	3.242612156e-05	799.4877695	-9.428997623e-13	332.3219518	22.44001286	-128.2032765	334.3954426	331.3555832
	0.01082267088	3.243804646e-05	799.1959569	-8.992946231e-13	332.3568446	22.45062121	-124.9266218	334.3750303	331.4180448
	0.01089021761	3.244898715e-05	798.9289965	-8.57837878e-13	332.3886045	22.4603397	-121.9025452	334.3556594	331.4752798
	0.01095324291	3.245891637e-05	798.6874086	-8.189062418e-13	332.4172	22.46914682	-119.1419476	334.3374995	331.5271591
	0.01101125353	3.246781739e-05	798.4714446	-7.82859022e-13	332.4426343	22.47703064	-116.6530924	334.3207115	331.5736097
	0.01106379544	3.24756823e-05	798.2811355	-7.500336002e-13	332.4649379	22.48398714	-114.441958	334.3054456	331.6146053
	0.01111045743	3.248251003e-05	798.1163441	-7.207410667e-13	332.4841613	22.49001842	-112.5126131	334.2918399	331.6501556
	0.01115087429	3.248830459e-05	797.9768167	-6.952620948e-13	332.5003678	22.49513093	-110.8675981	334.2800185	331.6802959
	0.01118472968	3.249307313e-05	797.8622335	-6.73843144e-13	332.513626	22.49933376	-109.5082983	334.2700901	331.7050772
	0.01121175855	3.249682434e-05	797.7722549	-6.566930837e-13	332.5240032	22.50263697	-108.4352936	334.2621465	331.7245568
	0.01123174908	3.249956686e-05	797.7065638	-6.439803652e-13	332.5315595	22.50505024	-107.6486734	334.2562616	331.7387898
	0.01124454326	3.250130787e-05	797.6649031	-6.35831336e-13	332.5363427	22.50658146	-107.1483391	334.2524909	331.7478213
	0.01125	3.250204704e-05	797.6472255	-6.323527351e-13	332.5383702	22.50723137	-106.9356845	334.2508816	331.7516549

	0.01125	3.250459951e-05	797.5747545	-2.228155426e-13	332.5497787	22.50977115	-106.6767513	334.2587385	331.7649646
	0.01125545674	3.25053371e-05	797.5564363	-2.231752646e-13	332.551979	22.51043112	-106.4865371	334.2579215	331.7686587
	0.01126825092	3.250706237e-05	797.5135937	-2.240525739e-13	332.5571238	22.51197472	-106.0414609	334.2560053	331.7772988
	0.01128824145	3.250974656e-05	797.4469537	-2.255184501e-13	332.5651223	22.5143759	-105.3485974	334.25301	331.7907387
	0.01131527032	3.251335348e-05	797.3574336	-2.276848607e-13	332.5758591	22.51760181	-104.4167429	334.2489571	331.8087945
	0.01134912571	3.251783519e-05	797.2462488	-2.306975481e-13	332.5891815	22.52160895	-103.2575719	334.2438759	331.8312223
	0.01138954257	3.252313277e-05	797.1148918	-2.347297343e-13	332.6049021	22.52634387	-101.8854466	334.2378032	331.8577225
	0.01143620456	3.252917758e-05	796.9651005	-2.399746068e-13	332.6228031	22.53174433	-100.3171449	334.2307829	331.8879464
	0.01148874647	3.253589256e-05	796.7988234	-2.46636782e-13	332.6426407	22.53774051	-98.57154158	334.2228663	331.9215026
	0.01154675709	3.254319384e-05	796.61818	-2.549230279e-13	332.6641506	22.54425647	-96.66925452	334.214111	331.9579655
	0.01160978239	3.255099231e-05	796.4254182	-2.650325563e-13	332.6870528	22.55121161	-94.63226625	334.2045817	331.9968837
	0.01167732912	3.255919536e-05	796.2228711	-2.771472126e-13	332.7110582	22.55852224	-92.4835303	334.1943488	332.0377881
	0.01174886863	3.256770857e-05	796.0129129	-2.914218998e-13	332.7358734	22.56610314	-90.24657247	334.1834885	332.0802015
	0.01182384103	3.257643741e-05	795.7979154	-3.079755631e-13	332.7612071	22.57386915	-87.94509715	334.1720822	332.1236467
	0.01190165956	3.258528881e-05	795.580207	-3.268830524e-13	332.7867746	22.58173655	-85.60260815	334.1602159	332.1676551
	0.01198171518	3.259417273e-05	795.3620344	-3.481681503e-13	332.8123035	22.58962453	-83.24205321	334.14798	332.211774
	0.01206338134	3.260300344e-05	795.1455275	-3.71798019e-13	332.8375375	22.59745635	-80.88550019	334.1354679	332.255574
	0.0121460189	3.261170076e-05	794.9326699	-3.976792789e-13	332.8622404	22.60516047	-78.55385211	334.1227763	332.2986547
	0.0122289811	3.2620191e-05	794.7252746	-4.256558785e-13	332.8861995	22.61267136	-76.26660669	334.1100037	332.3406496
	0.01231161866	3.262840769e-05	794.5249647	-4.555088628e-13	332.909227	22.61993025	-74.04166474	334.0972502	332.38123
	0.01239328482	3.263629216e-05	794.333161	-4.869580872e-13	332.9311625	22.62688555	-71.89519004	334.0846161	332.4201077
	0.01247334044	3.26437938e-05	794.1510753	-5.196658626e-13	332.9518729	22.63349307	-69.84152188	334.072202	332.457036
	0.01255115897	3.265087006e-05	793.9797102	-5.53242459e-13	332.9712525	22.6397161	-67.8931397	334.0601069	332.4918101
	0.01262613137	3.265748636e-05	793.8198641	-5.872533345e-13	332.9892221	22.64552519	-66.06067767	334.0484282	332.5242659
	0.01269767088	3.266361564e-05	793.6721425	-6.212279027e-13	333.0057273	22.65089779	-64.35298569	334.0372606	332.5542781
	0.01276521761	3.266923786e-05	793.5369726	-6.546696018e-13	333.0207362	22.65581771	-62.77723164	334.026695	332.581757
	0.01282824291	3.267433922e-05	793.4146234	-6.87066988e-13	333.0342366	22.66027443	-61.33903897	334.016818	332.6066448
	0.01288625353	3.267891139e-05	793.305228	-7.179055399e-13	333.0462331	22.66426233	-60.04265228	334.007711	332.628911
	0.01293879544	3.268295053e-05	793.2088085	-7.466798388e-13	333.0567431	22.6677798	-58.8911232	333.9994494	332.6485475
	0.01298545743	3.268645636e-05	793.1253013	-7.729057739e-13	333.0657935	22.67082833	-57.88650817	333.9921018	332.6655636
	0.01302587429	3.268943118e-05	793.0545841	-7.961324181e-13	333.0734173	22.6734116	-57.03006977	333.9857296	332.6799808
	0.01305972968	3.26918789e-05	792.9965002	-8.159532265e-13	333.0796494	22.67553459	-56.32247324	333.9803863	332.6918278
	0.01308675855	3.269380416e-05	792.9508827	-8.320162204e-13	333.0845242	22.67720273	-55.76397065	333.9761166	332.7011356
	0.01310674908	3.269521158e-05	792.9175749	-8.440328003e-13	333.088072	22.6784212	-55.35456706	333.9729567	332.7079338
	0.01311954326	3.269610498e-05	792.8964498	-8.517844232e-13	333.090317	22.67919421	-55.09417922	333.9709333	332.7122464
	0.013125	3.269648427e-05	792.8874856	-8.551049572e-13	333.0912683	22.67952228	-54.98351159	333.9700701	332.7140767

	0.013125	3.269834489e-05	792.8455186	-6.750001673e-13	333.0955113	22.68110179	-54.80495342	333.9706751	332.7200678
	0.01313045674	3.269871177e-05	792.8363384	-6.746544226e-13	333.0965878	22.68142963	-54.70916781	333.9703173	332.7218337
	0.01314325092	3.269957072e-05	792.8148514	-6.738180436e-13	333.0991044	22.68219692	-54.48474108	333.969476	332.7259635
	0.01316324145	3.270090926e-05	792.7813835	-6.724390179e-13	333.1030155	22.68339192	-54.13452298	333.9681551	332.7323862
	0.01319027032	3.270271223e-05	792.7363354	-6.704344391e-13	333.1082631	22.68500017	-53.66185628	333.9663566	332.7410121
	0.01322412571	3.270495945e-05	792.6802395	-6.676964739e-13	333.1147703	22.68700244	-53.07120156	333.9640837	332.7517223
	0.01326454257	3.270762602e-05	792.613752	-6.640971337e-13	333.1224431	22.68937506	-52.36809784	333.9613409	332.7643709
	0.01331120456	3.271068271e-05	792.537641	-6.594939544e-13	333.1311718	22.69209031	-51.5590932	333.9581344	332.7787882
	0.01336374647	3.271409648e-05	792.452773	-6.537364451e-13	333.1408343	22.69511697	-50.65166151	333.9544728	332.7947839
	0.01342175709	3.271783098e-05	792.3600977	-6.466730936e-13	333.151298	22.69842081	-49.65410841	333.9503672	332.8121511
	0.01348478239	3.272184718e-05	792.2606315	-6.381586944e-13	333.162423	22.70196524	-48.57546877	333.9458319	332.8306708
	0.01355232912	3.272610395e-05	792.1554405	-6.280617493e-13	333.1740649	22.70571192	-47.42539768	333.9408847	332.8501158
	0.01362386863	3.273055869e-05	792.0456233	-6.162716872e-13	333.1860778	22.70962136	-46.21405691	333.9355475	332.8702552
	0.01369884103	3.273516797e-05	791.9322937	-6.027056529e-13	333.1983169	22.71365359	-44.95199921	333.9298466	332.8908586
	0.01377665956	3.273988813e-05	791.8165639	-5.873146278e-13	333.2106415	22.71776875	-43.65005217	333.9238126	332.9117005
	0.01385671518	3.274467583e-05	791.6995291	-5.700886617e-13	333.2229175	22.72192765	-42.31920377	333.9174813	332.9325635
	0.01393838134	3.274948864e-05	791.5822526	-5.510610257e-13	333.2350193	22.72609229	-40.97049152	333.910893	332.9532422
	0.0140210189	3.27542855e-05	791.4657533	-5.303111243e-13	333.2468323	22.73022636	-39.61489653	333.9040933	332.9735461
	0.0141039811	3.275902712e-05	791.3509941	-5.079660458e-13	333.2582535	22.73429562	-38.26324439	333.8971322	332.9933014
	0.01418661866	3.276367641e-05	791.2388732	-4.842006706e-13	333.2691938	22.73826821	-36.92611361	333.8900642	333.0123535
	0.01426828482	3.276819869e-05	791.1302168	-4.592363032e-13	333.2795777	22.74211495	-35.61375286	333.8829477	333.0305681
	0.01434834044	3.277256199e-05	791.0257745	-4.333378362e-13	333.289344	22.74580944	-34.33600751	333.8758445	333.0478315
	0.01442615897	3.277673712e-05	790.9262161	-4.068095059e-13	333.2984457	22.74932821	-33.10225587	333.8688195	333.0640505
	0.01450113137	3.278069779e-05	790.8321314	-3.799893385e-13	333.3068493	22.75265069	-31.92135523	333.861939	333.0791526
	0.01457267088	3.278442059e-05	790.7440316	-3.532424298e-13	333.3145339	22.75575921	-30.8015975	333.8552708	333.0930838
	0.01464021761	3.278788496e-05	790.6623517	-3.269532393e-13	333.3214901	22.75863881	-29.75067397	333.8488827	333.1058078
	0.01470324291	3.279107306e-05	790.5874558	-3.015171099e-13	333.3277183	22.7612771	-28.77564865	333.8428415	333.1173038
	0.01476125353	3.279396964e-05	790.5196424	-2.773312498e-13	333.3332271	22.76366405	-27.88293927	333.8372121	333.127564
	0.01481379544	3.279656183e-05	790.459151	-2.547854337e-13	333.3380314	22.76579171	-27.07830492	333.8320564	333.1365913
	0.01486045743	3.279883898e-05	790.4061697	-2.342526894e-13	333.3421504	22.76765395	-26.36683941	333.8274324	333.1443967
	0.01490087429	3.280079239e-05	790.3608423	-2.160802376e-13	333.3456059	22.76924619	-25.75296906	333.8233927	333.1509965
	0.01493472968	3.280241511e-05	790.3232758	-2.005809522e-13	333.3484203	22.7705651	-25.24045384	333.8199842	333.1564099
	0.01496175855	3.280370176e-05	790.2935474	-1.880255958e-13	333.3506147	22.77160836	-24.83239115	333.8172468	333.1606564
	0.01498174908	3.280464829e-05	790.2717107	-1.786361026e-13	333.3522078	22.77237441	-24.53122235	333.815213	333.1637542
	0.01499454326	3.280525182e-05	790.2578021	-1.725805015e-13	333.3532139	22.77286222	-24.33875371	333.8139072	333.1657176
	0.015	3.280550869e-05	790.2518859	-1.699868036e-13	333.3536399	22.77306968	-24.25673265	333.8133494	333.1665505
