	-0.015	1.06468882e-06	1353.465901	-5.771933466e-14	223.0740951	0.2472927789	-1.278351786	223.1906357	223.0153808
	-0.01499454326	1.064690376e-06	1353.463797	-5.660571399e-14	223.0745393	0.2472936327	-1.283199833	223.1913225	223.0157042
	-0.01498174908	1.064694044e-06	1353.458846	-5.402015227e-14	223.0755847	0.2472956432	-1.294606491	223.1929399	223.016465
	-0.01496175855	1.064699825e-06	1353.451055	-5.005184438e-14	223.0772292	0.2472988085	-1.312540367	223.195487	223.017661
	-0.01493472968	1.064707738e-06	1353.440412	-4.482512078e-14	223.0794745	0.247303135	-1.337004301	223.1989696	223.0192922
	-0.01490087429	1.064717807e-06	1353.426907	-3.850337092e-14	223.0823221	0.2473086298	-1.367997012	223.2033945	223.0213582
	-0.01486045743	1.064730056e-06	1353.41053	-3.128416291e-14	223.0857727	0.2473152997	-1.405506199	223.2087685	223.023858
	-0.01481379544	1.064744508e-06	1353.391277	-2.339310113e-14	223.089826	0.2473231494	-1.449501303	223.2150965	223.0267891
	-0.01476125353	1.064761178e-06	1353.369157	-1.507678409e-14	223.094479	0.2473321796	-1.499925502	223.2223807	223.0301474
	-0.01470324291	1.064780073e-06	1353.34419	-6.59510141e-15	223.0997258	0.247342385	-1.556687161	223.2306183	223.0339265
	-0.01464021761	1.064801182e-06	1353.316418	1.786885854e-15	223.1055564	0.2473537526	-1.619651082	223.2398004	223.0381168
	-0.01457267088	1.064824478e-06	1353.285905	9.807226946e-15	223.1119558	0.2473662595	-1.688629903	223.2499098	223.0427057
	-0.01450113137	1.064849911e-06	1353.252746	1.721526618e-14	223.1189035	0.2473798709	-1.763376021	223.2609198	223.0476762
	-0.01442615897	1.064877401e-06	1353.217063	2.377947491e-14	223.126372	0.2473945386	-1.843574399	223.2727926	223.0530071
	-0.01434834044	1.064906842e-06	1353.179017	2.929468598e-14	223.1343271	0.2474101996	-1.928836597	223.2854782	223.0586723
	-0.01426828482	1.064938092e-06	1353.138805	3.358850452e-14	223.1427267	0.2474267746	-2.018696339	223.2989135	223.0646406
	-0.01418661866	1.064970979e-06	1353.096665	3.65266949e-14	223.1515207	0.2474441679	-2.112606877	223.3130212	223.0708756
	-0.0141039811	1.065005292e-06	1353.052872	3.801737541e-14	223.1606512	0.2474622664	-2.209940385	223.3277102	223.0773354
	-0.0140210189	1.065040788e-06	1353.007741	3.801388964e-14	223.1700521	0.2474809403	-2.309989524	223.3428753	223.083973
	-0.01393838134	1.065077188e-06	1352.961626	3.651626488e-14	223.1796498	0.2475000434	-2.41197127	223.3583978	223.0907364
	-0.01385671518	1.065114184e-06	1352.914916	3.357121187e-14	223.1893639	0.2475194144	-2.515033055	223.3741465	223.0975693
	-0.01377665956	1.065151437e-06	1352.868028	2.927066604e-14	223.1991074	0.2475388786	-2.618261127	223.3899789	223.1044111
	-0.01369884103	1.065188586e-06	1352.821409	2.374891567e-14	223.2087884	0.2475582499	-2.720691058	223.405743	223.111198
	-0.01362386863	1.06522525e-06	1352.775524	1.71784068e-14	223.2183109	0.2475773331	-2.821320178	223.4212795	223.1178638
	-0.01355232912	1.065261035e-06	1352.73085	9.764355906e-15	223.2275764	0.2475959272	-2.919121707	223.4364237	223.1243407
	-0.01348478239	1.065295538e-06	1352.687873	1.738338679e-15	223.2364851	0.2476138284	-3.013060259	223.4510088	223.1305604
	-0.01342175709	1.06532836e-06	1352.647075	-6.648944772e-15	223.244938	0.2476308334	-3.102108384	223.4648682	223.136455
	-0.01336374647	1.065359106e-06	1352.608927	-1.513550224e-14	223.2528382	0.247646743	-3.18526374	223.4778387	223.1419586
	-0.01331120456	1.065387396e-06	1352.573883	-2.345623452e-14	223.2600928	0.2476613661	-3.261566476	223.4897634	223.1470078
	-0.01326454257	1.065412873e-06	1352.542369	-3.135121744e-14	223.2666146	0.2476745226	-3.3301164	223.5004945	223.1515432
	-0.01322412571	1.065435209e-06	1352.514773	-3.857382179e-14	223.2723236	0.2476860474	-3.390089484	223.5098966	223.1555108
	-0.01319027032	1.06545411e-06	1352.491444	-4.48984166e-14	223.2771488	0.2476957935	-3.440753286	223.5178489	223.1588621
	-0.01316324145	1.065469326e-06	1352.47268	-5.012741151e-14	223.2810291	0.2477036349	-3.481480843	223.5242478	223.1615559
	-0.01314325092	1.065480651e-06	1352.458722	-5.409739926e-14	223.283915	0.2477094689	-3.511762551	223.5290091	223.1635587
	-0.01313045674	1.065487931e-06	1352.449753	-5.668403611e-14	223.2857692	0.2477132181	-3.531214441	223.5320691	223.1648452
	-0.013125	1.065491044e-06	1352.44592	-5.779811533e-14	223.2865617	0.2477148207	-3.539527623	223.5333773	223.1653949

	-0.013125	1.06551493e-06	1352.422147	-5.336792664e-14	223.2929374	0.2477274473	-3.575575634	223.5412308	223.1705574
	-0.01311954326	1.065517948e-06	1352.418072	-5.53798213e-14	223.2937463	0.2477290455	-3.585544084	223.5427086	223.1710587
	-0.01310674908	1.065525073e-06	1352.408461	-6.002574334e-14	223.2956553	0.2477328179	-3.609027668	223.5461922	223.1722431
	-0.01308675855	1.065536345e-06	1352.393283	-6.708480565e-14	223.2986724	0.2477387828	-3.646031644	223.5516876	223.1741191
	-0.01305972968	1.065551856e-06	1352.372448	-7.624130971e-14	223.3028183	0.2477469851	-3.696668258	223.5592191	223.1767047
	-0.01302587429	1.065571723e-06	1352.345845	-8.708121715e-14	223.3081191	0.2477574813	-3.761073745	223.5688172	223.1800233
	-0.01298545743	1.06559608e-06	1352.313347	-9.910567953e-14	223.3146046	0.2477703356	-3.839388613	223.5805149	223.1841012
	-0.01293879544	1.065625064e-06	1352.27483	-1.11747822e-13	223.3223049	0.2477856145	-3.931736137	223.5943442	223.1889665
	-0.01288625353	1.06565881e-06	1352.230177	-1.243919386e-13	223.3312484	0.2478033811	-4.038198325	223.6103319	223.1946467
	-0.01282824291	1.065697433e-06	1352.179301	-1.363944524e-13	223.3414587	0.2478236888	-4.158790114	223.6284951	223.2011665
	-0.01276521761	1.065741017e-06	1352.122151	-1.471059678e-13	223.3529509	0.2478465749	-4.293432747	223.6488368	223.2085452
	-0.01269767088	1.065789604e-06	1352.058733	-1.55893707e-13	223.3657294	0.2478720545	-4.44192736	223.6713413	223.2167947
	-0.01262613137	1.06584318e-06	1351.98912	-1.621636132e-13	223.3797843	0.2479001137	-4.603929826	223.6959697	223.2259172
	-0.01255115897	1.065901664e-06	1351.913466	-1.65381412e-13	223.3950888	0.2479307044	-4.778927887	223.7226559	223.2359027
	-0.01247334044	1.065964898e-06	1351.832018	-1.650919523e-13	223.4115968	0.2479637391	-4.966221556	223.7513036	223.2467276
	-0.01239328482	1.066032639e-06	1351.745122	-1.609362026e-13	223.4292412	0.2479990872	-5.16490767	223.7817828	223.2583531
	-0.01231161866	1.066104552e-06	1351.65323	-1.526653494e-13	223.4479321	0.2480365712	-5.373869384	223.8139286	223.2707238
	-0.0122289811	1.066180209e-06	1351.556908	-1.401515343e-13	223.4675562	0.2480759659	-5.591771216	223.8475396	223.2837673
	-0.0121460189	1.066259087e-06	1351.45683	-1.233948722e-13	223.4879768	0.2481169976	-5.817060133	223.8823785	223.2973941
	-0.01206338134	1.066340567e-06	1351.35378	-1.025265067e-13	223.509034	0.2481593452	-6.047972944	223.9181725	223.3114974
	-0.01198171518	1.066423944e-06	1351.248642	-7.780758383e-14	223.5305463	0.2482026426	-6.282550098	223.9546159	223.3259544
	-0.01190165956	1.066508431e-06	1351.142395	-4.962415182e-14	223.5523122	0.248246483	-6.51865578	223.9913732	223.3406276
	-0.01182384103	1.066593171e-06	1351.036097	-1.847812235e-14	223.5741132	0.2482904237	-6.754004	224.0280832	223.3553664
	-0.01174886863	1.066677249e-06	1350.930871	1.502544758e-14	223.5957167	0.2483339932	-6.986190171	224.0643642	223.3700097
	-0.01167732912	1.066759707e-06	1350.827887	5.01943795e-14	223.6168797	0.2483766985	-7.212727509	224.0998199	223.3843883
	-0.01160978239	1.066839562e-06	1350.72834	8.626822455e-14	223.6373536	0.2484180339	-7.431087417	224.1340461	223.3983282
	-0.01154675709	1.066915822e-06	1350.633435	1.224393747e-13	223.6568878	0.2484574902	-7.638742879	224.1666376	223.4116536
	-0.01148874647	1.066987508e-06	1350.544354	1.57875795e-13	223.6752355	0.2484945647	-7.833213804	224.1971959	223.4241906
	-0.01143620456	1.067053672e-06	1350.462243	1.917446863e-13	223.6921576	0.2485287708	-8.012113134	224.2253368	223.4357706
	-0.01138954257	1.067113417e-06	1350.388183	2.232363565e-13	223.7074284	0.2485596484	-8.173192555	224.2506976	223.446234
	-0.01134912571	1.067165914e-06	1350.323171	2.515875712e-13	223.7208396	0.2485867731	-8.314386579	224.2729449	223.4554332
	-0.01131527032	1.067210423e-06	1350.268094	2.761036645e-13	223.7322053	0.2486097655	-8.433853817	224.291781	223.4632364
	-0.01128824145	1.067246308e-06	1350.223718	2.961787211e-13	223.7413654	0.2486282993	-8.530014271	224.3069503	223.4695298
	-0.01126825092	1.067273049e-06	1350.190667	3.11313138e-13	223.7481894	0.2486421083	-8.601581314	224.3182445	223.4742208
	-0.01125545674	1.067290252e-06	1350.169411	3.211273829e-13	223.7525788	0.2486509915	-8.647584473	224.3255064	223.4772394
	-0.01125	1.06729761e-06	1350.16032	3.253435772e-13	223.7544561	0.248654791	-8.667252252	224.3286115	223.4785307

	-0.01125	1.067347215e-06	1350.112728	2.648306626e-13	223.7670062	0.2486802949	-8.724941871	224.3439806	223.4895209
	-0.01124454326	1.067354303e-06	1350.103223	2.608485597e-13	223.7689059	0.2486840529	-8.748023077	224.3474125	223.490693
	-0.01123174908	1.067371034e-06	1350.080807	2.515595477e-13	223.7733882	0.2486929217	-8.802375607	224.3555002	223.4934625
	-0.01121175855	1.067397493e-06	1350.045421	2.371794675e-13	223.7804704	0.2487069411	-8.887959594	224.3682523	223.4978493
	-0.01118472968	1.067433878e-06	1349.996874	2.17995724e-13	223.7901986	0.2487262108	-9.004955601	224.385718	223.5038964
	-0.01115087429	1.067480446e-06	1349.934926	1.943874584e-13	223.8026312	0.2487508571	-9.153575537	224.4079578	223.5116585
	-0.01111045743	1.067537483e-06	1349.859313	1.6681623e-13	223.8178336	0.2487810225	-9.334021128	224.4350362	223.5211982
	-0.01106379544	1.067605289e-06	1349.76977	1.358138657e-13	223.8358728	0.248816854	-9.546439052	224.467014	223.5325821
	-0.01101125353	1.067684149e-06	1349.666061	1.019684485e-13	223.8568109	0.2488584897	-9.790870944	224.503939	223.545875
	-0.01095324291	1.067774303e-06	1349.548014	6.590892923e-14	223.880698	0.2489060452	-10.06719978	224.5458361	223.5611354
	-0.01089021761	1.067875922e-06	1349.415544	2.828883216e-14	223.9075656	0.2489595981	-10.37509467	224.5926978	223.5784097
	-0.01082267088	1.067989076e-06	1349.268696	-1.023045997e-14	223.9374193	0.2490191743	-10.71395619	224.6444739	223.5977262
	-0.01075113137	1.068113709e-06	1349.107666	-4.899634669e-14	223.9702321	0.249084733	-11.08286454	224.7010621	223.6190907
	-0.01067615897	1.068249609e-06	1348.932837	-8.738108794e-14	224.0059379	0.2491561543	-11.48053259	224.7622994	223.6424805
	-0.01059834044	1.068396391e-06	1348.744798	-1.247968507e-13	224.0444263	0.2492332275	-11.90526597	224.8279545	223.6678409
	-0.01051828482	1.068553475e-06	1348.544367	-1.607092898e-13	224.0855382	0.2493156422	-12.35493204	224.8977217	223.6950812
	-0.01043661866	1.068720077e-06	1348.332602	-1.946492757e-13	224.1290625	0.2494029813	-12.82693934	224.9712175	223.7240721
	-0.0103539811	1.068895196e-06	1348.110812	-2.262224419e-13	224.1747342	0.2494947174	-13.31822887	225.0479776	223.7546442
	-0.0102710189	1.069077615e-06	1347.880556	-2.55116294e-13	224.2222344	0.2495902117	-13.82527823	225.1274576	223.7865874
	-0.01018838134	1.069265907e-06	1347.643636	-2.811046985e-13	224.2711913	0.2496887168	-14.34411907	225.2090357	223.8196516
	-0.01010671518	1.069458445e-06	1347.402084	-3.040496522e-13	224.3211834	0.2497893826	-14.87036816	225.2920168	223.853549
	-0.01002665956	1.069653416e-06	1347.158137	-3.239003194e-13	224.3717435	0.2498912652	-15.39927176	225.3756405	223.8879568
	-0.009948841034	1.069848853e-06	1346.914216	-3.406894078e-13	224.4223654	0.2499933392	-15.9257627	225.45909	223.9225218
	-0.009873868633	1.070042655e-06	1346.672884	-3.545270356e-13	224.4725108	0.250094513	-16.44452901	225.5415039	223.9568656
	-0.00980232912	1.070232628e-06	1346.436807	-3.655923247e-13	224.5216183	0.2501936466	-16.95009271	225.6219893	223.9905913
	-0.009734782389	1.070416521e-06	1346.208713	-3.74123018e-13	224.5691126	0.2502895708	-17.43689697	225.6996365	224.0232901
	-0.009671757085	1.070592065e-06	1345.991338	-3.80403485e-13	224.6144155	0.2503811093	-17.89939963	225.7735347	224.0545495
	-0.00961374647	1.070757021e-06	1345.787377	-3.847515257e-13	224.6569566	0.250467101	-18.33217069	225.8427891	224.0839611
	-0.009561204558	1.070909222e-06	1345.599432	-3.875044179e-13	224.6961846	0.2505464228	-18.72999132	225.9065374	224.1111289
	-0.009514542569	1.071046619e-06	1345.429961	-3.890046763e-13	224.7315782	0.2506180126	-19.08795197	225.9639665	224.1356778
	-0.009474125708	1.071167321e-06	1345.281226	-3.895859978e-13	224.7626573	0.2506808915	-19.40154685	226.014329	224.1572617
	-0.009440270321	1.071269638e-06	1345.155248	-3.895598567e-13	224.7889926	0.2507341842	-19.66676239	226.056958	224.1755705
	-0.009413241454	1.071352115e-06	1345.053761	-3.892031947e-13	224.8102153	0.2507771381	-19.88015707	226.0912811	224.1903374
	-0.009393250921	1.071413569e-06	1344.978182	-3.88747612e-13	224.8260244	0.2508091392	-20.03892983	226.1168319	224.2013446
	-0.009380456742	1.071453101e-06	1344.929579	-3.88370444e-13	224.8361928	0.250829724	-20.14096852	226.1332586	224.2084275
	-0.009375	1.07147001e-06	1344.908795	-3.881892596e-13	224.8405416	0.2508385281	-20.18458847	226.1402821	224.2114575

	-0.009375	1.071573408e-06	1344.807819	-4.104489286e-13	224.8666868	0.2508919055	-20.30279953	226.172469	224.2345982
	-0.009369543258	1.071589784e-06	1344.786122	-4.138311595e-13	224.8711119	0.2509006538	-20.35383587	226.1802034	224.2373911
	-0.009356749079	1.071628423e-06	1344.734976	-4.216861992e-13	224.8815464	0.2509212906	-20.4739621	226.1984219	224.2439859
	-0.009336758546	1.071689479e-06	1344.654292	-4.337486131e-13	224.8980163	0.250953886	-20.662957	226.227124	224.2544203
	-0.009309729679	1.071773355e-06	1344.543712	-4.496491194e-13	224.9206071	0.2509986386	-20.92101697	226.2663898	224.2687811
	-0.009275874292	1.071880563e-06	1344.402786	-4.689023488e-13	224.9494261	0.2510557983	-21.24834589	226.3163158	224.2871786
	-0.009235457431	1.072011676e-06	1344.231029	-4.909212346e-13	224.9845914	0.251125644	-21.64507373	226.3770001	224.3097383
	-0.009188795442	1.072167282e-06	1344.027968	-5.150351491e-13	225.0262206	0.2512084589	-22.11117007	226.448526	224.3365915
	-0.00913625353	1.072347926e-06	1343.793209	-5.40510699e-13	225.0744169	0.2513045015	-22.64634791	226.5309439	224.3678644
	-0.009078242915	1.072554053e-06	1343.526497	-5.665744769e-13	225.1292554	0.2514139759	-23.24996087	226.6242521	224.4036671
	-0.009015217611	1.072785945e-06	1343.227786	-5.924370466e-13	225.1907684	0.2515370003	-23.9208975	226.7283762	224.4440808
	-0.00894767088	1.073043662e-06	1342.897306	-6.173174128e-13	225.2589302	0.2516735749	-24.6574771	226.8431496	224.4891468
	-0.008876131367	1.073326979e-06	1342.535625	-6.404672101e-13	225.3336437	0.2518235529	-25.45735131	226.9682944	224.5388543
	-0.008801158966	1.073635335e-06	1342.143712	-6.611938579e-13	225.414727	0.2519866119	-26.31741576	227.1034042	224.5931304
	-0.00872334044	1.073967783e-06	1341.722981	-6.788819594e-13	225.5019028	0.2521622303	-27.23373577	227.2479293	224.65183
	-0.008643284824	1.074322956e-06	1341.275338	-6.930122763e-13	225.5947888	0.2523496677	-28.20148974	227.4011654	224.7147292
	-0.008561618662	1.074699033e-06	1340.803206	-7.031776914e-13	225.6928917	0.2525479508	-29.21493349	227.5622453	224.7815188
	-0.008478981103	1.075093728e-06	1340.309541	-7.090956589e-13	225.7956037	0.2527558659	-30.26738802	227.730136	224.8518014
	-0.008396018897	1.075504287e-06	1339.797829	-7.106167581e-13	225.902202	0.2529719573	-31.35125269	227.9036388	224.9250908
	-0.008313381338	1.075927497e-06	1339.272077	-7.077290845e-13	226.0118526	0.2531945339	-32.45804479	228.081396	225.0008133
	-0.008231715176	1.07635971e-06	1338.736774	-7.005583425e-13	226.1236159	0.253421682	-33.57846592	228.2619009	225.0783126
	-0.00815165956	1.076796887e-06	1338.19685	-6.893636403e-13	226.2364573	0.2536512859	-34.70249468	228.4435131	225.1568568
	-0.008073841034	1.077234647e-06	1337.657611	-6.745291203e-13	226.3492601	0.2538810549	-35.81950421	228.6244793	225.235648
	-0.007998868633	1.07766833e-06	1337.124664	-6.565516873e-13	226.4608412	0.2541085568	-36.91840253	228.8029563	225.3138342
	-0.00792732912	1.078093075e-06	1336.603833	-6.360252219e-13	226.5699705	0.2543312563	-37.98779278	228.9770396	225.3905237
	-0.007859782389	1.078503902e-06	1336.101056	-6.136217736e-13	226.6753906	0.2545465592	-39.01614978	229.1447937	225.4648002
	-0.007796757085	1.078895802e-06	1335.622286	-5.900703224e-13	226.7758405	0.2547518586	-39.99200882	229.3042853	225.5357404
	-0.00773874647	1.079263834e-06	1335.173379	-5.661337759e-13	226.870078	0.2549445843	-40.90416213	229.4536179	225.6024317
	-0.007686204558	1.079603224e-06	1334.75998	-5.425849218e-13	226.9569042	0.2551222532	-41.74185815	229.5909668	225.6639905
	-0.007639542569	1.079909455e-06	1334.387418	-5.201820881e-13	227.0351873	0.2552825191	-42.4949985	229.7146139	225.7195804
	-0.007599125708	1.080178368e-06	1334.060593	-4.99645276e-13	227.1038855	0.2554232207	-43.15432764	229.8229811	225.7684297
	-0.007565270321	1.080406243e-06	1333.783878	-4.816335133e-13	227.1620683	0.2555424271	-43.71161014	229.9146619	225.8098484
	-0.007538241454	1.080589885e-06	1333.56103	-4.667241472e-13	227.2089364	0.2556384786	-44.15979066	229.9884496	225.8432426
	-0.007518250921	1.080726685e-06	1333.39511	-4.5539478e-13	227.2438384	0.2557100217	-44.49313079	230.0433618	225.8681277
	-0.007505456742	1.080814676e-06	1333.288427	-4.480088989e-13	227.2662824	0.2557560348	-44.70730519	230.0786575	225.8841379
	-0.0075	1.080852308e-06	1333.24281	-4.448267651e-13	227.27588	0.2557757129	-44.7988487	230.0937471	225.890986

	-0.0075	1.081049919e-06	1333.043355	-8.141591414e-13	227.3270608	0.2558800852	-45.01937799	230.1562778	225.9365582
	-0.007494543258	1.081086678e-06	1332.995757	-8.127770852e-13	227.3368753	0.2558997351	-45.12602494	230.1728512	225.9429898
	-0.007481749079	1.081173359e-06	1332.883627	-8.095721317e-13	227.3599996	0.2559460606	-45.37686213	230.2118613	225.9581632
	-0.007461758546	1.081310184e-06	1332.706938	-8.046641005e-13	227.3964475	0.2560191539	-45.77099642	230.2732379	225.9821332
	-0.007434729679	1.081497874e-06	1332.465155	-7.982212018e-13	227.4463421	0.256119361	-46.30818137	230.3570474	226.0150507
	-0.007400874292	1.081737333e-06	1332.157626	-7.904643618e-13	227.5098343	0.256247113	-46.98798579	230.4633592	226.0571062
	-0.007360457431	1.082029558e-06	1331.783679	-7.81660446e-13	227.5870823	0.2564028812	-47.80965778	230.5922197	226.1085125
	-0.007313795442	1.08237554e-06	1331.342725	-7.72113768e-13	227.67823	0.2565871266	-48.77198495	230.7436233	226.1694866
	-0.00726125353	1.082776159e-06	1330.834371	-7.621563615e-13	227.7833818	0.2568002439	-49.87314014	230.9174817	226.240228
	-0.007203242915	1.083232055e-06	1330.258546	-7.521373439e-13	227.9025771	0.2570425007	-51.11051737	231.1135897	226.3208965
	-0.007140217611	1.083743514e-06	1329.615623	-7.424117127e-13	228.0357621	0.2573139752	-52.48056425	231.3315913	226.4115882
	-0.00707267088	1.084310343e-06	1328.906552	-7.333289258e-13	228.1827635	0.2576144939	-53.97861819	231.5709451	226.5123124
	-0.007001131367	1.084931747e-06	1328.132975	-7.252216257e-13	228.3432623	0.2579435715	-55.59875358	231.8308924	226.6229687
	-0.006926158966	1.085606231e-06	1327.297338	-7.183948649e-13	228.5167705	0.2583003572	-57.33364693	232.1104285	226.7433266
	-0.00684834044	1.086331497e-06	1326.402981	-7.131161696e-13	228.7026107	0.2586835868	-59.17446683	232.4082779	226.8730074
	-0.006768284824	1.087104377e-06	1325.454218	-7.096067562e-13	228.8999004	0.259091545	-61.11079482	232.7228763	227.0114692
	-0.006686618662	1.087920773e-06	1324.456381	-7.080341799e-13	229.1075409	0.259522039	-63.13058225	233.0523584	227.157997
	-0.006603981103	1.088775632e-06	1323.415847	-7.085066456e-13	229.3242119	0.2599723841	-65.22014758	233.3945543	227.3116962
	-0.006521018897	1.089662942e-06	1322.340032	-7.110691654e-13	229.5483727	0.2604394033	-67.36421702	233.7469934	227.4714921
	-0.006438381338	1.090575758e-06	1321.237355	-7.157016841e-13	229.7782688	0.2609194417	-69.5460103	234.1069174	227.636134
	-0.006356715176	1.091506258e-06	1320.117175	-7.223192362e-13	230.0119462	0.2614083945	-71.74737204	234.4713018	227.8042052
	-0.00627665956	1.092445824e-06	1318.98969	-7.307741329e-13	230.247271	0.2619017505	-73.94894755	234.8368861	227.9741381
	-0.006198841034	1.09338515e-06	1317.865818	-7.408601141e-13	230.4819564	0.2623946488	-76.13040075	235.2002123	228.1442343
	-0.006123868633	1.094314378e-06	1316.757041	-7.523183395e-13	230.7135934	0.2628819475	-78.27067036	235.55767	228.3126894
	-0.00605232912	1.095223254e-06	1315.675236	-7.648450356e-13	230.9396888	0.2633583048	-80.34825933	235.9055493	228.4776216
	-0.005984782389	1.096101298e-06	1314.632478	-7.781005621e-13	231.1577049	0.2638182679	-82.3415514	236.240098	228.6371048
	-0.005921757085	1.096937993e-06	1313.640835	-7.917196189e-13	231.3651039	0.2642563702	-84.22914761	236.5575832	228.7892027
	-0.00586374647	1.097722985e-06	1312.712152	-8.053222768e-13	231.5593937	0.2646672318	-85.99021496	236.8543552	228.932006
	-0.005811204558	1.098446275e-06	1311.857827	-8.185254912e-13	231.7381744	0.265045663	-87.60483874	237.1269128	229.0636695
	-0.005764542569	1.099098424e-06	1311.088599	-8.309547414e-13	231.8991846	0.2653867663	-89.05436998	237.371967	229.1824494
	-0.005724125708	1.099670745e-06	1310.414332	-8.422554328e-13	232.0403463	0.2656860355	-90.32175905	237.5865034	229.2867392
	-0.005690270321	1.100155476e-06	1309.84382	-8.521037095e-13	232.1598061	0.2659394478	-91.39186711	237.7678397	229.3751034
	-0.005663241454	1.100545953e-06	1309.384608	-8.602163326e-13	232.2559735	0.266143548	-92.25174648	237.9136776	229.446308
	-0.005643250921	1.100836739e-06	1309.04284	-8.663592909e-13	232.327553	0.2662955201	-92.89088007	238.0221481	229.4993467
	-0.005630456742	1.101023734e-06	1308.823153	-8.703546124e-13	232.3735674	0.2663932392	-93.30134662	238.0918422	229.5334598
	-0.005625	1.101103699e-06	1308.72923	-8.720737621e-13	232.3932407	0.2664350246	-93.47674698	238.1216314	229.5480489

	-0.005625	1.101418596e-06	1308.392566	-6.36532061e-13	232.4781565	0.2666086029	-93.82567425	238.2257294	229.6234477
	-0.005619543258	1.101497745e-06	1308.294614	-6.374812039e-13	232.4983969	0.2666506435	-94.02793134	238.2582492	229.6375206
	-0.005606749079	1.101684221e-06	1308.064084	-6.396990896e-13	232.5460314	0.2667496701	-94.50307091	238.3347056	229.6706788
	-0.005586758546	1.101978102e-06	1307.70146	-6.431433445e-13	232.6209577	0.2669056756	-95.2480348	238.4547528	229.7229424
	-0.005559729679	1.102380338e-06	1307.206453	-6.477592958e-13	232.7232319	0.2671190886	-96.26027573	238.6182032	229.7944889
	-0.005525874292	1.102892087e-06	1306.57879	-6.534746231e-13	232.852906	0.2673904256	-97.53626184	238.824779	229.8855358
	-0.005485457431	1.103514555e-06	1305.818358	-6.602008632e-13	233.0099973	0.2677202096	-99.07132635	239.074076	229.9963113
	-0.005438795442	1.104248822e-06	1304.925374	-6.678354434e-13	233.1944551	0.2681088824	-100.8595324	239.3655281	230.1270232
	-0.00538625353	1.105095648e-06	1303.900553	-6.762640374e-13	233.4061246	0.2685567064	-102.8935282	239.6983684	230.277823
	-0.005328242915	1.106055262e-06	1302.745306	-6.853631642e-13	233.6447073	0.2690636595	-105.164397	240.0715878	230.4487686
	-0.005265217611	1.107127148e-06	1301.461935	-6.950029505e-13	233.9097211	0.2696293258	-107.6615072	240.4838929	230.6397848
	-0.00519767088	1.108309829e-06	1300.05382	-7.050499798e-13	234.2004611	0.2702527886	-110.3723735	240.9336653	230.8506244
	-0.005126131367	1.109600661e-06	1298.525607	-7.153701473e-13	234.5159617	0.2709325274	-113.2825328	241.418924	231.0808314
	-0.005051158966	1.110995653e-06	1296.883367	-7.258314435e-13	234.8549638	0.2716663248	-116.3754476	241.937293	231.3297071
	-0.00497334044	1.112489299e-06	1295.134735	-7.363065871e-13	235.2158864	0.2724511875	-119.6324395	242.4859752	231.5962812
	-0.004893284824	1.114074459e-06	1293.289012	-7.466754409e-13	235.5968059	0.2732832831	-123.0326633	243.061735	231.8792885
	-0.004811618662	1.115742269e-06	1291.357228	-7.568271436e-13	235.9954427	0.2741578984	-126.5531247	243.6608907	232.1771538
	-0.004728981103	1.117482102e-06	1289.352165	-7.666619057e-13	236.4091572	0.2750694199	-130.1687475	244.2793175	232.4879836
	-0.004646018897	1.119281572e-06	1287.288327	-7.760924263e-13	236.8349554	0.2760113392	-133.8524922	244.9124618	232.8095677
	-0.004563381338	1.121126596e-06	1285.181868	-7.850448986e-13	237.269505	0.2769762846	-137.5755285	245.5553686	233.1393892
	-0.004481715176	1.123001503e-06	1283.050459	-7.93459588e-13	237.7091611	0.2779560784	-141.3074609	246.2027194	233.4746444
	-0.00440165956	1.124889194e-06	1280.913121	-8.012909768e-13	238.1500023	0.2789418209	-145.0166057	246.8488838	233.8122717
	-0.004323841034	1.126771352e-06	1278.789994	-8.085074846e-13	238.5878771	0.2799239984	-148.6703169	247.48798	234.1489891
	-0.004248868633	1.1286287e-06	1276.702081	-8.150907875e-13	239.0184572	0.2808926135	-152.2353539	248.1139478	234.4813402
	-0.00417732912	1.130441285e-06	1274.670939	-8.210347693e-13	239.4373007	0.2818373361	-155.6782876	248.7206282	234.8057464
	-0.004109782389	1.132188814e-06	1272.718356	-8.263441505e-13	239.8399193	0.2827476699	-158.9659339	249.3018513	235.1185658
	-0.004046757085	1.133850996e-06	1270.865986	-8.310328507e-13	240.2218522	0.2836131311	-162.065809	249.8515292	235.4161561
	-0.00398874647	1.13540791e-06	1269.134991	-8.351221462e-13	240.5787412	0.2844234362	-164.9465945	250.3637514	235.6949403
	-0.003936204558	1.136840378e-06	1267.545658	-8.386386921e-13	240.9064078	0.2851686913	-167.5786026	250.8328814	235.9514739
	-0.003889542569	1.13813033e-06	1266.117037	-8.416124812e-13	241.2009293	0.2858395813	-169.9342318	251.2536518	236.1825112
	-0.003849125708	1.139261165e-06	1264.866581	-8.440748116e-13	241.4587121	0.2864275507	-171.9884017	251.6212552	236.3850691
	-0.003815270321	1.140218079e-06	1263.809814	-8.460563366e-13	241.6765592	0.2869249744	-173.7189557	251.9314291	236.5564876
	-0.003788241454	1.140988367e-06	1262.960035	-8.475852626e-13	241.8517329	0.287325311	-175.1070233	252.1805321	236.6944835
	-0.003768250921	1.141561685e-06	1262.328056	-8.486857551e-13	241.9820069	0.2876232344	-176.1373262	252.3656093	236.7971975
	-0.003755456742	1.141930227e-06	1261.922029	-8.493765618e-13	242.065703	0.2878147277	-176.7983784	252.4844361	236.8632267
	-0.00375	1.142087794e-06	1261.748488	-8.496679818e-13	242.1014754	0.2878965943	-177.0807093	252.535205	236.8914574

	-0.00375	1.142415526e-06	1261.341688	-1.170224362e-12	242.1988805	0.288095072	-177.5377326	252.6647806	236.9729082
	-0.003744543258	1.142574228e-06	1261.16161	-1.164759943e-12	242.2357857	0.2881782525	-177.8529856	252.7190784	237.0010703
	-0.003731749079	1.142947645e-06	1260.738375	-1.152003167e-12	242.3225087	0.2883739414	-178.5922095	252.8465453	237.0673117
	-0.003711758546	1.143534798e-06	1260.074237	-1.132226579e-12	242.4585529	0.2886815498	-179.7474057	253.0461494	237.1714044
	-0.003684729679	1.14433585e-06	1259.170745	-1.105788531e-12	242.6435467	0.2891010498	-181.3096767	253.3168858	237.3132948
	-0.003650874292	1.145350852e-06	1258.03011	-1.073162266e-12	242.8769675	0.2896323195	-183.2670882	253.6573872	237.4928844
	-0.003610457431	1.146579512e-06	1256.655369	-1.034924999e-12	243.1581093	0.2902750285	-185.6046891	254.0659002	237.7099928
	-0.003563795442	1.148020953e-06	1255.050556	-9.917434971e-13	243.4860522	0.2910285186	-188.3046087	254.5402692	237.9643204
	-0.00351125353	1.149673448e-06	1253.220876	-9.443574074e-13	243.859629	0.2918916716	-191.3461816	255.0779206	238.2554065
	-0.003453242915	1.151534133e-06	1251.1729	-8.935609322e-13	244.2773912	0.292862769	-194.7060935	255.6758465	238.5825853
	-0.003390217611	1.153598716e-06	1248.91475	-8.401833887e-13	244.7375737	0.2939393478	-198.358549	256.3305915	238.9449405
	-0.00332267088	1.155861187e-06	1246.456288	-7.850692298e-13	245.2380619	0.295118059	-202.2754571	257.0382412	239.3412615
	-0.003251131367	1.158313551e-06	1243.809279	-7.290581046e-13	245.7763615	0.2963945357	-206.426636	257.7944149	239.7700016
	-0.003176158966	1.160945585e-06	1240.987535	-6.729655294e-13	246.3495738	0.2977632752	-210.7800343	258.5942638	240.2292418
	-0.00309834044	1.163744641e-06	1238.007022	-6.175647223e-13	246.9543774	0.2992175415	-215.301968	259.4324756	240.7166609
	-0.003018284824	1.166695491e-06	1234.885924	-5.635701089e-13	247.5870173	0.3007492947	-219.9573725	260.3032865	241.2295136
	-0.002936618662	1.169780242e-06	1231.644664	-5.116229568e-13	248.2433043	0.3023491486	-224.7100665	261.2005011	241.7646193
	-0.002853981103	1.172978313e-06	1228.305869	-4.622795241e-13	248.9186239	0.3040063632	-229.5230271	262.117522	242.3183601
	-0.002771018897	1.176266483e-06	1224.894277	-4.160020286e-13	249.6079555	0.3057088734	-234.3586745	263.0473878	242.8866919
	-0.002688381338	1.179619018e-06	1221.436589	-3.731526544e-13	250.3059044	0.3074433548	-239.1791632	263.9828211	243.4651667
	-0.002606715176	1.18300787e-06	1217.961258	-3.339907179e-13	251.0067431	0.3091953278	-243.9466783	264.9162853	244.0489675
	-0.00252665956	1.186402958e-06	1214.498224	-2.986730133e-13	251.7044649	0.3109492998	-248.6237339	265.8400503	244.6329552
	-0.002448841034	1.189772508e-06	1211.078593	-2.672572636e-13	252.3928473	0.3126889417	-253.1734721	266.7462663	245.2117262
	-0.002373868633	1.193083469e-06	1207.734271	-2.397085008e-13	253.0655239	0.3143972969	-257.5599596	267.6270447	245.7796814
	-0.00230232912	1.196301978e-06	1204.49755	-2.159081144e-13	253.7160658	0.3160570187	-261.7484785	268.4745447	246.3311028
	-0.002234782389	1.199393877e-06	1201.400666	-1.956652223e-13	254.3380671	0.3176506301	-265.7058109	269.281064	246.8602382
	-0.002171757085	1.202325254e-06	1198.475333	-1.78729948e-13	254.9252371	0.3191608009	-269.4005118	270.0391328	247.3613914
	-0.00211374647	1.205063018e-06	1195.752257	-1.648081341e-13	255.4714935	0.320570635	-272.8031704	270.7416084	247.829015
	-0.002061204558	1.207575474e-06	1193.260655	-1.535769758e-13	255.9710565	0.3218639613	-275.8866555	271.3817689	248.2578046
	-0.002014542569	1.209832887e-06	1191.027777	-1.447010377e-13	256.4185412	0.3230256208	-278.6263437	271.9534036	248.642792
	-0.001974125708	1.211808036e-06	1189.078454	-1.378481066e-13	256.8090455	0.3240417423	-281.0003266	272.4508997	248.9794342
	-0.001940270321	1.21347672e-06	1187.434671	-1.327043421e-13	257.1382324	0.3249000003	-282.9895969	272.8693215	249.2636966
	-0.001913241454	1.214818222e-06	1186.115187	-1.289882187e-13	257.4024035	0.3255898469	-284.5782082	273.2044808	249.4921281
	-0.001893250921	1.215815701e-06	1185.135215	-1.264627996e-13	257.5985614	0.3261027106	-285.7534026	273.4529967	249.6619254
	-0.001880456742	1.216456467e-06	1184.506199	-1.249460265e-13	257.7244516	0.3264321336	-286.5056564	273.612332	249.7709767
	-0.001875	1.216730317e-06	1184.23749	-1.2432275e-13	257.7782264	0.3265729143	-286.8265215	273.6803558	249.8175774

	-0.001875	1.21671644e-06	1184.054967	-2.320517404e-13	257.8103599	0.3266098984	-287.3966709	273.7692729	249.8216313
	-0.001869543258	1.216996216e-06	1183.781155	-2.295888862e-13	257.8653023	0.3267538412	-287.7201377	273.8384111	249.8694186
	-0.001856749079	1.217653469e-06	1183.138599	-2.238923144e-13	257.9942069	0.3270919636	-288.4766091	274.00047	249.9816122
	-0.001836758546	1.21868398e-06	1182.133048	-2.152104332e-13	258.1958518	0.3276220273	-289.6531091	274.2535525	250.1573295
	-0.001809729679	1.220084241e-06	1180.770402	-2.038961808e-13	258.4689482	0.3283421252	-291.233239	274.5954897	250.3957246
	-0.001775874292	1.221849391e-06	1179.058642	-1.904126552e-13	258.8117582	0.3292496207	-293.1952665	275.0233799	250.6956446
	-0.001735457431	1.223973001e-06	1177.007907	-1.753182856e-13	259.2220845	0.3303410458	-295.5125237	275.5336048	251.0556065
	-0.001688795442	1.22644689e-06	1174.630524	-1.592483806e-13	259.6972709	0.3316120105	-298.1539599	276.1218642	251.4737808
	-0.00163625353	1.22926092e-06	1171.941027	-1.428940127e-13	260.2342054	0.3330571065	-301.0847867	276.783219	251.9479745
	-0.001578242915	1.232402791e-06	1168.956175	-1.269789516e-13	260.8293256	0.3346698078	-304.2671899	277.5121399	252.4756143
	-0.001515217611	1.23585783e-06	1165.69495	-1.122353875e-13	261.4786265	0.3364423717	-307.6610907	278.3025619	253.0537314
	-0.00144767088	1.239608796e-06	1162.178551	-9.937921598e-14	262.1776715	0.3383657474	-311.2249328	279.1479427	253.6789485
	-0.001376131367	1.24363571e-06	1158.430359	-8.90856735e-14	262.9216066	0.3404294958	-314.9164766	280.0413257	254.3474699
	-0.001301158966	1.247915719e-06	1154.475887	-8.196609926e-14	263.7051797	0.3426217273	-318.6935775	280.975404	255.0550774
	-0.00122334044	1.252423e-06	1150.342694	-7.8546567e-14	264.5227635	0.3449290615	-322.5149302	281.9425886	255.7971317
	-0.001143284824	1.25712873e-06	1146.060282	-7.924907207e-14	265.3683838	0.347336614	-326.3407589	282.9350755	256.56858
	-0.001061618662	1.262001101e-06	1141.65995	-8.437587998e-14	266.2357529	0.3498280136	-330.1334365	283.9449147	257.3639727
	-0.0009789811026	1.26700542e-06	1137.174618	-9.409754504e-14	267.1183088	0.3523854535	-333.8580197	284.9640781	258.1774872
	-0.0008960188974	1.272104266e-06	1132.63862	-1.08444993e-13	268.0092594	0.3549897774	-337.4826867	285.9845258	259.0029609
	-0.0008133813382	1.277257734e-06	1128.087456	-1.273059355e-13	268.9016315	0.357620603	-340.9790694	286.9982714	259.8339336
	-0.0007317151761	1.282423746e-06	1123.557516	-1.504257492e-13	269.7883264	0.3602564813	-344.322476	287.9974444	260.6636972
	-0.0006516595599	1.287558432e-06	1119.08577	-1.774128116e-13	270.6621781	0.3628750912	-347.4920002	288.9743499	261.4853553
	-0.0005738410337	1.292616583e-06	1114.709433	-2.077481484e-13	271.516017	0.3654534673	-350.4705207	289.9215247	262.2918894
	-0.0004988686334	1.297552162e-06	1110.465602	-2.407991118e-13	272.3427362	0.3679682566	-353.2445953	290.83179	263.0762322
	-0.0004273291202	1.302318866e-06	1106.39088	-2.758366793e-13	273.1353601	0.3703960008	-355.8042573	291.6983008	263.8313469
	-0.0003597823888	1.306870727e-06	1102.520979	-3.120558559e-13	273.8871155	0.3727134374	-358.1427271	292.5145899	264.5503095
	-0.0002967570852	1.311162741e-06	1098.890327	-3.485985576e-13	274.5915015	0.3748978152	-360.2560506	293.2746095	265.2263956
	-0.0002387464699	1.31515152e-06	1095.531664	-3.845782802e-13	275.2423604	0.3769272166	-362.1426824	293.9727673	265.8531668
	-0.0001862045583	1.318795927e-06	1092.475652	-4.191057991e-13	275.8339456	0.3787808795	-363.803029	294.6039594	266.424557
	-0.0001395425687	1.322057718e-06	1089.750503	-4.513151127e-13	276.3609873	0.3804395124	-365.2389716	295.1635991	266.9349561
	-9.912570751e-05	1.324902138e-06	1087.381615	-4.803888314e-13	276.8187532	0.3818855945	-366.4533867	295.6476412	267.3792896
	-6.527032127e-05	1.327298483e-06	1085.391256	-5.055822288e-13	277.203105	0.3831036546	-367.4496823	296.0526038	267.7530917
	-3.824145387e-05	1.329220603e-06	1083.79827	-5.262452025e-13	277.5105472	0.3840805205	-368.2313662	296.3755849	268.0525709
	-1.825092067e-05	1.330647324e-06	1082.617838	-5.418413921e-13	277.7382684	0.3848055301	-368.8016622	296.6142755	268.2746651
	-5.456741744e-06	1.331562728e-06	1081.861338	-5.519632034e-13	277.8841631	0.3852706695	-369.1631611	296.7669573	268.4170756
	0	1.331953692e-06	1081.53845	-5.563134308e-13	277.9464232	0.3854693194	-369.3165107	296.8320567	268.4778775

	0	1.331308418e-06	1081.871691	-8.455420613e-13	277.8561318	0.3851574163	-369.9422247	296.8060129	268.3558742
	5.456741744e-06	1.331706692e-06	1081.553277	-8.409671247e-13	277.9183252	0.3853590194	-370.0350086	296.8671684	268.4185361
	1.825092067e-05	1.332640835e-06	1080.807054	-8.303247915e-13	278.0640552	0.3858318687	-370.2498198	297.0103519	268.5654218
	3.824145387e-05	1.33410132e-06	1079.642078	-8.139331073e-13	278.291496	0.3865711293	-370.5777793	297.2334966	268.794828
	6.527032127e-05	1.336077791e-06	1078.068829	-7.92229086e-13	278.598514	0.3875715386	-371.0063217	297.5340911	269.1048136
	9.912570751e-05	1.338556323e-06	1076.101306	-7.657877105e-13	278.9822616	0.3888260222	-371.518954	297.9087951	269.4927811
	0.0001395425687	1.341519404e-06	1073.756936	-7.353056992e-13	279.4392001	0.3903256846	-372.0957772	298.3534846	269.9554897
	0.0001862045583	1.344946003e-06	1071.056375	-7.015808782e-13	279.9651429	0.3920598449	-372.7141353	298.8633191	270.4890853
	0.0002387464699	1.348811662e-06	1068.023284	-6.654884915e-13	280.5553064	0.394016086	-373.3493589	299.432822	271.0891377
	0.0002967570852	1.353088617e-06	1064.684061	-6.279552609e-13	281.2043689	0.3961803149	-373.9755779	300.0559697	271.7506827
	0.0003597823888	1.357745932e-06	1061.067554	-5.899320068e-13	281.9065334	0.3985368356	-374.5665764	300.7262875	272.4682698
	0.0004273291202	1.362749666e-06	1057.204746	-5.523656783e-13	282.6555961	0.4010684324	-375.0966644	301.4369503	273.2360131
	0.0004988686334	1.368063059e-06	1053.128436	-5.161716546e-13	283.4450164	0.4037564666	-375.5415366	302.1808853	274.0476456
	0.0005738410337	1.373646744e-06	1048.872895	-4.822071659e-13	284.2679898	0.4065809853	-375.8790925	302.9508748	274.8965766
	0.0006516595599	1.379458986e-06	1044.47353	-4.512466525e-13	285.1175203	0.4095208445	-376.0901912	303.7396557	275.7759509
	0.0007317151761	1.385455947e-06	1039.966534	-4.239598119e-13	285.986493	0.4125538433	-376.1593164	304.5400157	276.6787084
	0.0008133813382	1.39159198e-06	1035.388556	-4.008930041e-13	286.8677436	0.4156568736	-376.0751314	305.3448816	277.5976455
	0.0008960188974	1.39781994e-06	1030.776365	-3.824545779e-13	287.7541268	0.4188060806	-375.8309047	306.1474003	278.5254757
	0.0009789811026	1.404091534e-06	1026.166536	-3.689045564e-13	288.6385789	0.421977036	-375.424794	306.9410096	279.4548892
	0.001061618662	1.410357677e-06	1021.595146	-3.60348987e-13	289.5141781	0.425144923	-374.8599777	307.7194986	280.3786123
	0.001143284824	1.416568881e-06	1017.097495	-3.567391111e-13	290.3741978	0.4282847297	-374.14463	308.4770557	281.2894635
	0.00122334044	1.422675655e-06	1012.707844	-3.578753615e-13	291.2121558	0.4313714524	-373.2917398	309.2083061	282.180409
	0.001301158966	1.428628919e-06	1008.459172	-3.634160418e-13	292.021857	0.434380304	-372.3187777	309.9083358	283.0446141
	0.001376131367	1.43438043e-06	1004.382967	-3.728903996e-13	292.7974309	0.4372869285	-371.2472227	310.5727055	283.8754929
	0.00144767088	1.439883209e-06	1000.509032	-3.857156631e-13	293.5333625	0.4400676162	-370.1019602	311.1974521	284.666754
	0.001515217611	1.445091972e-06	996.8653148	-4.012174946e-13	294.2245183	0.4426995196	-368.9105723	311.7790818	285.4124433
	0.001578242915	1.449963552e-06	993.4777679	-4.186532001e-13	294.8661673	0.4451608658	-367.7025399	312.3145534	286.1069828
	0.00163625353	1.454457315e-06	990.3702226	-4.372369565e-13	295.4539961	0.447431164	-366.5083821	312.8012549	286.7452069
	0.001688795442	1.45853555e-06	987.5642871	-4.561662499e-13	295.9841212	0.449491404	-365.3587597	313.2369748	287.3223934
	0.001735457431	1.462163852e-06	985.0792623	-4.746486853e-13	296.4530966	0.4513242436	-364.2835687	313.6198695	287.8342928
	0.001775874292	1.46531146e-06	982.9320738	-4.919283152e-13	296.8579187	0.4529141825	-363.311054	313.9484285	288.2771526
	0.001809729679	1.467951577e-06	981.1372192	-5.073106498e-13	297.1960292	0.4542477189	-362.4669687	314.2214399	288.6477391
	0.001836758546	1.470061644e-06	979.7067279	-5.201855487e-13	297.4653155	0.4553134874	-361.7738068	314.4379571	288.9433545
	0.001856749079	1.471623559e-06	978.6501388	-5.300472195e-13	297.6641091	0.4561023706	-361.2501348	314.5972678	289.1618503
	0.001869543258	1.472623788e-06	977.9745344	-5.365102665e-13	297.7911741	0.4566075516	-360.9100653	314.6988603	289.3016274
	0.001875	1.473050527e-06	977.6865363	-5.393027296e-13	297.8453284	0.4568230802	-360.7638585	314.7421023	289.3612276

	0.001875	1.47220134e-06	978.3089029	-6.464094936e-13	297.7118122	0.4563550663	-360.9189437	314.6121785	289.2259855
	0.001880456742	1.472626835e-06	978.0326057	-6.468576518e-13	297.7648212	0.4565691385	-360.7067898	314.6504542	289.2863426
	0.001893250921	1.473623583e-06	977.3857114	-6.479142873e-13	297.8889234	0.4570706239	-360.2082911	314.7400054	289.4276771
	0.001913241454	1.475178465e-06	976.3775607	-6.495816947e-13	298.0823087	0.4578529444	-359.4263961	314.879388	289.6479978
	0.001940270321	1.477275933e-06	975.0195042	-6.518680575e-13	298.3427718	0.4589083108	-358.3633811	315.0668001	289.9448999
	0.001974125708	1.479895262e-06	973.3266376	-6.547835946e-13	298.6673806	0.4602263383	-357.0224345	315.2998515	290.3151832
	0.002014542569	1.483010756e-06	971.3176002	-6.583395116e-13	299.0525162	0.4617941513	-355.4078353	315.5756027	290.7548927
	0.002061204558	1.486592107e-06	969.0142676	-6.625468374e-13	299.4939332	0.4635965582	-353.5251188	315.8906225	291.2593803
	0.00211374647	1.490604808e-06	966.4413906	-6.674151216e-13	299.9868317	0.4656162603	-351.3812576	316.2410536	291.823379
	0.002171757085	1.49501063e-06	963.6261914	-6.729510311e-13	300.5259361	0.4678340864	-348.9848488	316.6226869	292.441085
	0.002234782389	1.499768128e-06	960.5979297	-6.791568993e-13	301.1055814	0.4702292479	-346.3463033	317.0310397	293.1062466
	0.00230232912	1.504833191e-06	957.3874481	-6.860292811e-13	301.7198019	0.4727796087	-343.478025	317.4614379	293.8122572
	0.002373868633	1.510159595e-06	954.0267069	-6.935575695e-13	302.3624231	0.4754619639	-340.394571	317.9090985	294.552251
	0.002448841034	1.515699571e-06	950.5483215	-7.0172273e-13	303.0271525	0.4782523235	-337.1127846	318.3692114	295.3191986
	0.00252665956	1.521404376e-06	946.9851089	-7.104962033e-13	303.7076683	0.4811261934	-333.6518909	318.8370177	296.1060002
	0.002606715176	1.527224832e-06	943.3696569	-7.198390241e-13	304.3977042	0.4840588498	-330.0335487	319.3078833	296.9055763
	0.002688381338	1.533111861e-06	939.7339216	-7.297011987e-13	305.0911271	0.4870256029	-326.2818499	319.7773654	297.7109513
	0.002771018897	1.539016976e-06	936.1088632	-7.400213734e-13	305.7820088	0.4900020444	-322.4232636	320.2412709	298.5153304
	0.002853981103	1.544892735e-06	932.5241255	-7.507268199e-13	306.4646876	0.4929642752	-318.4865188	320.695706	299.3121689
	0.002936618662	1.550693152e-06	929.0077639	-7.617337536e-13	307.1338205	0.4958891119	-314.502426	321.1371138	300.0952302
	0.003018284824	1.556374058e-06	925.586026	-7.729479891e-13	307.7844254	0.4987542678	-310.5036355	321.5623033	300.8586356
	0.00309834044	1.561893405e-06	922.2831859	-7.842659285e-13	308.4119117	0.5015385089	-306.5243367	321.9684654	301.5969017
	0.003176158966	1.567211521e-06	919.1214325	-7.955758672e-13	309.0121008	0.5042217825	-302.5998992	322.353179	302.3049685
	0.003251131367	1.572291314e-06	916.1208101	-8.067595901e-13	309.5812361	0.5067853199	-298.7664648	322.714406	302.9782163
	0.00332267088	1.577098416e-06	913.2992086	-8.176942254e-13	310.1159825	0.5092117139	-295.0604945	323.0504771	303.6124732
	0.003390217611	1.581601284e-06	910.6723981	-8.282543099e-13	310.6134181	0.5114849716	-291.5182817	323.3600689	304.2040132
	0.003453242915	1.58577126e-06	908.2541029	-8.383140174e-13	311.0710171	0.5135905461	-288.1754399	323.6421727	304.7495471
	0.00351125353	1.589582587e-06	906.0561075	-8.477494924e-13	311.4866272	0.5155153493	-285.0663782	323.8960591	305.246206
	0.003563795442	1.593012398e-06	904.0883875	-8.564412293e-13	311.8584417	0.5172477478	-282.2237737	324.1212366	305.6915203
	0.003610457431	1.596040674e-06	902.3592575	-8.642764337e-13	312.1849684	0.518777547	-279.6780557	324.3174097	306.0833943
	0.003650874292	1.59865019e-06	900.8755275	-8.711513038e-13	312.4649968	0.5200959656	-277.4569115	324.4844345	306.4200795
	0.003684729679	1.600826445e-06	899.6426598	-8.769731676e-13	312.6975658	0.5211956046	-275.5848283	324.6222767	306.7001471
	0.003711758546	1.60255759e-06	898.6649202	-8.816624172e-13	312.8819326	0.5220704121	-274.0826812	324.730972	306.9224607
	0.003731749079	1.603834349e-06	897.9455176	-8.851541683e-13	313.0175432	0.522715647	-272.967384	324.8105903	307.0861517
	0.003744543258	1.604649885e-06	897.4867572	-8.873994556e-13	313.1040023	0.5231278141	-272.251657	324.8612022	307.1905891
	0.00375	1.604997331e-06	897.2914905	-8.883595738e-13	313.1407981	0.5233034164	-271.9459414	324.8827064	307.2350543

	0.00375	1.604618876e-06	897.6785454	-6.846216978e-13	313.0731533	0.5230670049	-271.5827122	324.7703625	307.1894233
	0.003755456742	1.604959254e-06	897.490505	-6.861673171e-13	313.1090056	0.5232385818	-271.2618436	324.7899266	307.2334447
	0.003768250921	1.605755977e-06	897.0505158	-6.897779394e-13	313.1928964	0.5236401956	-270.5100547	324.8356763	307.336465
	0.003788241454	1.606997052e-06	896.3655737	-6.953820397e-13	313.3234949	0.5242658114	-269.3369146	324.9068181	307.4968849
	0.003815270321	1.608667759e-06	895.4443775	-7.028867419e-13	313.4991475	0.5251080233	-267.7536561	325.0023468	307.7127264
	0.003849125708	1.610748536e-06	894.2984719	-7.121692589e-13	313.7176591	0.5261569906	-265.7752669	325.1209306	307.9813633
	0.003889542569	1.613215271e-06	892.9420597	-7.230795431e-13	313.9763292	0.5274005817	-263.4203564	325.260936	308.2995617
	0.003936204558	1.616039722e-06	891.3917322	-7.354438363e-13	314.2720029	0.528824587	-260.7109208	325.4204616	308.66354
	0.00398874647	1.619190019e-06	889.6661539	-7.490687807e-13	314.6011304	0.5304129688	-257.6720616	325.5973786	309.0690381
	0.004046757085	1.622631215e-06	887.7857127	-7.637459472e-13	314.9598336	0.5321481394	-254.3316684	325.7893744	309.5113949
	0.004109782389	1.62632588e-06	885.7721454	-7.792566463e-13	315.3439769	0.5340112598	-250.720072	325.9940002	309.9856312
	0.00417732912	1.630234725e-06	883.6481484	-7.953768826e-13	315.7492415	0.5359825512	-246.8696767	326.2087191	310.4865364
	0.004248868633	1.634317233e-06	881.4369831	-8.118823138e-13	316.1711995	0.5380416124	-242.8145772	326.430956	311.0087554
	0.004323841034	1.638532283e-06	879.1620869	-8.285530736e-13	316.6053885	0.5401677346	-238.5901681	326.6581448	311.546876
	0.00440165956	1.642838762e-06	876.8466975	-8.45178326e-13	317.0473822	0.5423402074	-234.2327527	326.8877749	312.0955123
	0.004481715176	1.647196138e-06	874.5135021	-8.615604263e-13	317.4928575	0.5445386074	-229.7791575	327.1174337	312.6493839
	0.004563381338	1.651564993e-06	872.1843166	-8.77518578e-13	317.9376554	0.5467430656	-225.266359	327.3448444	313.2033875
	0.004646018897	1.655907495e-06	869.8798038	-8.928918902e-13	318.3778342	0.5489345057	-220.7311278	327.5678993	313.7526612
	0.004728981103	1.660187809e-06	867.619236	-9.07541762e-13	318.8097149	0.5510948506	-216.2096958	327.7846858	314.2926391
	0.004811618662	1.664372436e-06	865.4203051	-9.213535383e-13	319.2299176	0.5532071928	-211.7374494	327.9935074	314.8190952
	0.004893284824	1.668430475e-06	863.2989846	-9.34237407e-13	319.6353875	0.5552559262	-207.3486524	328.1928964	315.3281764
	0.00497334044	1.672333804e-06	861.2694428	-9.461285308e-13	320.0234117	0.5572268403	-203.0762012	328.3816204	315.8164244
	0.005051158966	1.676057192e-06	859.3440081	-9.569864301e-13	320.3916261	0.5591071736	-198.9514127	328.5586817	316.2807863
	0.005126131367	1.679578326e-06	857.5331837	-9.667936563e-13	320.7380127	0.5608856304	-195.003845	328.7233101	316.7186148
	0.00519767088	1.682877772e-06	855.8457081	-9.755538191e-13	321.0608888	0.5625523628	-191.2611517	328.8749496	317.1276574
	0.005265217611	1.685938877e-06	854.2886562	-9.832890469e-13	321.3588874	0.56409892	-187.7489666	329.0132401	317.5060381
	0.005328242915	1.688747609e-06	852.8675758	-9.900369804e-13	321.6309324	0.5655181713	-184.4908174	329.1379942	317.8522301
	0.00538625353	1.69129236e-06	851.5866514	-9.9584741e-13	321.8762071	0.5668042063	-181.508065	329.2491706	318.1650233
	0.005438795442	1.693563709e-06	850.4488884	-1.000778681e-12	322.0941201	0.5679522188	-178.8198662	329.3468456	318.4434867
	0.005485457431	1.695554173e-06	849.4563088	-1.004893992e-12	322.284268	0.5689583802	-176.4431541	329.4311826	318.6869282
	0.005525874292	1.697257936e-06	848.6101504	-1.008257722e-12	322.4463983	0.5698197081	-174.3926348	329.5024019	318.894854
	0.005559729679	1.698670597e-06	847.9110617	-1.010931904e-12	322.5803722	0.5705339368	-172.6807935	329.5607515	319.0669277
	0.005586758546	1.699788921e-06	847.3592838	-1.012972981e-12	322.6861309	0.5710993943	-171.3179109	329.6064798	319.202933
	0.005606749079	1.70061061e-06	846.9548152	-1.014428933e-12	322.7636639	0.5715148898	-170.3120868	329.6398116	319.3027388
	0.005619543258	1.701134082e-06	846.6975686	-1.015336828e-12	322.8129798	0.5717795997	-169.6693127	329.6609262	319.366266
	0.005625	1.701356769e-06	846.5882366	-1.015718365e-12	322.8339405	0.5718922111	-169.3953975	329.6698798	319.3932774

	0.005625	1.701470379e-06	846.614193	-5.219644239e-13	322.8371415	0.5719360708	-169.0320909	329.6424148	319.4114672
	0.005630456742	1.701689009e-06	846.5050584	-5.274736779e-13	322.8578066	0.5720464811	-168.7739988	329.6517933	319.4378304
	0.005643250921	1.702200534e-06	846.2497873	-5.40291932e-13	322.9061458	0.5723048034	-168.1697692	329.6737147	319.4995068
	0.005663241454	1.702996725e-06	845.8526513	-5.600420819e-13	322.9813553	0.572706876	-167.2282249	329.7077748	319.5954916
	0.005690270321	1.704067327e-06	845.319021	-5.862068502e-13	323.0824265	0.5732475089	-165.9601174	329.7534561	319.7245289
	0.005724125708	1.705398729e-06	844.656017	-6.181055542e-13	323.2080216	0.573919816	-164.379742	329.8100731	319.8849526
	0.005764542569	1.706974196e-06	843.8723841	-6.549131891e-13	323.3564976	0.5747153294	-162.5047415	329.8767869	320.0747149
	0.005811204558	1.708774188e-06	842.9783147	-6.956847083e-13	323.5259385	0.5756241633	-160.3558104	329.9526232	320.291426
	0.00586374647	1.710776737e-06	841.9852432	-7.393829117e-13	323.7141946	0.5766352046	-157.9563466	330.0364944	320.5324012
	0.005921757085	1.712957864e-06	840.9056177	-7.849089897e-13	323.9189243	0.5777363248	-155.3320629	330.1272232	320.7947125
	0.005984782389	1.715292029e-06	839.7526568	-8.311347646e-13	324.1376399	0.5789146066	-152.5105699	330.2235685	321.0752444
	0.00605232912	1.717752594e-06	838.540097	-8.769356351e-13	324.3677545	0.5801565793	-149.5209381	330.3242514	321.3707512
	0.006123868633	1.72031229e-06	837.2819382	-9.212232109e-13	324.6066298	0.5814484568	-146.393253	330.4279816	321.677915
	0.006198841034	1.722943687e-06	835.9921929	-9.629766369e-13	324.8516229	0.5827763726	-143.1581703	330.5334834	321.9934038
	0.00627665956	1.725619633e-06	834.6846468	-1.001271648e-12	325.1001309	0.584126606	-139.8464827	330.6395199	322.3139258
	0.006356715176	1.728313676e-06	833.372635	-1.035306473e-12	325.3496331	0.5854857928	-136.4887085	330.7449157	322.6362813
	0.006438381338	1.731000442e-06	832.0688414	-1.064423791e-12	325.5977282	0.586841118	-133.1147085	330.8485771	322.9574093
	0.006521018897	1.733655965e-06	830.7851235	-1.088128097e-12	325.8421676	0.5881804834	-129.7533408	330.9495086	323.2744279
	0.006603981103	1.736257972e-06	829.5323678	-1.106097936e-12	326.0808823	0.5894926497	-126.4321579	331.0468266	323.5846689
	0.006686618662	1.738786097e-06	828.320379	-1.118192671e-12	326.312004	0.5907673473	-123.1771528	331.1397696	323.8857043
	0.006768284824	1.741222048e-06	827.1578026	-1.124453578e-12	326.5338797	0.5919953571	-120.0125548	331.2277037	324.1753653
	0.00684834044	1.743549695e-06	826.0520839	-1.125099282e-12	326.7450801	0.5931685591	-116.9606793	331.3101249	324.4517532
	0.006926158966	1.745755112e-06	825.0094611	-1.12051568e-12	326.9444006	0.594279949	-114.0418297	331.386657	324.7132432
	0.007001131367	1.747826548e-06	824.0349923	-1.111240706e-12	327.1308573	0.5953236253	-111.2742503	331.4570467	324.95848
	0.00707267088	1.749754347e-06	823.1326124	-1.097944436e-12	327.3036762	0.5962947478	-108.6741271	331.521154	325.1863669
	0.007140217611	1.751530821e-06	822.305218	-1.081405177e-12	327.4622782	0.597189472	-106.2556325	331.5789413	325.3960485
	0.007203242915	1.753150077e-06	821.5547747	-1.062482307e-12	327.6062595	0.5980048614	-104.0310071	331.6304584	325.5868887
	0.00726125353	1.754607812e-06	820.8824428	-1.042086743e-12	327.7353682	0.5987387833	-102.0106732	331.6758273	325.7584442
	0.007313795442	1.755901087e-06	820.2887152	-1.021149982e-12	327.8494793	0.5993897934	-100.203371	331.7152237	325.9104349
	0.007360457431	1.757028087e-06	819.7735628	-1.00059269e-12	327.9485679	0.5999570121	-98.61631172	331.7488603	326.0427132
	0.007400874292	1.757987869e-06	819.3365809	-9.812938598e-13	328.0326821	0.60044	-97.25533786	331.7769678	326.1552324
	0.007434729679	1.758780131e-06	818.9771307	-9.640614933e-13	328.1019173	0.600838636	-96.12508313	331.7997782	326.2480162
	0.007461758546	1.759404983e-06	818.6944721	-9.496057774e-13	328.1563913	0.6011530037	-95.22912545	331.8175089	326.3211304
	0.007481749079	1.759862748e-06	818.4878813	-9.385156352e-13	328.1962229	0.601383289	-94.5701285	331.8303482	326.3746566
	0.007494543258	1.76015377e-06	818.35676	-9.312398891e-13	328.2215115	0.6015296832	-94.14999268	331.838443	326.4086691
	0.0075	1.760277429e-06	818.3010975	-9.280945253e-13	328.2322487	0.6015918854	-93.97119098	331.8418664	326.4231173

	0.0075	1.760535814e-06	818.1798278	-7.6114722e-13	328.2589074	0.601729059	-93.77037306	331.8603625	326.453689
	0.007505456742	1.7606589e-06	818.1217412	-7.62052447e-13	328.269697	0.6017910033	-93.61029915	331.8647885	326.4677213
	0.007518250921	1.76094682e-06	817.9858975	-7.641548559e-13	328.2949311	0.6019358985	-93.23566484	331.87513	326.5005444
	0.007538241454	1.761394803e-06	817.7746255	-7.673835723e-13	328.3341793	0.6021613312	-92.65222899	331.8911872	326.5516106
	0.007565270321	1.761996857e-06	817.4908682	-7.716400156e-13	328.3868987	0.6024642698	-91.86709703	331.9127021	326.620232
	0.007599125708	1.76274504e-06	817.1385258	-7.767946127e-13	328.4523692	0.6028406947	-90.88970566	331.9393332	326.7054964
	0.007639542569	1.763629594e-06	816.7223846	-7.826906367e-13	328.5297074	0.6032856683	-89.73167846	331.9706633	326.8062833
	0.007686204558	1.764639141e-06	816.2480171	-7.89149045e-13	328.6178844	0.6037934349	-88.40661515	332.0062084	326.9212867
	0.00773874647	1.765760909e-06	815.7216673	-7.959740263e-13	328.7157469	0.6043575357	-86.92984442	332.0454295	327.0490412
	0.007796757085	1.766980988e-06	815.1501221	-8.02959071e-13	328.8220411	0.6049709374	-85.31814936	332.0877447	327.187951
	0.007859782389	1.768284596e-06	814.5405753	-8.098933697e-13	328.9354373	0.6056261684	-83.58947295	332.1325425	327.3363214
	0.00792732912	1.769656356e-06	813.9004863	-8.165683411e-13	329.0545562	0.6063154614	-81.76261117	332.1791953	327.4923907
	0.007998868633	1.771080585e-06	813.2374374	-8.227840861e-13	329.1779947	0.6070308962	-79.85690137	332.2270728	327.6543626
	0.008073841034	1.772541563e-06	812.5589944	-8.283555652e-13	329.3043521	0.6077645407	-77.89191349	332.2755553	327.8204388
	0.00815165956	1.774023805e-06	811.8725732	-8.331183087e-13	329.4322542	0.6085085857	-75.88715141	332.3240465	327.9888491
	0.008231715176	1.775512307e-06	811.1853155	-8.369334797e-13	329.5603761	0.609255471	-73.86177148	332.3719844	328.1578802
	0.008313381338	1.776992767e-06	810.5039779	-8.396921339e-13	329.6874631	0.6099979986	-71.83432428	332.4188519	328.3259014
	0.008396018897	1.778451784e-06	809.8348364	-8.413185438e-13	329.812348	0.6107294312	-69.82252506	332.4641849	328.4913871
	0.008478981103	1.779877018e-06	809.1836068	-8.417724821e-13	329.9339658	0.6114435739	-67.84305741	332.5075794	328.652935
	0.008561618662	1.781257315e-06	808.555386	-8.410503962e-13	330.0513645	0.6121348377	-65.91141337	332.5486956	328.8092809
	0.008643284824	1.782582794e-06	807.9546114	-8.391854357e-13	330.1637131	0.6127982828	-64.04177214	332.5872611	328.9593081
	0.00872334044	1.783844895e-06	807.3850418	-8.362463338e-13	330.2703049	0.6134296428	-62.24691846	332.6230714	329.1020532
	0.008801158966	1.785036391e-06	806.8497567	-8.323351784e-13	330.3705576	0.6140253292	-60.53820031	332.6559882	329.2367067
	0.008876131367	1.786151363e-06	806.3511759	-8.275841414e-13	330.4640106	0.6145824169	-58.92552436	332.6859362	329.3626101
	0.00894767088	1.787185135e-06	805.8910953	-8.221512717e-13	330.5503175	0.6150986134	-57.41738682	332.712898	329.4792484
	0.009015217611	1.788134188e-06	805.4707393	-8.162154814e-13	330.6292378	0.6155722115	-56.02093579	332.7369076	329.5862395
	0.009078242915	1.788996044e-06	805.0908249	-8.099708848e-13	330.7006244	0.6160020303	-54.74206078	332.7580421	329.6833208
	0.00913625353	1.789769131e-06	804.7516366	-8.03620665e-13	330.7644105	0.6163873451	-53.58550407	332.7764133	329.7703329
	0.009188795442	1.790452631e-06	804.4531085	-7.973706633e-13	330.8205947	0.616727811	-52.55498817	332.7921576	329.8472027
	0.009235457431	1.791046328e-06	804.1949094	-7.914228892e-13	330.8692252	0.6170233818	-51.65335322	332.8054268	329.9139241
	0.009275874292	1.791550442e-06	803.9765291	-7.859691571e-13	330.9103845	0.6172742288	-50.88269811	332.8163779	329.9705404
	0.009309729679	1.791965484e-06	803.7973612	-7.811850482e-13	330.944174	0.6174806616	-50.24451908	332.8251637	330.0171257
	0.009336758546	1.792292105e-06	803.6567807	-7.772243888e-13	330.9707002	0.6176430546	-49.73984038	332.8319244	330.0537681
	0.009356749079	1.79253097e-06	803.5542128	-7.742144339e-13	330.9900618	0.6177617809	-49.36933308	332.8367798	330.0805549
	0.009369543258	1.79268264e-06	803.4891953	-7.72252035e-13	331.0023387	0.6178371515	-49.13343243	332.8398226	330.0975587
	0.009375	1.792747041e-06	803.4616141	-7.714065225e-13	331.0075476	0.6178691511	-49.03311201	332.8411051	330.1047776

	0.009375	1.79295184e-06	803.3476704	-1.08607686e-12	331.0300686	0.6179817781	-48.93519286	332.8642477	330.1269464
	0.009380456742	1.793016763e-06	803.3179245	-1.086076237e-12	331.0353948	0.6180141246	-48.84758058	332.866305	330.1339575
	0.009393250921	1.79316862e-06	803.2483635	-1.086074496e-12	331.0478502	0.6180897795	-48.64256526	332.8711106	330.1503557
	0.009413241454	1.793404864e-06	803.1401902	-1.086070988e-12	331.0672194	0.618207465	-48.32337226	332.8785685	330.1758643
	0.009440270321	1.793722294e-06	802.9949272	-1.086064719e-12	331.0932298	0.6183655711	-47.89400248	332.8885535	330.2101346
	0.009474125708	1.794116663e-06	802.8145917	-1.086054393e-12	331.1255203	0.6185619638	-47.35976688	332.9009006	330.2527044
	0.009514542569	1.794582758e-06	802.6016587	-1.086038462e-12	331.1636476	0.618794023	-46.72720173	332.9154078	330.3030062
	0.009561204558	1.795114502e-06	802.3590088	-1.086015191e-12	331.2070961	0.619058696	-46.00394621	332.9318417	330.360379
	0.00961374647	1.79570508e-06	802.0898682	-1.08598273e-12	331.2552881	0.6193525601	-45.1985992	332.9499422	330.4240812
	0.009671757085	1.796347073e-06	801.797742	-1.085939191e-12	331.307596	0.6196718911	-44.32056036	332.9694294	330.4933064
	0.009734782389	1.797032602e-06	801.4863428	-1.085882731e-12	331.3633552	0.6200127374	-43.37985986	332.9900096	330.5671985
	0.00980232912	1.797753483e-06	801.1595174	-1.085811632e-12	331.4218767	0.6203709958	-42.38698122	333.0113823	330.6448686
	0.009873868633	1.798501376e-06	800.8211726	-1.085724385e-12	331.4824612	0.6207424888	-41.35268175	333.0332469	330.7254117
	0.009948841034	1.799267936e-06	800.4752024	-1.085619764e-12	331.5444114	0.6211230402	-40.28781506	333.0553089	330.8079231
	0.01002665956	1.800044955e-06	800.1254187	-1.085496897e-12	331.6070447	0.6215085473	-39.20315994	333.0772865	330.8915136
	0.01010671518	1.800824497e-06	799.7754868	-1.085355325e-12	331.669705	0.6218950482	-38.10925955	333.0989159	330.9753248
	0.01018838134	1.801599015e-06	799.4288679	-1.085195049e-12	331.7317723	0.6222787823	-37.01627482	333.1199563	331.0585415
	0.0102710189	1.802361458e-06	799.0887692	-1.085016567e-12	331.7926725	0.6226562428	-35.93385487	333.1401941	331.1404034
	0.0103539811	1.803105356e-06	798.7581038	-1.08482089e-12	331.851884	0.6230242196	-34.87102732	333.1594461	331.2202147
	0.01043661866	1.803824889e-06	798.4394595	-1.08460955e-12	331.9089433	0.6233798329	-33.83611022	333.1775617	331.2973506
	0.01051828482	1.804514927e-06	798.135079	-1.084384586e-12	331.9634488	0.6237205553	-32.83664702	333.1944239	331.3712628
	0.01059834044	1.805171058e-06	797.8468498	-1.084148515e-12	332.0150625	0.6240442239	-31.87936483	333.2099496	331.4414818
	0.01067615897	1.805789592e-06	797.5763053	-1.083904292e-12	332.0635097	0.6243490411	-30.97015604	333.2240888	331.5076171
	0.01075113137	1.806367545e-06	797.3246351	-1.083655249e-12	332.1085776	0.6246335662	-30.11408215	333.2368227	331.5693555
	0.01082267088	1.806902602e-06	797.0927047	-1.083405027e-12	332.1501109	0.6248966967	-29.31539838	333.2481608	331.6264572
	0.01089021761	1.807393066e-06	796.8810832	-1.083157491e-12	332.1880077	0.6251376421	-28.57759672	333.2581376	331.6787496
	0.01095324291	1.807837797e-06	796.6900781	-1.082916645e-12	332.2222129	0.6253558902	-27.90346479	333.2668084	331.7261207
	0.01101125353	1.808236135e-06	796.5197743	-1.082686533e-12	332.2527111	0.6255511685	-27.2951574	333.2742449	331.7685102
	0.01106379544	1.808587814e-06	796.3700785	-1.08247114e-12	332.2795191	0.6257234011	-26.75427714	333.2805299	331.8059006
	0.01111045743	1.80889288e-06	796.2407637	-1.082274295e-12	332.3026775	0.6258726643	-26.28196058	333.2857527	331.8383073
	0.01115087429	1.809151598e-06	796.1315148	-1.082099569e-12	332.3222424	0.6259991412	-25.87896614	333.2900035	331.8657691
	0.01118472968	1.809364373e-06	796.0419731	-1.081950191e-12	332.3382782	0.6261030779	-25.54576005	333.2933693	331.8883384
	0.01121175855	1.809531664e-06	795.9717763	-1.081828958e-12	332.3508497	0.6261847436	-25.28259701	333.2959287	331.9060727
	0.01123174908	1.809653918e-06	795.9205956	-1.081738165e-12	332.3600156	0.6262443931	-25.08959317	333.2977489	331.9190267
	0.01124454326	1.809731505e-06	795.8881681	-1.081679553e-12	332.365823	0.6262822348	-24.96679643	333.2988812	331.9272449
	0.01125	1.80976444e-06	795.8744158	-1.081654435e-12	332.3682859	0.6262982948	-24.91459624	333.2993565	331.9307329

	0.01125	1.809887737e-06	795.8024778	-9.898965204e-13	332.3817667	0.6263663679	-24.86480226	333.3147617	331.9432515
	0.01125545674	1.809921186e-06	795.7873902	-9.912502466e-13	332.3843186	0.6263827592	-24.81973283	333.3156948	331.946645
	0.01126825092	1.809999423e-06	795.7521073	-9.943788599e-13	332.3902857	0.6264210959	-24.71427404	333.3178736	331.9545817
	0.01128824145	1.810121138e-06	795.6972377	-9.991397792e-13	332.3995639	0.6264807285	-24.55009697	333.3212526	331.9669264
	0.01131527032	1.810284684e-06	795.6235511	-1.0053298e-12	332.4120208	0.626560838	-24.32927786	333.3257725	331.9835086
	0.01134912571	1.810487877e-06	795.532068	-1.012682357e-12	332.4274813	0.6266603392	-24.05457241	333.3313546	332.0041026
	0.01138954257	1.810728032e-06	795.42404	-1.020876156e-12	332.4457304	0.6267778997	-23.7293712	333.3379031	332.028431
	0.01143620456	1.811002023e-06	795.3009243	-1.029545888e-12	332.4665182	0.6269119672	-23.35763566	333.345307	332.0561708
	0.01148874647	1.811306343e-06	795.164353	-1.038294488e-12	332.4895649	0.6270608017	-22.94382305	333.3534433	332.08696
	0.01154675709	1.811637174e-06	795.0160994	-1.046706531e-12	332.5145667	0.6272225102	-22.49280334	333.3621797	332.1204051
	0.01160978239	1.81199046e-06	794.8580425	-1.054362319e-12	332.5412019	0.6273950846	-22.00977016	333.3713777	332.1560884
	0.01167732912	1.812361988e-06	794.6921294	-1.060852224e-12	332.5691376	0.6275764404	-21.50014813	333.3808962	332.1935769
	0.01174886863	1.812747465e-06	794.5203381	-1.065790816e-12	332.5980363	0.6277644561	-20.96949911	333.3905945	332.2324298
	0.01182384103	1.813142595e-06	794.3446408	-1.06883034e-12	332.6275617	0.6279570114	-20.42342946	333.4003354	332.2722071
	0.01190165956	1.81354315e-06	794.1669688	-1.069673092e-12	332.6573853	0.6281520246	-19.8675008	333.4099886	332.3124769
	0.01198171518	1.813945042e-06	793.98918	-1.068082308e-12	332.6871918	0.6283474865	-19.30714619	333.4194329	332.3528227
	0.01206338134	1.814344384e-06	793.8130298	-1.063891207e-12	332.7166841	0.6285414911	-18.74759385	333.4285589	332.3928499
	0.0121460189	1.814737543e-06	793.640146	-1.057009901e-12	332.7455878	0.6287322628	-18.19379991	333.437271	332.4321913
	0.0122289811	1.815121183e-06	793.4720082	-1.047429925e-12	332.7736546	0.6289181775	-17.65039154	333.4454886	332.4705115
	0.01231161866	1.815492302e-06	793.3099322	-1.035226256e-12	332.8006646	0.6290977805	-17.12162167	333.4531475	332.5075106
	0.01239328482	1.815848254e-06	793.1550601	-1.020556723e-12	332.8264288	0.6292697966	-16.61133563	333.4602	332.5429264
	0.01247334044	1.81618676e-06	793.0083546	-1.003658827e-12	332.8507891	0.6294331373	-16.12295024	333.4666151	332.5765359
	0.01255115897	1.816505913e-06	792.8706002	-9.848440453e-13	332.8736187	0.6295869001	-15.65944511	333.4723783	332.6081547
	0.01262613137	1.81680417e-06	792.7424073	-9.644897985e-13	332.8948207	0.6297303647	-15.22336561	333.4774898	332.6376368
	0.01269767088	1.81708033e-06	792.6242233	-9.430293018e-13	332.9143268	0.6298629832	-14.8168368	333.4819639	332.664872
	0.01276521761	1.817333511e-06	792.5163452	-9.209396176e-13	332.9320941	0.6299843661	-14.441587	333.4858268	332.6897831
	0.01282824291	1.817563118e-06	792.4189379	-8.987282641e-13	332.9481028	0.6300942658	-14.09897972	333.4891144	332.7123225
	0.01288625353	1.817768802e-06	792.3320536	-8.769187879e-13	332.9623519	0.6301925559	-13.79005208	333.4918703	332.7324676
	0.01293879544	1.817950418e-06	792.2556536	-8.560357408e-13	332.9748558	0.6302792098	-13.51555815	333.4941428	332.7502165
	0.01298545743	1.818107982e-06	792.1896315	-8.365895183e-13	332.9856402	0.6303542774	-13.27601497	333.4959829	332.7655829
	0.01302587429	1.818241625e-06	792.1338354	-8.190615276e-13	332.9947377	0.6304178619	-13.07174953	333.4974412	332.7785916
	0.01305972968	1.818351546e-06	792.0880905	-8.038901377e-13	333.0021843	0.6304700977	-12.90294459	333.4985661	332.7892732
	0.01308675855	1.818437978e-06	792.0522193	-7.914578557e-13	333.0080155	0.6305111292	-12.76968168	333.4994008	332.7976601
	0.01310674908	1.818501146e-06	792.0260601	-7.820801636e-13	333.0122632	0.6305410926	-12.67197992	333.499982	332.8037827
	0.01311954326	1.818541236e-06	792.0094836	-7.759967609e-13	333.0149528	0.6305600983	-12.60983313	333.5003378	332.8076653
	0.013125	1.818558255e-06	792.002453	-7.733828113e-13	333.016093	0.6305681637	-12.58341846	333.5004857	332.8093127

	0.013125	1.818633142e-06	791.9605964	-6.997660853e-13	333.0216974	0.6306047425	-12.55319802	333.5062539	332.8146488
	0.01313045674	1.818650168e-06	791.9529613	-6.994626548e-13	333.0229149	0.6306129534	-12.5308226	333.5067023	332.8162645
	0.01314325092	1.818690019e-06	791.9350953	-6.98763677e-13	333.0257599	0.6306321627	-12.47838835	333.5077453	332.8200421
	0.01316324145	1.818752089e-06	791.90728	-6.977065227e-13	333.0301779	0.6306620574	-12.39654111	333.5093508	332.8259144
	0.01319027032	1.818835634e-06	791.8698651	-6.963449895e-13	333.0360986	0.6307022461	-12.28603145	333.5114749	332.8337961
	0.01322412571	1.818939663e-06	791.8233147	-6.947495923e-13	333.0434289	0.6307522097	-12.14786182	333.5140597	332.843574
	0.01326454257	1.819062957e-06	791.7681999	-6.930052031e-13	333.0520552	0.6308113102	-11.98327892	333.5170353	332.8551096
	0.01331120456	1.819204089e-06	791.7051881	-6.912081333e-13	333.0618454	0.630878803	-11.7937594	333.5203214	332.8682415
	0.01336374647	1.819361447e-06	791.6350306	-6.894627991e-13	333.0726526	0.6309538516	-11.58099253	333.5238301	332.8827896
	0.01342175709	1.819533268e-06	791.5585484	-6.878780822e-13	333.084318	0.6310355437	-11.34686062	333.5274684	332.8985581
	0.01348478239	1.819717664e-06	791.4766173	-6.865635027e-13	333.0966747	0.6311229088	-11.09341746	333.531141	332.9153405
	0.01355232912	1.819912653e-06	791.3901527	-6.856253275e-13	333.1095513	0.6312149357	-10.82286543	333.5347532	332.9329229
	0.01362386863	1.820116196e-06	791.3000936	-6.851627401e-13	333.1227753	0.6313105907	-10.53753132	333.5382133	332.9510891
	0.01369884103	1.820326225e-06	791.2073869	-6.852641947e-13	333.1361773	0.631408836	-10.23984167	333.5414361	332.969624
	0.01377665956	1.820540675e-06	791.1129731	-6.860040735e-13	333.1495937	0.631508646	-9.93229769	333.5443444	332.9883181
	0.01385671518	1.820757515e-06	791.0177714	-6.874397557e-13	333.1628705	0.6316090242	-9.617450338	333.5468721	333.0069709
	0.01393838134	1.820974772e-06	790.9226673	-6.896091948e-13	333.1758652	0.6317090171	-9.297875861	333.5489655	333.0253941
	0.0140210189	1.821190557e-06	790.8285013	-6.925290844e-13	333.1884501	0.6318077273	-8.976152128	333.5505851	333.0434148
	0.0141039811	1.821403085e-06	790.7360592	-6.961936761e-13	333.2005133	0.6319043239	-8.654836058	333.5517064	333.0608772
	0.01418661866	1.821610695e-06	790.6460646	-7.005742893e-13	333.2119604	0.631998051	-8.336442384	333.5523206	333.0776446
	0.01426828482	1.821811855e-06	790.5591728	-7.056195364e-13	333.2227151	0.6320882332	-8.023423979	333.5524348	333.0936005
	0.01434834044	1.822005181e-06	790.4759679	-7.112562589e-13	333.2327195	0.6321742798	-7.718153871	333.5520711	333.1086488
	0.01442615897	1.822189435e-06	790.3969605	-7.173911521e-13	333.2419336	0.632255685	-7.422909077	333.5512663	333.1227141
	0.01450113137	1.822363528e-06	790.3225885	-7.239130323e-13	333.2503345	0.6323320273	-7.139856277	333.5500702	333.1357405
	0.01457267088	1.822526518e-06	790.2532194	-7.306956808e-13	333.2579149	0.6324029656	-6.871039366	333.5485439	333.1476904
	0.01464021761	1.822677605e-06	790.1891538	-7.376011802e-13	333.2646818	0.6324682341	-6.618368804	333.5467576	333.1585432
	0.01470324291	1.822816121e-06	790.1306308	-7.444836445e-13	333.2706536	0.6325276354	-6.383612714	333.5447887	333.1682927
	0.01476125353	1.822941518e-06	790.0778344	-7.511932304e-13	333.2758583	0.632581032	-6.168389582	333.5427185	333.176945
	0.01481379544	1.823053358e-06	790.0309005	-7.575803084e-13	333.2803309	0.6326283372	-5.974162433	333.5406301	333.1845156
	0.01486045743	1.8231513e-06	789.9899243	-7.634996683e-13	333.2841105	0.6326695058	-5.802234303	333.5386053	333.191027
	0.01490087429	1.823235082e-06	789.9549688	-7.688146302e-13	333.287238	0.6327045236	-5.653744833	333.5367223	333.1965059
	0.01493472968	1.823304511e-06	789.9260713	-7.734009355e-13	333.2897532	0.6327333987	-5.529667826	333.5350526	333.2009801
	0.01496175855	1.823359449e-06	789.9032515	-7.771502973e-13	333.2916928	0.6327561519	-5.430809634	333.5336592	333.2044767
	0.01498174908	1.8233998e-06	789.8865172	-7.799734881e-13	333.2930883	0.6327728089	-5.357808541	333.532594	333.2070199
	0.01499454326	1.823425501e-06	789.8758709	-7.818027502e-13	333.293964	0.6327833933	-5.311138009	333.5318969	333.2086283
	0.015	1.823436432e-06	789.8713455	-7.825882491e-13	333.2943333	0.6327878894	-5.291245055	333.531596	333.2093097
