1.0000e+00 1.0000e+00 0.0000e+00 1.3502e-03 3.6075e+00 -5.5038e+00 4.1135e-01 2.7518e+02 3.2932e+02 -4.6955e+00 -1.0495e+02 7.9487e+01 -3.4831e+00 -3.4627e-01 7.5584e+01 5.7669e-01 7.6850e+01 7.7307e+01 1.0000e+00 1.0000e+00 0.0000e+00 0.0000e+00
9.9497e-01 9.9497e-01 5.0251e-03 1.3358e-03 3.8816e+00 -5.4593e+00 3.6653e-01 2.7515e+02 3.1372e+02 -1.5584e+00 -9.8657e+01 7.8564e+01 -3.3839e+00 -3.6313e-01 7.4826e+01 5.4903e-01 7.6044e+01 7.6478e+01 9.9497e-01 9.9497e-01 5.0251e-03 8.7038e-06
9.8995e-01 9.8995e-01 1.0050e-02 1.3215e-03 4.1557e+00 -5.4149e+00 3.2170e-01 2.7511e+02 2.9813e+02 1.5788e+00 -9.2367e+01 7.7642e+01 -3.2847e+00 -3.7999e-01 7.4068e+01 5.2136e-01 7.5237e+01 7.5649e+01 9.8995e-01 9.8995e-01 1.0050e-02 1.7408e-05
9.8492e-01 9.8492e-01 1.5075e-02 1.3072e-03 4.4298e+00 -5.3704e+00 2.7688e-01 2.7508e+02 2.8253e+02 4.7159e+00 -8.6077e+01 7.6719e+01 -3.1856e+00 -3.9684e-01 7.3310e+01 4.9370e-01 7.4431e+01 7.4820e+01 9.8492e-01 9.8492e-01 1.5075e-02 2.6111e-05
9.7990e-01 9.7990e-01 2.0101e-02 1.2950e-03 4.5739e+00 -5.4087e+00 2.4937e-01 2.7505e+02 2.6925e+02 8.4580e+00 -8.1302e+01 7.5932e+01 -3.0777e+00 -3.9426e-01 7.2670e+01 4.7481e-01 7.3749e+01 7.4117e+01 9.7990e-01 9.7990e-01 2.0101e-02 3.4815e-05
9.7487e-01 9.7487e-01 2.5126e-02 1.2831e-03 4.7019e+00 -5.4573e+00 2.2398e-01 2.7502e+02 2.5625e+02 1.2274e+01 -7.6712e+01 7.5161e+01 -2.9688e+00 -3.8930e-01 7.2044e+01 4.5700e-01 7.3082e+01 7.3429e+01 9.7487e-01 9.7487e-01 2.5126e-02 4.3519e-05
9.6985e-01 9.6985e-01 3.0151e-02 1.2713e-03 4.8300e+00 -5.5059e+00 1.9860e-01 2.7499e+02 2.4325e+02 1.6091e+01 -7.2123e+01 7.4390e+01 -2.8598e+00 -3.8433e-01 7.1419e+01 4.3920e-01 7.2415e+01 7.2742e+01 9.6985e-01 9.6985e-01 3.0151e-02 5.2223e-05
9.6482e-01 9.6482e-01 3.5176e-02 1.2621e-03 4.8644e+00 -5.5807e+00 1.8425e-01 2.7495e+02 2.3355e+02 1.9264e+01 -6.8696e+01 7.3790e+01 -2.7594e+00 -3.7353e-01 7.0935e+01 4.2588e-01 7.1901e+01 7.2208e+01 9.6482e-01 9.6482e-01 3.5176e-02 6.0926e-05
9.5980e-01 9.5980e-01 4.0201e-02 1.2537e-03 4.8725e+00 -5.6628e+00 1.7298e-01 2.7492e+02 2.2478e+02 2.2256e+01 -6.5596e+01 7.3237e+01 -2.6613e+00 -3.6109e-01 7.0491e+01 4.1381e-01 7.1428e+01 7.1719e+01 9.5980e-01 9.5980e-01 4.0201e-02 6.9630e-05
9.5477e-01 9.5477e-01 4.5226e-02 1.2453e-03 4.8807e+00 -5.7449e+00 1.6172e-01 2.7489e+02 2.1600e+02 2.5248e+01 -6.2496e+01 7.2684e+01 -2.5632e+00 -3.4865e-01 7.0047e+01 4.0175e-01 7.0956e+01 7.1229e+01 9.5477e-01 9.5477e-01 4.5226e-02 7.8334e-05
9.4975e-01 9.4975e-01 5.0251e-02 1.2379e-03 4.7779e+00 -5.8795e+00 1.5646e-01 2.7486e+02 2.0980e+02 2.8360e+01 -6.0064e+01 7.2202e+01 -2.4594e+00 -3.3349e-01 6.9656e+01 3.9176e-01 7.0546e+01 7.0801e+01 9.4975e-01 9.4975e-01 5.0251e-02 8.7038e-05
9.4472e-01 9.4472e-01 5.5276e-02 1.2311e-03 4.6209e+00 -6.0397e+00 1.5415e-01 2.7483e+02 2.0485e+02 3.1530e+01 -5.7960e+01 7.1755e+01 -2.3527e+00 -3.1700e-01 6.9291e+01 3.8278e-01 7.0166e+01 7.0404e+01 9.4472e-01 9.4472e-01 5.5276e-02 9.5742e-05
9.3970e-01 9.3970e-01 6.0302e-02 1.2243e-03 4.4639e+00 -6.2000e+00 1.5184e-01 2.7480e+02 1.9990e+02 3.4701e+01 -5.5855e+01 7.1308e+01 -2.2461e+00 -3.0051e-01 6.8927e+01 3.7380e-01 6.9786e+01 7.0007e+01 9.3970e-01 9.3970e-01 6.0302e-02 1.0445e-04
9.3467e-01 9.3467e-01 6.5327e-02 1.2187e-03 4.2815e+00 -6.3487e+00 1.5025e-01 2.7478e+02 1.9643e+02 3.7155e+01 -5.4071e+01 7.0935e+01 -2.1492e+00 -2.8629e-01 6.8623e+01 3.6507e-01 6.9471e+01 6.9676e+01 9.3467e-01 9.3467e-01 6.5327e-02 1.1315e-04
9.2965e-01 9.2965e-01 7.0352e-02 1.2139e-03 4.0792e+00 -6.4885e+00 1.4923e-01 2.7475e+02 1.9412e+02 3.9053e+01 -5.2536e+01 7.0620e+01 -2.0600e+00 -2.7385e-01 6.8367e+01 3.5652e-01 6.9206e+01 6.9398e+01 9.2965e-01 9.2965e-01 7.0352e-02 1.2185e-04
9.2462e-01 9.2462e-01 7.5377e-02 1.2092e-03 3.8769e+00 -6.6283e+00 1.4821e-01 2.7472e+02 1.9180e+02 4.0951e+01 -5.1001e+01 7.0305e+01 -1.9707e+00 -2.6141e-01 6.8111e+01 3.4797e-01 6.8941e+01 6.9119e+01 9.2462e-01 9.2462e-01 7.5377e-02 1.3056e-04
9.1960e-01 9.1960e-01 8.0402e-02 1.2048e-03 3.6111e+00 -6.7933e+00 1.4860e-01 2.7470e+02 1.9098e+02 4.2826e+01 -4.9703e+01 7.0021e+01 -1.8788e+00 -2.5001e-01 6.7876e+01 3.3964e-01 6.8702e+01 6.8866e+01 9.1960e-01 9.1960e-01 8.0402e-02 1.3926e-04
9.1457e-01 9.1457e-01 8.5427e-02 1.2011e-03 3.2686e+00 -6.9886e+00 1.5070e-01 2.7468e+02 1.9196e+02 4.4673e+01 -4.8690e+01 6.9774e+01 -1.7836e+00 -2.3987e-01 6.7666e+01 3.3155e-01 6.8494e+01 6.8645e+01 9.1457e-01 9.1457e-01 8.5427e-02 1.4796e-04
9.0955e-01 9.0955e-01 9.0452e-02 1.1973e-03 2.9261e+00 -7.1839e+00 1.5280e-01 2.7465e+02 1.9293e+02 4.6519e+01 -4.7677e+01 6.9528e+01 -1.6885e+00 -2.2974e-01 6.7456e+01 3.2347e-01 6.8286e+01 6.8423e+01 9.0955e-01 9.0955e-01 9.0452e-02 1.5667e-04
9.0452e-01 9.0452e-01 9.5477e-02 1.1939e-03 2.6030e+00 -7.3548e+00 1.5333e-01 2.7463e+02 1.9384e+02 4.7911e+01 -4.6667e+01 6.9304e+01 -1.6012e+00 -2.2102e-01 6.7267e+01 3.1518e-01 6.8098e+01 6.8223e+01 9.0452e-01 9.0452e-01 9.5477e-02 1.6537e-04
8.9950e-01 8.9950e-01 1.0050e-01 1.1912e-03 2.3167e+00 -7.4790e+00 1.5086e-01 2.7461e+02 1.9460e+02 4.8432e+01 -4.5662e+01 6.9122e+01 -1.5290e+00 -2.1501e-01 6.7118e+01 3.0651e-01 6.7946e+01 6.8062e+01 8.9950e-01 8.9950e-01 1.0050e-01 1.7408e-04
8.9447e-01 8.9447e-01 1.0553e-01 1.1884e-03 2.0305e+00 -7.6032e+00 1.4838e-01 2.7460e+02 1.9537e+02 4.8953e+01 -4.4656e+01 6.8940e+01 -1.4568e+00 -2.0900e-01 6.6969e+01 2.9784e-01 6.7795e+01 6.7901e+01 8.9447e-01 8.9447e-01 1.0553e-01 1.8278e-04
8.8945e-01 8.8945e-01 1.1055e-01 1.1858e-03 1.7204e+00 -7.7357e+00 1.4615e-01 2.7458e+02 1.9664e+02 4.9462e+01 -4.3710e+01 6.8768e+01 -1.3837e+00 -2.0365e-01 6.6826e+01 2.8915e-01 6.7651e+01 6.7748e+01 8.8945e-01 8.8945e-01 1.1055e-01 1.9148e-04
8.8442e-01 8.8442e-01 1.1558e-01 1.1837e-03 1.3329e+00 -7.8953e+00 1.4471e-01 2.7457e+02 1.9955e+02 4.9934e+01 -4.2958e+01 6.8627e+01 -1.3073e+00 -2.0049e-01 6.6703e+01 2.8043e-01 6.7532e+01 6.7621e+01 8.8442e-01 8.8442e-01 1.1558e-01 2.0019e-04
8.7940e-01 8.7940e-01 1.2060e-01 1.1815e-03 9.4528e-01 -8.0549e+00 1.4327e-01 2.7455e+02 2.0246e+02 5.0405e+01 -4.2206e+01 6.8487e+01 -1.2310e+00 -1.9733e-01 6.6579e+01 2.7171e-01 6.7413e+01 6.7493e+01 8.7940e-01 8.7940e-01 1.2060e-01 2.0889e-04
8.7437e-01 8.7437e-01 1.2563e-01 1.1793e-03 5.7598e-01 -8.2012e+00 1.4118e-01 2.7454e+02 2.0502e+02 5.0743e+01 -4.1422e+01 6.8348e+01 -1.1578e+00 -1.9416e-01 6.6460e+01 2.6300e-01 6.7296e+01 6.7368e+01 8.7437e-01 8.7437e-01 1.2563e-01 2.1759e-04
8.6935e-01 8.6935e-01 1.3065e-01 1.1775e-03 3.3469e-01 -8.2548e+00 1.3461e-01 2.7453e+02 2.0509e+02 5.0149e+01 -4.0421e+01 6.8223e+01 -1.1064e+00 -1.9094e-01 6.6367e+01 2.5438e-01 6.7194e+01 6.7262e+01 8.6935e-01 8.6935e-01 1.3065e-01 2.2630e-04
8.6432e-01 8.6432e-01 1.3568e-01 1.1757e-03 9.3395e-02 -8.3084e+00 1.2805e-01 2.7452e+02 2.0517e+02 4.9555e+01 -3.9420e+01 6.8099e+01 -1.0550e+00 -1.8773e-01 6.6275e+01 2.4577e-01 6.7091e+01 6.7155e+01 8.6432e-01 8.6432e-01 1.3568e-01 2.3500e-04
8.5930e-01 8.5930e-01 1.4070e-01 1.1739e-03 -1.4899e-01 -8.3624e+00 1.2150e-01 2.7451e+02 2.0526e+02 4.8962e+01 -3.8420e+01 6.7975e+01 -1.0036e+00 -1.8453e-01 6.6183e+01 2.3715e-01 6.6989e+01 6.7049e+01 8.5930e-01 8.5930e-01 1.4070e-01 2.4371e-04
8.5427e-01 8.5427e-01 1.4573e-01 1.1724e-03 -4.5997e-01 -8.4400e+00 1.1635e-01 2.7450e+02 2.0653e+02 4.8484e+01 -3.7566e+01 6.7873e+01 -9.4772e-01 -1.8288e-01 6.6103e+01 2.2867e-01 6.6903e+01 6.6960e+01 8.5427e-01 8.5427e-01 1.4573e-01 2.5241e-04
8.4925e-01 8.4925e-01 1.5075e-01 1.1708e-03 -7.7095e-01 -8.5177e+00 1.1119e-01 2.7450e+02 2.0780e+02 4.8005e+01 -3.6711e+01 6.7771e+01 -8.9185e-01 -1.8123e-01 6.6024e+01 2.2019e-01 6.6818e+01 6.6871e+01 8.4925e-01 8.4925e-01 1.5075e-01 2.6111e-04
8.4422e-01 8.4422e-01 1.5578e-01 1.1693e-03 -1.0819e+00 -8.5954e+00 1.0604e-01 2.7449e+02 2.0907e+02 4.7527e+01 -3.5856e+01 6.7668e+01 -8.3598e-01 -1.7958e-01 6.5944e+01 2.1171e-01 6.6732e+01 6.6782e+01 8.4422e-01 8.4422e-01 1.5578e-01 2.6982e-04
8.3920e-01 8.3920e-01 1.6080e-01 1.1677e-03 -1.2118e+00 -8.5659e+00 9.8595e-02 2.7448e+02 2.0644e+02 4.6496e+01 -3.4751e+01 6.7554e+01 -8.0023e-01 -1.7457e-01 6.5876e+01 2.0402e-01 6.6640e+01 6.6690e+01 8.3920e-01 8.3920e-01 1.6080e-01 2.7852e-04
8.3417e-01 8.3417e-01 1.6583e-01 1.1661e-03 -1.3229e+00 -8.5254e+00 9.0910e-02 2.7448e+02 2.0342e+02 4.5408e+01 -3.3620e+01 6.7438e+01 -7.6655e-01 -1.6921e-01 6.5808e+01 1.9640e-01 6.6548e+01 6.6598e+01 8.3417e-01 8.3417e-01 1.6583e-01 2.8722e-04
8.2915e-01 8.2915e-01 1.7085e-01 1.1645e-03 -1.4340e+00 -8.4848e+00 8.3225e-02 2.7447e+02 2.0039e+02 4.4320e+01 -3.2490e+01 6.7323e+01 -7.3288e-01 -1.6385e-01 6.5740e+01 1.8879e-01 6.6456e+01 6.6506e+01 8.2915e-01 8.2915e-01 1.7085e-01 2.9593e-04
8.2412e-01 8.2412e-01 1.7588e-01 1.1631e-03 -1.5909e+00 -8.4637e+00 7.7651e-02 2.7447e+02 1.9809e+02 4.3514e+01 -3.1474e+01 6.7217e+01 -6.9346e-01 -1.5916e-01 6.5677e+01 1.8137e-01 6.6371e+01 6.6422e+01 8.2412e-01 8.2412e-01 1.7588e-01 3.0463e-04
8.1910e-01 8.1910e-01 1.8090e-01 1.1616e-03 -1.7595e+00 -8.4477e+00 7.2614e-02 2.7446e+02 1.9597e+02 4.2781e+01 -3.0487e+01 6.7114e+01 -6.5258e-01 -1.5465e-01 6.5615e+01 1.7400e-01 6.6288e+01 6.6339e+01 8.1910e-01 8.1910e-01 1.8090e-01 3.1334e-04
8.1407e-01 8.1407e-01 1.8593e-01 1.1602e-03 -1.9282e+00 -8.4316e+00 6.7577e-02 2.7446e+02 1.9384e+02 4.2048e+01 -2.9500e+01 6.7011e+01 -6.1169e-01 -1.5014e-01 6.5553e+01 1.6662e-01 6.6205e+01 6.6256e+01 8.1407e-01 8.1407e-01 1.8593e-01 3.2204e-04
8.0905e-01 8.0905e-01 1.9095e-01 1.1586e-03 -1.9557e+00 -8.3423e+00 6.2894e-02 2.7445e+02 1.8888e+02 4.1237e+01 -2.8394e+01 6.6892e+01 -5.8119e-01 -1.4257e-01 6.5492e+01 1.5993e-01 6.6112e+01 6.6165e+01 8.0905e-01 8.0905e-01 1.9095e-01 3.3074e-04
8.0402e-01 8.0402e-01 1.9598e-01 1.1570e-03 -1.9190e+00 -8.2197e+00 5.8372e-02 2.7444e+02 1.8263e+02 4.0392e+01 -2.7233e+01 6.6765e+01 -5.5539e-01 -1.3361e-01 6.5431e+01 1.5353e-01 6.6015e+01 6.6070e+01 8.0402e-01 8.0402e-01 1.9598e-01 3.3945e-04
7.9899e-01 7.9899e-01 2.0101e-01 1.1554e-03 -1.8823e+00 -8.0971e+00 5.3850e-02 2.7443e+02 1.7637e+02 3.9546e+01 -2.6072e+01 6.6638e+01 -5.2960e-01 -1.2464e-01 6.5370e+01 1.4714e-01 6.5918e+01 6.5975e+01 7.9899e-01 7.9899e-01 2.0101e-01 3.4815e-04
7.9397e-01 7.9397e-01 2.0603e-01 1.1539e-03 -1.8850e+00 -7.9951e+00 5.0921e-02 2.7442e+02 1.7093e+02 3.9020e+01 -2.5009e+01 6.6518e+01 -4.9716e-01 -1.1654e-01 6.5311e+01 1.4081e-01 6.5826e+01 6.5885e+01 7.9397e-01 7.9397e-01 2.0603e-01 3.5685e-04
7.8894e-01 7.8894e-01 2.1106e-01 1.1524e-03 -1.9165e+00 -7.9081e+00 4.9154e-02 2.7441e+02 1.6607e+02 3.8726e+01 -2.4018e+01 6.6403e+01 -4.5985e-01 -1.0907e-01 6.5252e+01 1.3452e-01 6.5738e+01 6.5798e+01 7.8894e-01 7.8894e-01 2.1106e-01 3.6556e-04
7.8392e-01 7.8392e-01 2.1608e-01 1.1509e-03 -1.9480e+00 -7.8211e+00 4.7387e-02 2.7440e+02 1.6122e+02 3.8433e+01 -2.3026e+01 6.6288e+01 -4.2255e-01 -1.0159e-01 6.5194e+01 1.2823e-01 6.5650e+01 6.5711e+01 7.8392e-01 7.8392e-01 2.1608e-01 3.7426e-04
7.7889e-01 7.7889e-01 2.2111e-01 1.1494e-03 -1.9025e+00 -7.6990e+00 4.5991e-02 2.7439e+02 1.5523e+02 3.8251e+01 -2.2003e+01 6.6167e+01 -3.8788e-01 -9.3039e-02 6.5135e+01 1.2226e-01 6.5559e+01 6.5620e+01 7.7889e-01 7.7889e-01 2.2111e-01 3.8297e-04
7.7387e-01 7.7387e-01 2.2613e-01 1.1478e-03 -1.7698e+00 -7.5370e+00 4.5016e-02 2.7436e+02 1.4796e+02 3.8194e+01 -2.0942e+01 6.6036e+01 -3.5617e-01 -8.3265e-02 6.5077e+01 1.1666e-01 6.5463e+01 6.5526e+01 7.7387e-01 7.7387e-01 2.2613e-01 3.9167e-04
7.6884e-01 7.6884e-01 2.3116e-01 1.1463e-03 -1.6370e+00 -7.3751e+00 4.4040e-02 2.7434e+02 1.4069e+02 3.8137e+01 -1.9882e+01 6.5906e+01 -3.2447e-01 -7.3490e-02 6.5018e+01 1.1105e-01 6.5368e+01 6.5431e+01 7.6884e-01 7.6884e-01 2.3116e-01 4.0037e-04
7.6382e-01 7.6382e-01 2.3618e-01 1.1448e-03 -1.5388e+00 -7.2321e+00 4.2855e-02 2.7432e+02 1.3430e+02 3.8284e+01 -1.8869e+01 6.5784e+01 -2.8718e-01 -6.4675e-02 6.4961e+01 1.0551e-01 6.5279e+01 6.5341e+01 7.6382e-01 7.6382e-01 2.3618e-01 4.0908e-04
7.5879e-01 7.5879e-01 2.4121e-01 1.1435e-03 -1.5020e+00 -7.1230e+00 4.1294e-02 2.7429e+02 1.2950e+02 3.8796e+01 -1.7940e+01 6.5676e+01 -2.3990e-01 -5.7572e-02 6.4906e+01 1.0009e-01 6.5200e+01 6.5261e+01 7.5879e-01 7.5879e-01 2.4121e-01 4.1778e-04
7.5377e-01 7.5377e-01 2.4623e-01 1.1422e-03 -1.4653e+00 -7.0138e+00 3.9733e-02 2.7426e+02 1.2470e+02 3.9308e+01 -1.7010e+01 6.5567e+01 -1.9262e-01 -5.0469e-02 6.4852e+01 9.4666e-02 6.5120e+01 6.5180e+01 7.5377e-01 7.5377e-01 2.4623e-01 4.2648e-04
7.4874e-01 7.4874e-01 2.5126e-01 1.1426e-03 -2.2569e+00 -6.9275e+00 3.4824e-02 2.7414e+02 1.2567e+02 2.7178e+01 -1.7798e+01 6.5506e+01 -2.8752e-01 -4.5450e-02 6.4867e+01 1.0423e-01 6.5144e+01 6.5172e+01 7.4874e-01 7.4874e-01 2.5126e-01 4.3519e-04
7.4372e-01 7.4372e-01 2.5628e-01 1.1415e-03 -2.3230e+00 -6.7987e+00 3.6317e-02 2.7412e+02 1.2358e+02 2.6086e+01 -1.7189e+01 6.5417e+01 -2.8450e-01 -4.2321e-02 6.4826e+01 1.0033e-01 6.5081e+01 6.5108e+01 7.4372e-01 7.4372e-01 2.5628e-01 4.4389e-04
7.3869e-01 7.3869e-01 2.6131e-01 1.1405e-03 -2.3891e+00 -6.6698e+00 3.7810e-02 2.7410e+02 1.2149e+02 2.4995e+01 -1.6579e+01 6.5329e+01 -2.8148e-01 -3.9192e-02 6.4784e+01 9.6420e-02 6.5018e+01 6.5044e+01 7.3869e-01 7.3869e-01 2.6131e-01 4.5260e-04
7.3367e-01 7.3367e-01 2.6633e-01 1.1395e-03 -2.4595e+00 -6.5418e+00 3.9191e-02 2.7408e+02 1.1944e+02 2.3913e+01 -1.5975e+01 6.5241e+01 -2.7782e-01 -3.6072e-02 6.4743e+01 9.2545e-02 6.4956e+01 6.4980e+01 7.3367e-01 7.3367e-01 2.6633e-01 4.6130e-04
7.2864e-01 7.2864e-01 2.7136e-01 1.1385e-03 -2.5561e+00 -6.4184e+00 3.9887e-02 2.7406e+02 1.1767e+02 2.2895e+01 -1.5406e+01 6.5160e+01 -2.7021e-01 -3.3015e-02 6.4704e+01 8.8864e-02 6.4898e+01 6.4920e+01 7.2864e-01 7.2864e-01 2.7136e-01 4.7000e-04
7.2362e-01 7.2362e-01 2.7638e-01 1.1375e-03 -2.6526e+00 -6.2951e+00 4.0584e-02 2.7404e+02 1.1589e+02 2.1876e+01 -1.4836e+01 6.5078e+01 -2.6260e-01 -2.9957e-02 6.4664e+01 8.5184e-02 6.4839e+01 6.4860e+01 7.2362e-01 7.2362e-01 2.7638e-01 4.7871e-04
7.1859e-01 7.1859e-01 2.8141e-01 1.1366e-03 -2.7493e+00 -6.1716e+00 4.1247e-02 2.7402e+02 1.1412e+02 2.0857e+01 -1.4268e+01 6.4996e+01 -2.5490e-01 -2.6911e-02 6.4625e+01 8.1508e-02 6.4781e+01 6.4801e+01 7.1859e-01 7.1859e-01 2.8141e-01 4.8741e-04
7.1357e-01 7.1357e-01 2.8643e-01 1.1357e-03 -2.8510e+00 -6.0409e+00 4.0887e-02 2.7400e+02 1.1261e+02 1.9849e+01 -1.3731e+01 6.4924e+01 -2.4434e-01 -2.4219e-02 6.4590e+01 7.7965e-02 6.4728e+01 6.4747e+01 7.1357e-01 7.1357e-01 2.8643e-01 4.9612e-04
7.0854e-01 7.0854e-01 2.9146e-01 1.1349e-03 -2.9526e+00 -5.9103e+00 4.0526e-02 2.7398e+02 1.1110e+02 1.8841e+01 -1.3194e+01 6.4852e+01 -2.3378e-01 -2.1526e-02 6.4554e+01 7.4422e-02 6.4676e+01 6.4694e+01 7.0854e-01 7.0854e-01 2.9146e-01 5.0482e-04
7.0352e-01 7.0352e-01 2.9648e-01 1.1340e-03 -3.0543e+00 -5.7796e+00 4.0166e-02 2.7396e+02 1.0959e+02 1.7832e+01 -1.2657e+01 6.4780e+01 -2.2321e-01 -1.8834e-02 6.4518e+01 7.0880e-02 6.4624e+01 6.4641e+01 7.0352e-01 7.0352e-01 2.9648e-01 5.1352e-04
6.9849e-01 6.9849e-01 3.0151e-01 1.1332e-03 -3.1785e+00 -5.6525e+00 3.9483e-02 2.7394e+02 1.0830e+02 1.6874e+01 -1.2158e+01 6.4713e+01 -2.0930e-01 -1.6367e-02 6.4484e+01 6.7540e-02 6.4575e+01 6.4591e+01 6.9849e-01 6.9849e-01 3.0151e-01 5.2223e-04
6.9347e-01 6.9347e-01 3.0653e-01 1.1324e-03 -3.3046e+00 -5.5256e+00 3.8773e-02 2.7392e+02 1.0703e+02 1.5920e+01 -1.1661e+01 6.4647e+01 -1.9511e-01 -1.3918e-02 6.4451e+01 6.4218e-02 6.4526e+01 6.4541e+01 6.9347e-01 6.9347e-01 3.0653e-01 5.3093e-04
6.8844e-01 6.8844e-01 3.1156e-01 1.1316e-03 -3.4307e+00 -5.3987e+00 3.8063e-02 2.7390e+02 1.0577e+02 1.4965e+01 -1.1164e+01 6.4580e+01 -1.8091e-01 -1.1470e-02 6.4417e+01 6.0895e-02 6.4478e+01 6.4492e+01 6.8844e-01 6.8844e-01 3.1156e-01 5.3963e-04
6.8342e-01 6.8342e-01 3.1658e-01 1.1309e-03 -3.5505e+00 -5.2637e+00 3.6919e-02 2.7388e+02 1.0459e+02 1.4001e+01 -1.0692e+01 6.4521e+01 -1.6590e-01 -9.3823e-03 6.4385e+01 5.7712e-02 6.4433e+01 6.4446e+01 6.8342e-01 6.8342e-01 3.1658e-01 5.4834e-04
6.7839e-01 6.7839e-01 3.2161e-01 1.1302e-03 -3.6688e+00 -5.1269e+00 3.5675e-02 2.7386e+02 1.0344e+02 1.3034e+01 -1.0226e+01 6.4463e+01 -1.5069e-01 -7.3783e-03 6.4353e+01 5.4562e-02 6.4390e+01 6.4402e+01 6.7839e-01 6.7839e-01 3.2161e-01 5.5704e-04
6.7337e-01 6.7337e-01 3.2663e-01 1.1295e-03 -3.7871e+00 -4.9901e+00 3.4431e-02 2.7384e+02 1.0229e+02 1.2067e+01 -9.7601e+00 6.4404e+01 -1.3548e-01 -5.3743e-03 6.4322e+01 5.1411e-02 6.4346e+01 6.4357e+01 6.7337e-01 6.7337e-01 3.2663e-01 5.6575e-04
6.6834e-01 6.6834e-01 3.3166e-01 1.1288e-03 -3.9186e+00 -4.8552e+00 3.3121e-02 2.7382e+02 1.0126e+02 1.1132e+01 -9.3208e+00 6.4350e+01 -1.1833e-01 -3.5953e-03 6.4291e+01 4.8430e-02 6.4305e+01 6.4315e+01 6.6834e-01 6.6834e-01 3.3166e-01 5.7445e-04
6.6332e-01 6.6332e-01 3.3668e-01 1.1282e-03 -4.0557e+00 -4.7211e+00 3.1784e-02 2.7381e+02 1.0029e+02 1.0209e+01 -8.8929e+00 6.4297e+01 -1.0036e-01 -1.9112e-03 6.4261e+01 4.5520e-02 6.4264e+01 6.4274e+01 6.6332e-01 6.6332e-01 3.3668e-01 5.8315e-04
6.5829e-01 6.5829e-01 3.4171e-01 1.1276e-03 -4.1927e+00 -4.5871e+00 3.0446e-02 2.7379e+02 9.9314e+01 9.2867e+00 -8.4649e+00 6.4244e+01 -8.2382e-02 -2.2716e-04 6.4231e+01 4.2611e-02 6.4224e+01 6.4233e+01 6.5829e-01 6.5829e-01 3.4171e-01 5.9186e-04
6.5327e-01 6.5327e-01 3.4673e-01 1.1269e-03 -4.3182e+00 -4.4464e+00 2.8970e-02 2.7377e+02 9.8334e+01 8.3521e+00 -8.0533e+00 6.4195e+01 -6.4807e-02 1.2064e-03 6.4201e+01 3.9837e-02 6.4186e+01 6.4194e+01 6.5327e-01 6.5327e-01 3.4673e-01 6.0056e-04
6.4824e-01 6.4824e-01 3.5176e-01 1.1264e-03 -4.4358e+00 -4.3013e+00 2.7399e-02 2.7375e+02 9.7348e+01 7.4093e+00 -7.6529e+00 6.4149e+01 -4.7504e-02 2.4685e-03 6.4173e+01 3.7157e-02 6.4149e+01 6.4157e+01 6.4824e-01 6.4824e-01 3.5176e-01 6.0926e-04
6.4322e-01 6.4322e-01 3.5678e-01 1.1258e-03 -4.5535e+00 -4.1562e+00 2.5828e-02 2.7373e+02 9.6362e+01 6.4664e+00 -7.2525e+00 6.4103e+01 -3.0200e-02 3.7306e-03 6.4144e+01 3.4476e-02 6.4113e+01 6.4120e+01 6.4322e-01 6.4322e-01 3.5678e-01 6.1797e-04
6.3819e-01 6.3819e-01 3.6181e-01 1.1252e-03 -4.6777e+00 -4.0123e+00 2.4278e-02 2.7372e+02 9.5437e+01 5.5445e+00 -6.8694e+00 6.4059e+01 -1.1917e-02 4.8298e-03 6.4116e+01 3.1926e-02 6.4077e+01 6.4084e+01 6.3819e-01 6.3819e-01 3.6181e-01 6.2667e-04
6.3317e-01 6.3317e-01 3.6683e-01 1.1247e-03 -4.8089e+00 -3.8698e+00 2.2751e-02 2.7370e+02 9.4576e+01 4.6449e+00 -6.5046e+00 6.4018e+01 7.4096e-03 5.7555e-03 6.4088e+01 2.9514e-02 6.4043e+01 6.4050e+01 6.3317e-01 6.3317e-01 3.6683e-01 6.3538e-04
6.2814e-01 6.2814e-01 3.7186e-01 1.1242e-03 -4.9402e+00 -3.7273e+00 2.1224e-02 2.7368e+02 9.3715e+01 3.7452e+00 -6.1398e+00 6.3976e+01 2.6736e-02 6.6813e-03 6.4059e+01 2.7103e-02 6.4010e+01 6.4015e+01 6.2814e-01 6.2814e-01 3.7186e-01 6.4408e-04
6.2312e-01 6.2312e-01 3.7688e-01 1.1236e-03 -5.0604e+00 -3.5808e+00 1.9674e-02 2.7366e+02 9.2812e+01 2.8405e+00 -5.7844e+00 6.3937e+01 4.5294e-02 7.4775e-03 6.4032e+01 2.4798e-02 6.3977e+01 6.3982e+01 6.2312e-01 6.2312e-01 3.7688e-01 6.5278e-04
6.1809e-01 6.1809e-01 3.8191e-01 1.1232e-03 -5.1624e+00 -3.4277e+00 1.8085e-02 2.7365e+02 9.1841e+01 1.9276e+00 -5.4446e+00 6.3901e+01 6.2573e-02 8.0576e-03 6.4004e+01 2.2670e-02 6.3946e+01 6.3950e+01 6.1809e-01 6.1809e-01 3.8191e-01 6.6149e-04
6.1307e-01 6.1307e-01 3.8693e-01 1.1227e-03 -5.2643e+00 -3.2746e+00 1.6496e-02 2.7363e+02 9.0869e+01 1.0147e+00 -5.1048e+00 6.3865e+01 7.9851e-02 8.6378e-03 6.3977e+01 2.0542e-02 6.3915e+01 6.3919e+01 6.1307e-01 6.1307e-01 3.8693e-01 6.7019e-04
6.0804e-01 6.0804e-01 3.9196e-01 1.1222e-03 -5.3687e+00 -3.1224e+00 1.4937e-02 2.7362e+02 8.9920e+01 1.1492e-01 -4.7739e+00 6.3830e+01 9.7510e-02 9.1328e-03 6.3950e+01 1.8491e-02 6.3884e+01 6.3888e+01 6.0804e-01 6.0804e-01 3.9196e-01 6.7889e-04
6.0302e-01 6.0302e-01 3.9698e-01 1.1218e-03 -5.4799e+00 -2.9726e+00 1.3462e-02 2.7360e+02 8.9034e+01 -7.4833e-01 -4.4676e+00 6.3798e+01 1.1622e-01 9.3924e-03 6.3923e+01 1.6653e-02 6.3855e+01 6.3859e+01 6.0302e-01 6.0302e-01 3.9698e-01 6.8760e-04
5.9799e-01 5.9799e-01 4.0201e-01 1.1213e-03 -5.5912e+00 -2.8229e+00 1.1988e-02 2.7358e+02 8.8148e+01 -1.6116e+00 -4.1613e+00 6.3767e+01 1.3493e-01 9.6521e-03 6.3896e+01 1.4815e-02 6.3827e+01 6.3830e+01 5.9799e-01 5.9799e-01 4.0201e-01 6.9630e-04
5.9296e-01 5.9296e-01 4.0704e-01 1.1209e-03 -5.6966e+00 -2.6718e+00 1.0520e-02 2.7357e+02 8.7234e+01 -2.4737e+00 -3.8588e+00 6.3736e+01 1.5316e-01 9.8726e-03 6.3869e+01 1.3028e-02 6.3798e+01 6.3801e+01 5.9296e-01 5.9296e-01 4.0704e-01 7.0501e-04
5.8794e-01 5.8794e-01 4.1206e-01 1.1205e-03 -5.7707e+00 -2.5135e+00 9.0908e-03 2.7355e+02 8.6174e+01 -3.3298e+00 -3.5763e+00 6.3709e+01 1.6877e-01 9.8817e-03 6.3842e+01 1.1508e-02 6.3771e+01 6.3774e+01 5.8794e-01 5.8794e-01 4.1206e-01 7.1371e-04
5.8291e-01 5.8291e-01 4.1709e-01 1.1200e-03 -5.8447e+00 -2.3553e+00 7.6615e-03 2.7354e+02 8.5113e+01 -4.1859e+00 -3.2938e+00 6.3681e+01 1.8439e-01 9.8908e-03 6.3816e+01 9.9884e-03 6.3745e+01 6.3747e+01 5.8291e-01 5.8291e-01 4.1709e-01 7.2241e-04
5.7789e-01 5.7789e-01 4.2211e-01 1.1196e-03 -5.9190e+00 -2.1973e+00 6.2392e-03 2.7352e+02 8.4056e+01 -5.0390e+00 -3.0129e+00 6.3654e+01 2.0006e-01 9.8862e-03 6.3789e+01 8.4828e-03 6.3718e+01 6.3720e+01 5.7789e-01 5.7789e-01 4.2211e-01 7.3112e-04
5.7286e-01 5.7286e-01 4.2714e-01 1.1193e-03 -5.9991e+00 -2.0438e+00 4.9613e-03 2.7351e+02 8.3059e+01 -5.8323e+00 -2.7624e+00 6.3631e+01 2.1668e-01 9.6038e-03 6.3762e+01 7.2600e-03 6.3693e+01 6.3695e+01 5.7286e-01 5.7286e-01 4.2714e-01 7.3982e-04
5.6784e-01 5.6784e-01 4.3216e-01 1.1189e-03 -6.0791e+00 -1.8904e+00 3.6833e-03 2.7349e+02 8.2062e+01 -6.6256e+00 -2.5119e+00 6.3607e+01 2.3331e-01 9.3214e-03 6.3736e+01 6.0372e-03 6.3668e+01 6.3671e+01 5.6784e-01 5.6784e-01 4.3216e-01 7.4852e-04
5.6281e-01 5.6281e-01 4.3719e-01 1.1185e-03 -6.1592e+00 -1.7369e+00 2.4053e-03 2.7348e+02 8.1064e+01 -7.4189e+00 -2.2615e+00 6.3584e+01 2.4993e-01 9.0390e-03 6.3709e+01 4.8144e-03 6.3644e+01 6.3646e+01 5.6281e-01 5.6281e-01 4.3719e-01 7.5723e-04
5.5779e-01 5.5779e-01 4.4221e-01 1.1182e-03 -6.1990e+00 -1.5790e+00 1.2437e-03 2.7346e+02 7.9879e+01 -8.1758e+00 -2.0338e+00 6.3564e+01 2.6301e-01 8.6074e-03 6.3682e+01 3.8962e-03 6.3620e+01 6.3622e+01 5.5779e-01 5.5779e-01 4.4221e-01 7.6593e-04
5.5276e-01 5.5276e-01 4.4724e-01 1.1178e-03 -6.2363e+00 -1.4208e+00 8.9756e-05 2.7345e+02 7.8681e+01 -8.9302e+00 -1.8076e+00 6.3544e+01 2.7586e-01 8.1658e-03 6.3656e+01 2.9983e-03 6.3597e+01 6.3599e+01 5.5276e-01 5.5276e-01 4.4724e-01 7.7464e-04
5.4774e-01 5.4774e-01 4.5226e-01 1.1174e-03 -6.2735e+00 -1.2626e+00 -1.0641e-03 2.7344e+02 7.7483e+01 -9.6847e+00 -1.5814e+00 6.3524e+01 2.8870e-01 7.7243e-03 6.3629e+01 2.1003e-03 6.3574e+01 6.3576e+01 5.4774e-01 5.4774e-01 4.5226e-01 7.8334e-04
5.4271e-01 5.4271e-01 4.5729e-01 1.1171e-03 -6.3138e+00 -1.1102e+00 -2.0776e-03 2.7342e+02 7.6334e+01 -1.0372e+01 -1.3808e+00 6.3507e+01 3.0217e-01 7.0674e-03 6.3602e+01 1.4390e-03 6.3552e+01 6.3554e+01 5.4271e-01 5.4271e-01 4.5729e-01 7.9204e-04
5.3769e-01 5.3769e-01 4.6231e-01 1.1168e-03 -6.3548e+00 -9.5899e-01 -3.0619e-03 2.7341e+02 7.5195e+01 -1.1046e+01 -1.1856e+00 6.3491e+01 3.1577e-01 6.3659e-03 6.3576e+01 8.2670e-04 6.3531e+01 6.3532e+01 5.3769e-01 5.3769e-01 4.6231e-01 8.0075e-04
5.3266e-01 5.3266e-01 4.6734e-01 1.1165e-03 -6.3958e+00 -8.0778e-01 -4.0462e-03 2.7340e+02 7.4056e+01 -1.1719e+01 -9.9034e-01 6.3474e+01 3.2937e-01 5.6643e-03 6.3549e+01 2.1442e-04 6.3509e+01 6.3511e+01 5.3266e-01 5.3266e-01 4.6734e-01 8.0945e-04
5.2764e-01 5.2764e-01 4.7236e-01 1.1162e-03 -6.4037e+00 -6.5681e-01 -4.8998e-03 2.7338e+02 7.2780e+01 -1.2336e+01 -8.1348e-01 6.3460e+01 3.4001e-01 4.9045e-03 6.3522e+01 -1.7889e-04 6.3489e+01 6.3490e+01 5.2764e-01 5.2764e-01 4.7236e-01 8.1815e-04
5.2261e-01 5.2261e-01 4.7739e-01 1.1159e-03 -6.3986e+00 -5.0593e-01 -5.7022e-03 2.7337e+02 7.1450e+01 -1.2930e+01 -6.4382e-01 6.3447e+01 3.4950e-01 4.1220e-03 6.3495e+01 -4.8652e-04 6.3468e+01 6.3470e+01 5.2261e-01 5.2261e-01 4.7739e-01 8.2686e-04
5.1759e-01 5.1759e-01 4.8241e-01 1.1156e-03 -6.3935e+00 -3.5505e-01 -6.5046e-03 2.7336e+02 7.0120e+01 -1.3525e+01 -4.7416e-01 6.3433e+01 3.5898e-01 3.3395e-03 6.3468e+01 -7.9415e-04 6.3448e+01 6.3450e+01 5.1759e-01 5.1759e-01 4.8241e-01 8.3556e-04
5.1256e-01 5.1256e-01 4.8744e-01 1.1153e-03 -6.3900e+00 -2.1018e-01 -7.2067e-03 2.7335e+02 6.8834e+01 -1.4057e+01 -3.2256e-01 6.3422e+01 3.6888e-01 2.4178e-03 6.3441e+01 -9.4306e-04 6.3429e+01 6.3431e+01 5.1256e-01 5.1256e-01 4.8744e-01 8.4427e-04
5.0754e-01 5.0754e-01 4.9246e-01 1.1150e-03 -6.3877e+00 -6.9175e-02 -7.8445e-03 2.7333e+02 6.7576e+01 -1.4549e+01 -1.8253e-01 6.3412e+01 3.7904e-01 1.4070e-03 6.3415e+01 -9.9023e-04 6.3410e+01 6.3412e+01 5.0754e-01 5.0754e-01 4.9246e-01 8.5297e-04
5.0251e-01 5.0251e-01 4.9749e-01 1.1147e-03 -6.3853e+00 7.1835e-02 -8.4823e-03 2.7332e+02 6.6318e+01 -1.5042e+01 -4.2512e-02 6.3401e+01 3.8920e-01 3.9614e-04 6.3388e+01 -1.0374e-03 6.3392e+01 6.3394e+01 5.0251e-01 5.0251e-01 4.9749e-01 8.6167e-04
4.9749e-01 4.9749e-01 5.0251e-01 1.1145e-03 -6.5059e+00 1.8800e-01 -9.4415e-03 2.7330e+02 6.5077e+01 -1.5659e+01 5.7904e-02 6.3396e+01 4.0205e-01 4.6712e-05 6.3355e+01 -1.1422e-03 6.3375e+01 6.3376e+01 4.9749e-01 4.9749e-01 5.0251e-01 8.7038e-04
4.9246e-01 4.9246e-01 5.0754e-01 1.1142e-03 -6.4869e+00 3.2181e-01 -9.7768e-03 2.7329e+02 6.4082e+01 -1.6265e+01 1.6994e-01 6.3389e+01 4.0453e-01 -1.1634e-03 6.3329e+01 -1.0050e-03 6.3359e+01 6.3359e+01 4.9246e-01 4.9246e-01 5.0754e-01 8.7908e-04
4.8744e-01 4.8744e-01 5.1256e-01 1.1140e-03 -6.4679e+00 4.5563e-01 -1.0112e-02 2.7328e+02 6.3087e+01 -1.6870e+01 2.8198e-01 6.3382e+01 4.0701e-01 -2.3734e-03 6.3303e+01 -8.6772e-04 6.3342e+01 6.3342e+01 4.8744e-01 4.8744e-01 5.1256e-01 8.8778e-04
4.8241e-01 4.8241e-01 5.1759e-01 1.1137e-03 -6.4488e+00 5.8572e-01 -1.0377e-02 2.7327e+02 6.2098e+01 -1.7446e+01 3.8405e-01 6.3375e+01 4.0946e-01 -3.6334e-03 6.3277e+01 -6.4054e-04 6.3326e+01 6.3326e+01 4.8241e-01 4.8241e-01 5.1759e-01 8.9649e-04
4.7739e-01 4.7739e-01 5.2261e-01 1.1135e-03 -6.4296e+00 7.1000e-01 -1.0530e-02 2.7326e+02 6.1119e+01 -1.7978e+01 4.7058e-01 6.3371e+01 4.1188e-01 -4.9712e-03 6.3252e+01 -2.7305e-04 6.3310e+01 6.3311e+01 4.7739e-01 4.7739e-01 5.2261e-01 9.0519e-04
4.7236e-01 4.7236e-01 5.2764e-01 1.1133e-03 -6.4104e+00 8.3428e-01 -1.0684e-02 2.7325e+02 6.0140e+01 -1.8510e+01 5.5711e-01 6.3366e+01 4.1429e-01 -6.3091e-03 6.3227e+01 9.4443e-05 6.3295e+01 6.3296e+01 4.7236e-01 4.7236e-01 5.2764e-01 9.1390e-04
4.6734e-01 4.6734e-01 5.3266e-01 1.1131e-03 -6.3861e+00 9.5390e-01 -1.0766e-02 2.7324e+02 5.9151e+01 -1.9009e+01 6.3672e-01 6.3361e+01 4.1616e-01 -7.7187e-03 6.3202e+01 5.2140e-04 6.3280e+01 6.3281e+01 4.6734e-01 4.6734e-01 5.3266e-01 9.2260e-04
4.6231e-01 4.6231e-01 5.3769e-01 1.1129e-03 -6.3488e+00 1.0616e+00 -1.0666e-02 2.7323e+02 5.8137e+01 -1.9420e+01 6.9868e-01 6.3359e+01 4.1662e-01 -9.3120e-03 6.3178e+01 1.1003e-03 6.3267e+01 6.3268e+01 4.6231e-01 4.6231e-01 5.3769e-01 9.3130e-04
4.5729e-01 4.5729e-01 5.4271e-01 1.1127e-03 -6.3116e+00 1.1694e+00 -1.0566e-02 2.7322e+02 5.7123e+01 -1.9831e+01 7.6064e-01 6.3356e+01 4.1709e-01 -1.0905e-02 6.3154e+01 1.6793e-03 6.3254e+01 6.3255e+01 4.5729e-01 4.5729e-01 5.4271e-01 9.4001e-04
4.5226e-01 4.5226e-01 5.4774e-01 1.1125e-03 -6.2743e+00 1.2754e+00 -1.0436e-02 2.7321e+02 5.6111e+01 -2.0230e+01 8.1893e-01 6.3354e+01 4.1753e-01 -1.2510e-02 6.3130e+01 2.2908e-03 6.3241e+01 6.3242e+01 4.5226e-01 4.5226e-01 5.4774e-01 9.4871e-04
4.4724e-01 4.4724e-01 5.5276e-01 1.1123e-03 -6.2366e+00 1.3730e+00 -1.0166e-02 2.7320e+02 5.5113e+01 -2.0569e+01 8.5958e-01 6.3353e+01 4.1785e-01 -1.4172e-02 6.3107e+01 3.0593e-03 6.3229e+01 6.3230e+01 4.4724e-01 4.4724e-01 5.5276e-01 9.5742e-04
4.4221e-01 4.4221e-01 5.5779e-01 1.1122e-03 -6.1989e+00 1.4707e+00 -9.8956e-03 2.7319e+02 5.4114e+01 -2.0908e+01 9.0023e-01 6.3352e+01 4.1817e-01 -1.5834e-02 6.3084e+01 3.8279e-03 6.3217e+01 6.3218e+01 4.4221e-01 4.4221e-01 5.5779e-01 9.6612e-04
4.3719e-01 4.3719e-01 5.6281e-01 1.1120e-03 -6.1601e+00 1.5673e+00 -9.6116e-03 2.7318e+02 5.3114e+01 -2.1239e+01 9.3966e-01 6.3352e+01 4.1836e-01 -1.7505e-02 6.3062e+01 4.6065e-03 6.3205e+01 6.3206e+01 4.3719e-01 4.3719e-01 5.6281e-01 9.7482e-04
4.3216e-01 4.3216e-01 5.6784e-01 1.1119e-03 -6.1043e+00 1.6478e+00 -9.1208e-03 2.7317e+02 5.2081e+01 -2.1461e+01 9.6066e-01 6.3352e+01 4.1663e-01 -1.9308e-02 6.3041e+01 5.5364e-03 6.3195e+01 6.3196e+01 4.3216e-01 4.3216e-01 5.6784e-01 9.8353e-04
4.2714e-01 4.2714e-01 5.7286e-01 1.1117e-03 -6.0484e+00 1.7282e+00 -8.6301e-03 2.7316e+02 5.1048e+01 -2.1683e+01 9.8167e-01 6.3353e+01 4.1489e-01 -2.1112e-02 6.3020e+01 6.4663e-03 6.3185e+01 6.3186e+01 4.2714e-01 4.2714e-01 5.7286e-01 9.9223e-04
4.2211e-01 4.2211e-01 5.7789e-01 1.1116e-03 -5.9926e+00 1.8087e+00 -8.1394e-03 2.7315e+02 5.0016e+01 -2.1905e+01 1.0027e+00 6.3354e+01 4.1315e-01 -2.2915e-02 6.2999e+01 7.3962e-03 6.3174e+01 6.3176e+01 4.2211e-01 4.2211e-01 5.7789e-01 1.0009e-03
4.1709e-01 4.1709e-01 5.8291e-01 1.1114e-03 -5.9365e+00 1.8794e+00 -7.5049e-03 2.7314e+02 4.8999e+01 -2.2060e+01 1.0077e+00 6.3356e+01 4.1126e-01 -2.4723e-02 6.2979e+01 8.4545e-03 6.3165e+01 6.3167e+01 4.1709e-01 4.1709e-01 5.8291e-01 1.0096e-03
4.1206e-01 4.1206e-01 5.8794e-01 1.1113e-03 -5.8804e+00 1.9497e+00 -6.8633e-03 2.7314e+02 4.7983e+01 -2.2212e+01 1.0120e+00 6.3358e+01 4.0936e-01 -2.6530e-02 6.2959e+01 9.5191e-03 6.3157e+01 6.3158e+01 4.1206e-01 4.1206e-01 5.8794e-01 1.0183e-03
4.0704e-01 4.0704e-01 5.9296e-01 1.1112e-03 -5.8243e+00 2.0201e+00 -6.2217e-03 2.7313e+02 4.6968e+01 -2.2365e+01 1.0163e+00 6.3360e+01 4.0747e-01 -2.8338e-02 6.2939e+01 1.0584e-02 6.3148e+01 6.3149e+01 4.0704e-01 4.0704e-01 5.9296e-01 1.0270e-03
4.0201e-01 4.0201e-01 5.9799e-01 1.1111e-03 -5.7535e+00 2.0759e+00 -5.4318e-03 2.7312e+02 4.5926e+01 -2.2425e+01 1.0085e+00 6.3362e+01 4.0385e-01 -3.0162e-02 6.2922e+01 1.1727e-02 6.3140e+01 6.3141e+01 4.0201e-01 4.0201e-01 5.9799e-01 1.0357e-03
3.9698e-01 3.9698e-01 6.0302e-01 1.1110e-03 -5.6800e+00 2.1290e+00 -4.6144e-03 2.7312e+02 4.4881e+01 -2.2468e+01 9.9855e-01 6.3365e+01 3.9991e-01 -3.1989e-02 6.2904e+01 1.2885e-02 6.3132e+01 6.3134e+01 3.9698e-01 3.9698e-01 6.0302e-01 1.0445e-03
3.9196e-01 3.9196e-01 6.0804e-01 1.1109e-03 -5.6064e+00 2.1822e+00 -3.7969e-03 2.7311e+02 4.3835e+01 -2.2511e+01 9.8856e-01 6.3367e+01 3.9598e-01 -3.3816e-02 6.2887e+01 1.4043e-02 6.3125e+01 6.3126e+01 3.9196e-01 3.9196e-01 6.0804e-01 1.0532e-03
3.8693e-01 3.8693e-01 6.1307e-01 1.1108e-03 -5.5331e+00 2.2282e+00 -2.8877e-03 2.7310e+02 4.2804e+01 -2.2507e+01 9.6980e-01 6.3370e+01 3.9196e-01 -3.5597e-02 6.2870e+01 1.5252e-02 6.3118e+01 6.3119e+01 3.8693e-01 3.8693e-01 6.1307e-01 1.0619e-03
3.8191e-01 3.8191e-01 6.1809e-01 1.1107e-03 -5.4599e+00 2.2715e+00 -1.9453e-03 2.7310e+02 4.1778e+01 -2.2486e+01 9.4786e-01 6.3374e+01 3.8791e-01 -3.7362e-02 6.2854e+01 1.6480e-02 6.3112e+01 6.3113e+01 3.8191e-01 3.8191e-01 6.1809e-01 1.0706e-03
3.7688e-01 3.7688e-01 6.2312e-01 1.1106e-03 -5.3866e+00 2.3149e+00 -1.0029e-03 2.7309e+02 4.0753e+01 -2.2465e+01 9.2593e-01 6.3377e+01 3.8386e-01 -3.9127e-02 6.2838e+01 1.7707e-02 6.3105e+01 6.3107e+01 3.7688e-01 3.7688e-01 6.2312e-01 1.0793e-03
3.7186e-01 3.7186e-01 6.2814e-01 1.1105e-03 -5.3034e+00 2.3480e+00 1.4505e-05 2.7308e+02 3.9713e+01 -2.2383e+01 8.9853e-01 6.3381e+01 3.7863e-01 -4.0825e-02 6.2823e+01 1.8944e-02 6.3100e+01 6.3101e+01 3.7186e-01 3.7186e-01 6.2814e-01 1.0880e-03
3.6683e-01 3.6683e-01 6.3317e-01 1.1105e-03 -5.2142e+00 2.3750e+00 1.0769e-03 2.7308e+02 3.8666e+01 -2.2265e+01 8.6786e-01 6.3384e+01 3.7269e-01 -4.2483e-02 6.2809e+01 2.0186e-02 6.3094e+01 6.3096e+01 3.6683e-01 3.6683e-01 6.3317e-01 1.0967e-03
3.6181e-01 3.6181e-01 6.3819e-01 1.1104e-03 -5.1250e+00 2.4019e+00 2.1393e-03 2.7307e+02 3.7618e+01 -2.2147e+01 8.3718e-01 6.3387e+01 3.6676e-01 -4.4141e-02 6.2795e+01 2.1428e-02 6.3089e+01 6.3090e+01 3.6181e-01 3.6181e-01 6.3819e-01 1.1054e-03
3.5678e-01 3.5678e-01 6.4322e-01 1.1103e-03 -5.0364e+00 2.4242e+00 3.2491e-03 2.7307e+02 3.6584e+01 -2.1999e+01 8.0280e-01 6.3390e+01 3.6082e-01 -4.5734e-02 6.2782e+01 2.2669e-02 6.3084e+01 6.3086e+01 3.5678e-01 3.5678e-01 6.4322e-01 1.1141e-03
3.5176e-01 3.5176e-01 6.4824e-01 1.1103e-03 -4.9485e+00 2.4421e+00 4.4033e-03 2.7306e+02 3.5562e+01 -2.1823e+01 7.6494e-01 6.3394e+01 3.5487e-01 -4.7265e-02 6.2770e+01 2.3911e-02 6.3080e+01 6.3081e+01 3.5176e-01 3.5176e-01 6.4824e-01 1.1228e-03
3.4673e-01 3.4673e-01 6.5327e-01 1.1102e-03 -4.8605e+00 2.4600e+00 5.5576e-03 2.7306e+02 3.4539e+01 -2.1648e+01 7.2708e-01 6.3398e+01 3.4893e-01 -4.8797e-02 6.2758e+01 2.5153e-02 6.3076e+01 6.3077e+01 3.4673e-01 3.4673e-01 6.5327e-01 1.1315e-03
3.4171e-01 3.4171e-01 6.5829e-01 1.1102e-03 -4.7670e+00 2.4719e+00 6.7327e-03 2.7305e+02 3.3513e+01 -2.1439e+01 6.8783e-01 6.3401e+01 3.4233e-01 -5.0235e-02 6.2746e+01 2.6367e-02 6.3072e+01 6.3073e+01 3.4171e-01 3.4171e-01 6.5829e-01 1.1402e-03
3.3668e-01 3.3668e-01 6.6332e-01 1.1101e-03 -4.6653e+00 2.4749e+00 7.9383e-03 2.7305e+02 3.2481e+01 -2.1182e+01 6.4657e-01 6.3404e+01 3.3477e-01 -5.1538e-02 6.2736e+01 2.7540e-02 6.3068e+01 6.3069e+01 3.3668e-01 3.3668e-01 6.6332e-01 1.1489e-03
3.3166e-01 3.3166e-01 6.6834e-01 1.1101e-03 -4.5636e+00 2.4779e+00 9.1439e-03 2.7305e+02 3.1449e+01 -2.0924e+01 6.0531e-01 6.3406e+01 3.2721e-01 -5.2842e-02 6.2726e+01 2.8713e-02 6.3065e+01 6.3066e+01 3.3166e-01 3.3166e-01 6.6834e-01 1.1576e-03
3.2663e-01 3.2663e-01 6.7337e-01 1.1100e-03 -4.4627e+00 2.4785e+00 1.0364e-02 2.7304e+02 3.0427e+01 -2.0652e+01 5.6325e-01 6.3409e+01 3.1970e-01 -5.4090e-02 6.2717e+01 2.9865e-02 6.3061e+01 6.3062e+01 3.2663e-01 3.2663e-01 6.7337e-01 1.1663e-03
3.2161e-01 3.2161e-01 6.7839e-01 1.1100e-03 -4.3635e+00 2.4735e+00 1.1620e-02 2.7304e+02 2.9427e+01 -2.0346e+01 5.1929e-01 6.3412e+01 3.1230e-01 -5.5209e-02 6.2709e+01 3.0968e-02 6.3058e+01 6.3060e+01 3.2161e-01 3.2161e-01 6.7839e-01 1.1750e-03
3.1658e-01 3.1658e-01 6.8342e-01 1.1099e-03 -4.2644e+00 2.4685e+00 1.2875e-02 2.7304e+02 2.8427e+01 -2.0040e+01 4.7533e-01 6.3415e+01 3.0490e-01 -5.6328e-02 6.2700e+01 3.2071e-02 6.3056e+01 6.3057e+01 3.1658e-01 3.1658e-01 6.8342e-01 1.1837e-03
3.1156e-01 3.1156e-01 6.8844e-01 1.1099e-03 -4.1632e+00 2.4611e+00 1.4124e-02 2.7303e+02 2.7428e+01 -1.9722e+01 4.3163e-01 6.3418e+01 2.9727e-01 -5.7383e-02 6.2692e+01 3.3147e-02 6.3053e+01 6.3054e+01 3.1156e-01 3.1156e-01 6.8844e-01 1.1924e-03
3.0653e-01 3.0653e-01 6.9347e-01 1.1099e-03 -4.0532e+00 2.4433e+00 1.5346e-02 2.7303e+02 2.6435e+01 -1.9352e+01 3.8902e-01 6.3419e+01 2.8864e-01 -5.8167e-02 6.2686e+01 3.4103e-02 6.3051e+01 6.3052e+01 3.0653e-01 3.0653e-01 6.9347e-01 1.2011e-03
3.0151e-01 3.0151e-01 6.9849e-01 1.1098e-03 -3.9432e+00 2.4254e+00 1.6569e-02 2.7303e+02 2.5441e+01 -1.8982e+01 3.4641e-01 6.3420e+01 2.8000e-01 -5.8951e-02 6.2680e+01 3.5060e-02 6.3048e+01 6.3049e+01 3.0151e-01 3.0151e-01 6.9849e-01 1.2098e-03
2.9648e-01 2.9648e-01 7.0352e-01 1.1098e-03 -3.8336e+00 2.4071e+00 1.7790e-02 2.7303e+02 2.4450e+01 -1.8609e+01 3.0390e-01 6.3422e+01 2.7139e-01 -5.9717e-02 6.2674e+01 3.6006e-02 6.3046e+01 6.3047e+01 2.9648e-01 2.9648e-01 7.0352e-01 1.2185e-03
2.9146e-01 2.9146e-01 7.0854e-01 1.1098e-03 -3.7277e+00 2.3826e+00 1.9009e-02 2.7302e+02 2.3496e+01 -1.8199e+01 2.6252e-01 6.3423e+01 2.6313e-01 -6.0273e-02 6.2669e+01 3.6829e-02 6.3044e+01 6.3045e+01 2.9146e-01 2.9146e-01 7.0854e-01 1.2272e-03
2.8643e-01 2.8643e-01 7.1357e-01 1.1098e-03 -3.6218e+00 2.3582e+00 2.0227e-02 2.7302e+02 2.2542e+01 -1.7790e+01 2.2114e-01 6.3424e+01 2.5486e-01 -6.0829e-02 6.2664e+01 3.7651e-02 6.3043e+01 6.3044e+01 2.8643e-01 2.8643e-01 7.1357e-01 1.2359e-03
2.8141e-01 2.8141e-01 7.1859e-01 1.1098e-03 -3.5159e+00 2.3337e+00 2.1445e-02 2.7302e+02 2.1589e+01 -1.7381e+01 1.7977e-01 6.3426e+01 2.4660e-01 -6.1386e-02 6.2659e+01 3.8474e-02 6.3041e+01 6.3042e+01 2.8141e-01 2.8141e-01 7.1859e-01 1.2446e-03
2.7638e-01 2.7638e-01 7.2362e-01 1.1097e-03 -3.4028e+00 2.2993e+00 2.2529e-02 2.7302e+02 2.0658e+01 -1.6930e+01 1.4328e-01 6.3425e+01 2.3759e-01 -6.1540e-02 6.2656e+01 3.9093e-02 6.3040e+01 6.3040e+01 2.7638e-01 2.7638e-01 7.2362e-01 1.2533e-03
2.7136e-01 2.7136e-01 7.2864e-01 1.1097e-03 -3.2895e+00 2.2646e+00 2.3608e-02 2.7302e+02 1.9727e+01 -1.6476e+01 1.0695e-01 6.3424e+01 2.2857e-01 -6.1680e-02 6.2653e+01 3.9705e-02 6.3038e+01 6.3038e+01 2.7136e-01 2.7136e-01 7.2864e-01 1.2620e-03
2.6633e-01 2.6633e-01 7.3367e-01 1.1097e-03 -3.1762e+00 2.2299e+00 2.4687e-02 2.7302e+02 1.8797e+01 -1.6023e+01 7.0626e-02 6.3423e+01 2.1954e-01 -6.1821e-02 6.2651e+01 4.0317e-02 6.3036e+01 6.3037e+01 2.6633e-01 2.6633e-01 7.3367e-01 1.2708e-03
2.6131e-01 2.6131e-01 7.3869e-01 1.1097e-03 -3.0679e+00 2.1909e+00 2.5703e-02 2.7301e+02 1.7909e+01 -1.5545e+01 3.7981e-02 6.3422e+01 2.1104e-01 -6.1751e-02 6.2649e+01 4.0770e-02 6.3035e+01 6.3035e+01 2.6131e-01 2.6131e-01 7.3869e-01 1.2795e-03
2.5628e-01 2.5628e-01 7.4372e-01 1.1096e-03 -2.9604e+00 2.1512e+00 2.6710e-02 2.7301e+02 1.7027e+01 -1.5063e+01 5.9391e-03 6.3421e+01 2.0262e-01 -6.1645e-02 6.2647e+01 4.1197e-02 6.3034e+01 6.3034e+01 2.5628e-01 2.5628e-01 7.4372e-01 1.2882e-03
2.5126e-01 2.5126e-01 7.4874e-01 1.1096e-03 -2.8528e+00 2.1115e+00 2.7716e-02 2.7301e+02 1.6145e+01 -1.4581e+01 -2.6103e-02 6.3420e+01 1.9421e-01 -6.1540e-02 6.2646e+01 4.1624e-02 6.3033e+01 6.3033e+01 2.5126e-01 2.5126e-01 7.4874e-01 1.2969e-03
2.4623e-01 2.4623e-01 7.5377e-01 1.1099e-03 -2.7664e+00 1.9920e+00 3.2568e-02 2.7303e+02 1.5455e+01 -1.4422e+01 2.2785e-02 6.3429e+01 1.8557e-01 -6.0730e-02 6.2680e+01 3.9075e-02 6.3049e+01 6.3053e+01 2.4623e-01 2.4623e-01 7.5377e-01 1.3056e-03
2.4121e-01 2.4121e-01 7.5879e-01 1.1099e-03 -2.6650e+00 1.9569e+00 3.2913e-02 2.7302e+02 1.4766e+01 -1.4102e+01 -3.6658e-02 6.3425e+01 1.7584e-01 -6.1117e-02 6.2676e+01 3.9981e-02 6.3046e+01 6.3049e+01 2.4121e-01 2.4121e-01 7.5879e-01 1.3143e-03
2.3618e-01 2.3618e-01 7.6382e-01 1.1098e-03 -2.5636e+00 1.9218e+00 3.3257e-02 2.7302e+02 1.4077e+01 -1.3782e+01 -9.6100e-02 6.3422e+01 1.6612e-01 -6.1504e-02 6.2673e+01 4.0887e-02 6.3044e+01 6.3046e+01 2.3618e-01 2.3618e-01 7.6382e-01 1.3230e-03
2.3116e-01 2.3116e-01 7.6884e-01 1.1098e-03 -2.4654e+00 1.8843e+00 3.3331e-02 2.7302e+02 1.3388e+01 -1.3426e+01 -1.4780e-01 6.3418e+01 1.5701e-01 -6.1641e-02 6.2670e+01 4.1623e-02 6.3042e+01 6.3043e+01 2.3116e-01 2.3116e-01 7.6884e-01 1.3317e-03
2.2613e-01 2.2613e-01 7.7387e-01 1.1098e-03 -2.3690e+00 1.8453e+00 3.3252e-02 2.7301e+02 1.2698e+01 -1.3051e+01 -1.9515e-01 6.3415e+01 1.4824e-01 -6.1637e-02 6.2667e+01 4.2265e-02 6.3040e+01 6.3041e+01 2.2613e-01 2.2613e-01 7.7387e-01 1.3404e-03
2.2111e-01 2.2111e-01 7.7889e-01 1.1097e-03 -2.2726e+00 1.8063e+00 3.3172e-02 2.7301e+02 1.2009e+01 -1.2675e+01 -2.4250e-01 6.3412e+01 1.3947e-01 -6.1634e-02 6.2665e+01 4.2906e-02 6.3038e+01 6.3038e+01 2.2111e-01 2.2111e-01 7.7889e-01 1.3491e-03
2.1608e-01 2.1608e-01 7.8392e-01 1.1097e-03 -2.1759e+00 1.7593e+00 3.2843e-02 2.7301e+02 1.1274e+01 -1.2199e+01 -2.7626e-01 6.3407e+01 1.3121e-01 -6.1508e-02 6.2665e+01 4.3413e-02 6.3036e+01 6.3036e+01 2.1608e-01 2.1608e-01 7.8392e-01 1.3578e-03
2.1106e-01 2.1106e-01 7.8894e-01 1.1097e-03 -2.0788e+00 1.7053e+00 3.2292e-02 2.7301e+02 1.0498e+01 -1.1634e+01 -2.9802e-01 6.3401e+01 1.2340e-01 -6.1274e-02 6.2668e+01 4.3800e-02 6.3036e+01 6.3035e+01 2.1106e-01 2.1106e-01 7.8894e-01 1.3665e-03
2.0603e-01 2.0603e-01 7.9397e-01 1.1097e-03 -1.9817e+00 1.6512e+00 3.1741e-02 2.7301e+02 9.7221e+00 -1.1068e+01 -3.1979e-01 6.3395e+01 1.1558e-01 -6.1040e-02 6.2671e+01 4.4187e-02 6.3035e+01 6.3034e+01 2.0603e-01 2.0603e-01 7.9397e-01 1.3752e-03
2.0101e-01 2.0101e-01 7.9899e-01 1.1097e-03 -1.8875e+00 1.5970e+00 3.1093e-02 2.7300e+02 8.9639e+00 -1.0497e+01 -3.3806e-01 6.3389e+01 1.0817e-01 -6.0657e-02 6.2675e+01 4.4454e-02 6.3034e+01 6.3033e+01 2.0101e-01 2.0101e-01 7.9899e-01 1.3839e-03
1.9598e-01 1.9598e-01 8.0402e-01 1.1096e-03 -1.7973e+00 1.5423e+00 3.0313e-02 2.7300e+02 8.2295e+00 -9.9157e+00 -3.5153e-01 6.3383e+01 1.0130e-01 -6.0071e-02 6.2678e+01 4.4556e-02 6.3034e+01 6.3032e+01 1.9598e-01 1.9598e-01 8.0402e-01 1.3926e-03
1.9095e-01 1.9095e-01 8.0905e-01 1.1096e-03 -1.7071e+00 1.4877e+00 2.9532e-02 2.7300e+02 7.4951e+00 -9.3347e+00 -3.6500e-01 6.3377e+01 9.4427e-02 -5.9485e-02 6.2682e+01 4.4657e-02 6.3033e+01 6.3031e+01 1.9095e-01 1.9095e-01 8.0905e-01 1.4013e-03
1.8593e-01 1.8593e-01 8.1407e-01 1.1096e-03 -1.6179e+00 1.4305e+00 2.8696e-02 2.7300e+02 6.7582e+00 -8.7241e+00 -3.7313e-01 6.3370e+01 8.7849e-02 -5.8833e-02 6.2687e+01 4.4677e-02 6.3033e+01 6.3030e+01 1.8593e-01 1.8593e-01 8.1407e-01 1.4100e-03
1.8090e-01 1.8090e-01 8.1910e-01 1.1096e-03 -1.5306e+00 1.3676e+00 2.7738e-02 2.7300e+02 6.0158e+00 -8.0478e+00 -3.6951e-01 6.3362e+01 8.1917e-02 -5.8036e-02 6.2695e+01 4.4517e-02 6.3034e+01 6.3030e+01 1.8090e-01 1.8090e-01 8.1910e-01 1.4187e-03
1.7588e-01 1.7588e-01 8.2412e-01 1.1096e-03 -1.4434e+00 1.3047e+00 2.6780e-02 2.7300e+02 5.2733e+00 -7.3716e+00 -3.6588e-01 6.3353e+01 7.5985e-02 -5.7239e-02 6.2703e+01 4.4358e-02 6.3034e+01 6.3030e+01 1.7588e-01 1.7588e-01 8.2412e-01 1.4274e-03
1.7085e-01 1.7085e-01 8.2915e-01 1.1096e-03 -1.3578e+00 1.2424e+00 2.5803e-02 2.7300e+02 4.5461e+00 -6.7019e+00 -3.6127e-01 6.3345e+01 7.0230e-02 -5.6380e-02 6.2711e+01 4.4139e-02 6.3034e+01 6.3030e+01 1.7085e-01 1.7085e-01 8.2915e-01 1.4361e-03
1.6583e-01 1.6583e-01 8.3417e-01 1.1096e-03 -1.2788e+00 1.1822e+00 2.4751e-02 2.7300e+02 3.8787e+00 -6.0576e+00 -3.5278e-01 6.3337e+01 6.5166e-02 -5.5282e-02 6.2719e+01 4.3687e-02 6.3035e+01 6.3030e+01 1.6583e-01 1.6583e-01 8.3417e-01 1.4448e-03
1.6080e-01 1.6080e-01 8.3920e-01 1.1096e-03 -1.1997e+00 1.1221e+00 2.3699e-02 2.7300e+02 3.2113e+00 -5.4134e+00 -3.4428e-01 6.3329e+01 6.0103e-02 -5.4184e-02 6.2728e+01 4.3234e-02 6.3035e+01 6.3031e+01 1.6080e-01 1.6080e-01 8.3920e-01 1.4535e-03
1.5578e-01 1.5578e-01 8.4422e-01 1.1097e-03 -1.1212e+00 1.0617e+00 2.2648e-02 2.7300e+02 2.5490e+00 -4.7691e+00 -3.3482e-01 6.3321e+01 5.5119e-02 -5.3069e-02 6.2736e+01 4.2758e-02 6.3035e+01 6.3031e+01 1.5578e-01 1.5578e-01 8.4422e-01 1.4622e-03
1.5075e-01 1.5075e-01 8.4925e-01 1.1097e-03 -1.0479e+00 9.9956e-01 2.1611e-02 2.7300e+02 1.9367e+00 -4.1249e+00 -3.1602e-01 6.3311e+01 5.0899e-02 -5.1794e-02 6.2747e+01 4.2053e-02 6.3036e+01 6.3031e+01 1.5075e-01 1.5075e-01 8.4925e-01 1.4709e-03
1.4573e-01 1.4573e-01 8.5427e-01 1.1097e-03 -9.7459e-01 9.3739e-01 2.0574e-02 2.7300e+02 1.3244e+00 -3.4807e+00 -2.9722e-01 6.3301e+01 4.6678e-02 -5.0519e-02 6.2758e+01 4.1347e-02 6.3037e+01 6.3032e+01 1.4573e-01 1.4573e-01 8.5427e-01 1.4796e-03
1.4070e-01 1.4070e-01 8.5930e-01 1.1097e-03 -9.0128e-01 8.7522e-01 1.9537e-02 2.7300e+02 7.1203e-01 -2.8365e+00 -2.7842e-01 6.3291e+01 4.2457e-02 -4.9244e-02 6.2770e+01 4.0642e-02 6.3037e+01 6.3033e+01 1.4070e-01 1.4070e-01 8.5930e-01 1.4883e-03
1.3568e-01 1.3568e-01 8.6432e-01 1.1097e-03 -8.3673e-01 8.1844e-01 1.8490e-02 2.7300e+02 1.9503e-01 -2.2649e+00 -2.5743e-01 6.3282e+01 3.8974e-02 -4.7737e-02 6.2780e+01 3.9668e-02 6.3038e+01 6.3033e+01 1.3568e-01 1.3568e-01 8.6432e-01 1.4970e-03
1.3065e-01 1.3065e-01 8.6935e-01 1.1097e-03 -7.7231e-01 7.6175e-01 1.7442e-02 2.7300e+02 -3.2045e-01 -1.6945e+00 -2.3641e-01 6.3272e+01 3.5502e-02 -4.6226e-02 6.2791e+01 3.8689e-02 6.3039e+01 6.3034e+01 1.3065e-01 1.3065e-01 8.6935e-01 1.5058e-03
1.2563e-01 1.2563e-01 8.7437e-01 1.1097e-03 -7.0790e-01 7.0505e-01 1.6395e-02 2.7300e+02 -8.3593e-01 -1.1242e+00 -2.1539e-01 6.3263e+01 3.2031e-02 -4.4715e-02 6.2801e+01 3.7710e-02 6.3040e+01 6.3035e+01 1.2563e-01 1.2563e-01 8.7437e-01 1.5145e-03
1.2060e-01 1.2060e-01 8.7940e-01 1.1097e-03 -6.5007e-01 6.5103e-01 1.5451e-02 2.7300e+02 -1.2657e+00 -6.2219e-01 -1.8949e-01 6.3252e+01 2.9161e-02 -4.3095e-02 6.2814e+01 3.6545e-02 6.3040e+01 6.3035e+01 1.2060e-01 1.2060e-01 8.7940e-01 1.5232e-03
1.1558e-01 1.1558e-01 8.8442e-01 1.1098e-03 -5.9318e-01 5.9739e-01 1.4521e-02 2.7300e+02 -1.6833e+00 -1.2998e-01 -1.6291e-01 6.3242e+01 2.6377e-02 -4.1461e-02 6.2826e+01 3.5352e-02 6.3041e+01 6.3036e+01 1.1558e-01 1.1558e-01 8.8442e-01 1.5319e-03
1.1055e-01 1.1055e-01 8.8945e-01 1.1098e-03 -5.3629e-01 5.4375e-01 1.3592e-02 2.7300e+02 -2.1008e+00 3.6224e-01 -1.3632e-01 6.3231e+01 2.3593e-02 -3.9826e-02 6.2839e+01 3.4160e-02 6.3042e+01 6.3037e+01 1.1055e-01 1.1055e-01 8.8945e-01 1.5406e-03
1.0553e-01 1.0553e-01 8.9447e-01 1.1098e-03 -4.8621e-01 4.9565e-01 1.2685e-02 2.7300e+02 -2.4390e+00 7.7830e-01 -1.0942e-01 6.3222e+01 2.1269e-02 -3.8074e-02 6.2850e+01 3.2802e-02 6.3043e+01 6.3038e+01 1.0553e-01 1.0553e-01 8.9447e-01 1.5493e-03
1.0050e-01 1.0050e-01 8.9950e-01 1.1098e-03 -4.3821e-01 4.4926e-01 1.1785e-02 2.7300e+02 -2.7530e+00 1.1710e+00 -8.2424e-02 6.3212e+01 1.9087e-02 -3.6285e-02 6.2861e+01 3.1393e-02 6.3043e+01 6.3039e+01 1.0050e-01 1.0050e-01 8.9950e-01 1.5580e-03
9.5477e-02 9.5477e-02 9.0452e-01 1.1098e-03 -3.9022e-01 4.0286e-01 1.0886e-02 2.7300e+02 -3.0669e+00 1.5638e+00 -5.5426e-02 6.3203e+01 1.6904e-02 -3.4497e-02 6.2873e+01 2.9984e-02 6.3044e+01 6.3040e+01 9.5477e-02 9.5477e-02 9.0452e-01 1.5667e-03
9.0452e-02 9.0452e-02 9.0955e-01 1.1098e-03 -3.4762e-01 3.6066e-01 1.0082e-02 2.7300e+02 -3.3041e+00 1.8740e+00 -2.6642e-02 6.3193e+01 1.5051e-02 -3.2679e-02 6.2884e+01 2.8493e-02 6.3045e+01 6.3041e+01 9.0452e-02 9.0452e-02 9.0955e-01 1.5754e-03
8.5427e-02 8.5427e-02 9.1457e-01 1.1098e-03 -3.0786e-01 3.2067e-01 9.3274e-03 2.7300e+02 -3.5012e+00 2.1409e+00 3.0772e-03 6.3183e+01 1.3371e-02 -3.0846e-02 6.2896e+01 2.6959e-02 6.3046e+01 6.3042e+01 8.5427e-02 8.5427e-02 9.1457e-01 1.5841e-03
8.0402e-02 8.0402e-02 9.1960e-01 1.1098e-03 -2.6810e-01 2.8067e-01 8.5732e-03 2.7300e+02 -3.6982e+00 2.4079e+00 3.2796e-02 6.3173e+01 1.1691e-02 -2.9012e-02 6.2909e+01 2.5424e-02 6.3046e+01 6.3043e+01 8.0402e-02 8.0402e-02 9.1960e-01 1.5928e-03
7.5377e-02 7.5377e-02 9.2462e-01 1.1099e-03 -2.3280e-01 2.4493e-01 7.8395e-03 2.7300e+02 -3.8441e+00 2.6193e+00 6.2061e-02 6.3164e+01 1.0253e-02 -2.7152e-02 6.2920e+01 2.3829e-02 6.3047e+01 6.3044e+01 7.5377e-02 7.5377e-02 9.2462e-01 1.6015e-03
7.0352e-02 7.0352e-02 9.2965e-01 1.1099e-03 -2.0118e-01 2.1269e-01 7.1229e-03 2.7300e+02 -3.9476e+00 2.7847e+00 9.0950e-02 6.3156e+01 9.0172e-03 -2.5270e-02 6.2930e+01 2.2183e-02 6.3048e+01 6.3044e+01 7.0352e-02 7.0352e-02 9.2965e-01 1.6102e-03
6.5327e-02 6.5327e-02 9.3467e-01 1.1099e-03 -1.6957e-01 1.8046e-01 6.4063e-03 2.7300e+02 -4.0511e+00 2.9501e+00 1.1984e-01 6.3147e+01 7.7811e-03 -2.3388e-02 6.2940e+01 2.0538e-02 6.3048e+01 6.3045e+01 6.5327e-02 6.5327e-02 9.3467e-01 1.6189e-03
6.0302e-02 6.0302e-02 9.3970e-01 1.1099e-03 -1.4138e-01 1.5161e-01 5.7406e-03 2.7300e+02 -4.1065e+00 3.0566e+00 1.4922e-01 6.3139e+01 6.6828e-03 -2.1536e-02 6.2951e+01 1.8904e-02 6.3049e+01 6.3046e+01 6.0302e-02 6.0302e-02 9.3970e-01 1.6276e-03
5.5276e-02 5.5276e-02 9.4472e-01 1.1099e-03 -1.1760e-01 1.2712e-01 5.1404e-03 2.7300e+02 -4.1001e+00 3.0876e+00 1.7925e-01 6.3131e+01 5.7615e-03 -1.9723e-02 6.2961e+01 1.7285e-02 6.3050e+01 6.3047e+01 5.5276e-02 5.5276e-02 9.4472e-01 1.6363e-03
5.0251e-02 5.0251e-02 9.4975e-01 1.1099e-03 -9.3820e-02 1.0263e-01 4.5401e-03 2.7300e+02 -4.0937e+00 3.1186e+00 2.0927e-01 6.3123e+01 4.8402e-03 -1.7909e-02 6.2971e+01 1.5667e-02 6.3051e+01 6.3048e+01 5.0251e-02 5.0251e-02 9.4975e-01 1.6450e-03
4.5226e-02 4.5226e-02 9.5477e-01 1.1100e-03 -7.2223e-02 8.0399e-02 3.9485e-03 2.7300e+02 -4.0657e+00 3.1246e+00 2.3860e-01 6.3116e+01 4.0166e-03 -1.6124e-02 6.2981e+01 1.4066e-02 6.3051e+01 6.3049e+01 4.5226e-02 4.5226e-02 9.5477e-01 1.6537e-03
4.0201e-02 4.0201e-02 9.5980e-01 1.1100e-03 -5.5099e-02 6.2809e-02 3.3746e-03 2.7300e+02 -3.9933e+00 3.0794e+00 2.6653e-01 6.3109e+01 3.3932e-03 -1.4397e-02 6.2989e+01 1.2502e-02 6.3052e+01 6.3050e+01 4.0201e-02 4.0201e-02 9.5980e-01 1.6624e-03
3.5176e-02 3.5176e-02 9.6482e-01 1.1100e-03 -3.7976e-02 4.5219e-02 2.8006e-03 2.7300e+02 -3.9209e+00 3.0343e+00 2.9445e-01 6.3103e+01 2.7698e-03 -1.2669e-02 6.2997e+01 1.0937e-02 6.3053e+01 6.3051e+01 3.5176e-02 3.5176e-02 9.6482e-01 1.6711e-03
3.0151e-02 3.0151e-02 9.6985e-01 1.1100e-03 -2.2237e-02 2.9154e-02 2.2381e-03 2.7300e+02 -3.8318e+00 2.9672e+00 3.2230e-01 6.3097e+01 2.1806e-03 -1.0992e-02 6.3005e+01 9.4301e-03 6.3054e+01 6.3052e+01 3.0151e-02 3.0151e-02 9.6985e-01 1.6798e-03
2.5126e-02 2.5126e-02 9.7487e-01 1.1100e-03 -1.1442e-02 1.8538e-02 1.7166e-03 2.7300e+02 -3.6826e+00 2.8217e+00 3.4988e-01 6.3092e+01 1.7137e-03 -9.4943e-03 6.3013e+01 8.1274e-03 6.3055e+01 6.3053e+01 2.5126e-02 2.5126e-02 9.7487e-01 1.6885e-03
2.0101e-02 2.0101e-02 9.7990e-01 1.1100e-03 -6.4792e-04 7.9217e-03 1.1950e-03 2.7300e+02 -3.5334e+00 2.6763e+00 3.7746e-01 6.3087e+01 1.2468e-03 -7.9966e-03 6.3020e+01 6.8247e-03 6.3056e+01 6.3054e+01 2.0101e-02 2.0101e-02 9.7990e-01 1.6972e-03
1.5075e-02 1.5075e-02 9.8492e-01 1.1101e-03 9.6597e-03 -2.1830e-03 6.7478e-04 2.7300e+02 -3.3819e+00 2.5284e+00 4.0458e-01 6.3082e+01 7.9994e-04 -6.5273e-03 6.3028e+01 5.5537e-03 6.3057e+01 6.3055e+01 1.5075e-02 1.5075e-02 9.8492e-01 1.7059e-03
1.0050e-02 1.0050e-02 9.8995e-01 1.1101e-03 1.6002e-02 -8.1210e-03 1.6495e-04 2.7300e+02 -3.2115e+00 2.3607e+00 4.2784e-01 6.3078e+01 5.1635e-04 -5.2894e-03 6.3033e+01 4.5406e-03 6.3058e+01 6.3056e+01 1.0050e-02 1.0050e-02 9.8995e-01 1.7146e-03
5.0251e-03 5.0251e-03 9.9497e-01 1.1101e-03 2.2345e-02 -1.4059e-02 -3.4487e-04 2.7300e+02 -3.0411e+00 2.1930e+00 4.5110e-01 6.3075e+01 2.3277e-04 -4.0516e-03 6.3039e+01 3.5275e-03 6.3058e+01 6.3057e+01 5.0251e-03 5.0251e-03 9.9497e-01 1.7233e-03
0.0000e+00 0.0000e+00 1.0000e+00 1.1101e-03 2.8688e-02 -1.9997e-02 -8.5470e-04 2.7300e+02 -2.8708e+00 2.0253e+00 4.7436e-01 6.3071e+01 -5.0814e-05 -2.8137e-03 6.3044e+01 2.5143e-03 6.3059e+01 6.3058e+01 0.0000e+00 0.0000e+00 1.0000e+00 1.7321e-03
