
# f1 f2
1 3.98544e-09 -2.01189e-07
2 -1.21388e-08 5.70204e-07
3 1.93181e-08 -9.94719e-07
4 -2.8295e-08 1.40669e-06
5 3.95379e-08 -1.90387e-06
6 -4.10863e-08 2.41583e-06
7 -1.30732e-07 -3.06047e-06
8 2.1695e-07 3.76674e-06
9 -1.46206e-07 -4.6935e-06
10 1.04423e-07 5.77523e-06
11 -1.48998e-07 -7.25016e-06
12 1.57555e-07 9.06498e-06
13 -6.17241e-08 -1.1628e-05
14 6.44048e-08 1.46838e-05
15 4.95933e-08 -1.59856e-05
16 7.51489e-08 8.01689e-06
17 5.51675e-08 2.26243e-06
18 8.91615e-08 -5.74801e-06
19 1.9245e-07 4.96239e-06
20 7.92043e-07 -5.1213e-06
21 4.2951e-06 5.192e-06
22 2.18076e-05 -4.25163e-06
23 9.62451e-05 6.17463e-06
24 0.000362926 -5.02696e-06
25 0.00116599 9.0576e-06
26 0.00319383 -3.17623e-06
27 0.00747611 8.01056e-05
28 0.0150075 0.00136127
29 0.025953 0.0141433
30 0.0388683 0.0777702
31 0.0506832 0.233703
32 0.0578005 0.398782
33 0.0578005 0.398782
34 0.0506832 0.233703
35 0.0388683 0.0777702
36 0.025953 0.0141433
37 0.0150075 0.00136127
38 0.00747611 8.01056e-05
39 0.00319383 -3.17623e-06
40 0.00116599 9.0576e-06
41 0.000362926 -5.02696e-06
42 9.62451e-05 6.17463e-06
43 2.18076e-05 -4.25163e-06
44 4.2951e-06 5.192e-06
45 7.92043e-07 -5.1213e-06
46 1.9245e-07 4.96239e-06
47 8.91615e-08 -5.74801e-06
48 5.51675e-08 2.26243e-06
49 7.51489e-08 8.01689e-06
50 4.95933e-08 -1.59856e-05
51 6.44048e-08 1.46838e-05
52 -6.17241e-08 -1.1628e-05
53 1.57555e-07 9.06498e-06
54 -1.48998e-07 -7.25016e-06
55 1.04423e-07 5.77523e-06
56 -1.46206e-07 -4.6935e-06
57 2.1695e-07 3.76674e-06
58 -1.30732e-07 -3.06047e-06
59 -4.10863e-08 2.41583e-06
60 3.95379e-08 -1.90387e-06
61 -2.8295e-08 1.40669e-06
62 1.93181e-08 -9.94719e-07
63 -1.21388e-08 5.70204e-07
64 3.98544e-09 -2.01189e-07
