
# f1 f2
1 3.75155e-09 -1.60418e-07
2 -1.09944e-08 4.48512e-07
3 1.62897e-08 -7.86292e-07
4 -1.78024e-08 1.10641e-06
5 1.221e-08 -1.49942e-06
6 2.02714e-09 1.89362e-06
7 -6.00333e-08 -2.39714e-06
8 9.10028e-08 2.93316e-06
9 -9.02863e-08 -3.64377e-06
10 7.74315e-08 4.44955e-06
11 -9.46023e-08 -5.56283e-06
12 1.31899e-07 6.92399e-06
13 -6.4194e-08 -8.95553e-06
14 3.37774e-08 1.17495e-05
15 2.82153e-08 -1.4742e-05
16 2.99515e-08 1.26265e-05
17 -2.18172e-08 -5.76683e-06
18 5.39382e-08 -2.00746e-06
19 5.07185e-08 7.26056e-06
20 3.20141e-07 -9.49084e-06
21 2.38954e-06 1.24323e-05
22 1.47248e-05 -1.44212e-05
23 7.52597e-05 1.79998e-05
24 0.000319291 -1.97975e-05
25 0.00111982 2.3946e-05
26 0.00324985 -2.64736e-05
27 0.0078173 6.90532e-05
28 0.0156505 0.00109618
29 0.0262937 0.0139615
30 0.0375995 0.0815508
31 0.0467196 0.234254
32 0.0516446 0.368962
33 0.0516446 0.368962
34 0.0467196 0.234254
35 0.0375995 0.0815508
36 0.0262937 0.0139615
37 0.0156505 0.00109618
38 0.0078173 6.90532e-05
39 0.00324985 -2.64736e-05
40 0.00111982 2.3946e-05
41 0.000319291 -1.97975e-05
42 7.52597e-05 1.79998e-05
43 1.47248e-05 -1.44212e-05
44 2.38954e-06 1.24323e-05
45 3.20141e-07 -9.49084e-06
46 5.07185e-08 7.26056e-06
47 5.39382e-08 -2.00746e-06
48 -2.18172e-08 -5.76683e-06
49 2.99515e-08 1.26265e-05
50 2.82153e-08 -1.4742e-05
51 3.37774e-08 1.17495e-05
52 -6.4194e-08 -8.95553e-06
53 1.31899e-07 6.92399e-06
54 -9.46023e-08 -5.56283e-06
55 7.74315e-08 4.44955e-06
56 -9.02863e-08 -3.64377e-06
57 9.10028e-08 2.93316e-06
58 -6.00333e-08 -2.39714e-06
59 2.02714e-09 1.89362e-06
60 1.221e-08 -1.49942e-06
61 -1.78024e-08 1.10641e-06
62 1.62897e-08 -7.86292e-07
63 -1.09944e-08 4.48512e-07
64 3.75155e-09 -1.60418e-07
