
# f1 f2
1 -2.06881e-08 -1.46557e-06
2 -2.30488e-08 2.74726e-06
3 3.14252e-08 -5.82808e-06
4 -2.41091e-07 7.30506e-06
5 -9.08903e-08 -1.08806e-05
6 2.3223e-07 1.28201e-05
7 -2.01408e-07 -1.74195e-05
8 -1.05584e-07 2.03211e-05
9 2.8598e-07 -2.70003e-05
10 3.84831e-07 3.20549e-05
11 8.68193e-08 -4.29812e-05
12 2.69022e-07 5.08874e-05
13 6.28146e-07 -6.4734e-05
14 3.6478e-07 6.53946e-05
15 1.14819e-07 -8.95674e-05
16 3.82558e-07 7.92232e-05
17 4.17366e-07 -4.9554e-05
18 1.08999e-07 -1.1614e-05
19 1.28773e-07 6.31677e-05
20 3.54174e-07 -6.99906e-05
21 6.26477e-07 0.00015013
22 5.3121e-06 -0.000184982
23 3.86038e-05 0.000288527
24 0.000212603 -0.000318481
25 0.000929785 0.000386865
26 0.00319462 -0.000528052
27 0.00855244 0.000458113
28 0.0177278 -0.00108403
29 0.0282435 0.00181036
30 0.0345144 0.0254419
31 0.0333641 0.368465
32 0.0291841 0.815589
33 0.0291841 0.815589
34 0.0333641 0.368465
35 0.0345144 0.0254419
36 0.0282435 0.00181036
37 0.0177278 -0.00108403
38 0.00855244 0.000458113
39 0.00319462 -0.000528052
40 0.000929785 0.000386865
41 0.000212603 -0.000318481
42 3.86038e-05 0.000288527
43 5.3121e-06 -0.000184982
44 6.26477e-07 0.00015013
45 3.54174e-07 -6.99906e-05
46 1.28773e-07 6.31677e-05
47 1.08999e-07 -1.1614e-05
48 4.17366e-07 -4.9554e-05
49 3.82558e-07 7.92232e-05
50 1.14819e-07 -8.95674e-05
51 3.6478e-07 6.53946e-05
52 6.28146e-07 -6.4734e-05
53 2.69022e-07 5.08874e-05
54 8.68193e-08 -4.29812e-05
55 3.84831e-07 3.20549e-05
56 2.8598e-07 -2.70003e-05
57 -1.05584e-07 2.03211e-05
58 -2.01408e-07 -1.74195e-05
59 2.3223e-07 1.28201e-05
60 -9.08903e-08 -1.08806e-05
61 -2.41091e-07 7.30506e-06
62 3.14252e-08 -5.82808e-06
63 -2.30488e-08 2.74726e-06
64 -2.06881e-08 -1.46557e-06
