
# f1 f2
1 1.19192e-11 -3.53501e-10
2 -3.74661e-11 1.06787e-09
3 6.84549e-11 -1.81783e-09
4 -1.08481e-10 2.62151e-09
5 1.56172e-10 -3.51519e-09
6 -1.92034e-10 4.5299e-09
7 1.59586e-10 -5.72444e-09
8 4.32567e-11 7.16352e-09
9 -5.5331e-10 -8.9613e-09
10 1.46794e-09 1.12711e-08
11 -2.54895e-09 -1.43845e-08
12 3.15299e-09 1.87539e-08
13 -2.95068e-09 -2.44658e-08
14 2.0406e-09 2.86669e-08
15 -9.70113e-10 -2.44971e-08
16 3.05601e-10 9.96615e-09
17 2.18969e-10 7.04681e-09
18 2.28581e-09 -2.24533e-08
19 3.10263e-08 3.58207e-08
20 2.94577e-07 -4.63821e-08
21 2.26715e-06 5.59615e-08
22 1.42641e-05 -6.22564e-08
23 7.39036e-05 1.7938e-07
24 0.000316016 2.11316e-06
25 0.0011156 3.22245e-05
26 0.00325238 0.000320134
27 0.00784257 0.00217774
28 0.0157042 0.010101
29 0.0263298 0.0321147
30 0.037505 0.0710855
31 0.046393 0.113635
32 0.0511244 0.139545
33 0.0511244 0.139545
34 0.046393 0.113635
35 0.037505 0.0710855
36 0.0263298 0.0321147
37 0.0157042 0.010101
38 0.00784257 0.00217774
39 0.00325238 0.000320134
40 0.0011156 3.22245e-05
41 0.000316016 2.11316e-06
42 7.39036e-05 1.7938e-07
43 1.42641e-05 -6.22564e-08
44 2.26715e-06 5.59615e-08
45 2.94577e-07 -4.63821e-08
46 3.10263e-08 3.58207e-08
47 2.28581e-09 -2.24533e-08
48 2.18969e-10 7.04681e-09
49 3.05601e-10 9.96615e-09
50 -9.70113e-10 -2.44971e-08
51 2.0406e-09 2.86669e-08
52 -2.95068e-09 -2.44658e-08
53 3.15299e-09 1.87539e-08
54 -2.54895e-09 -1.43845e-08
55 1.46794e-09 1.12711e-08
56 -5.5331e-10 -8.9613e-09
57 4.32567e-11 7.16352e-09
58 1.59586e-10 -5.72444e-09
59 -1.92034e-10 4.5299e-09
60 1.56172e-10 -3.51519e-09
61 -1.08481e-10 2.62151e-09
62 6.84549e-11 -1.81783e-09
63 -3.74661e-11 1.06787e-09
64 1.19192e-11 -3.53501e-10
