
# f1 f2
1 4.19934e-09 -1.91156e-07
2 -1.25224e-08 5.401e-07
3 1.91872e-08 -9.43061e-07
4 -2.42113e-08 1.33164e-06
5 2.54244e-08 -1.80212e-06
6 -1.72428e-08 2.2827e-06
7 -9.31695e-08 -2.88925e-06
8 1.57865e-07 3.54731e-06
9 -1.3741e-07 -4.41161e-06
10 9.90931e-08 5.41022e-06
11 -1.26465e-07 -6.77641e-06
12 1.57914e-07 8.45944e-06
13 -6.11831e-08 -1.09001e-05
14 5.61745e-08 1.4057e-05
15 3.95291e-08 -1.65135e-05
16 5.81691e-08 1.13604e-05
17 1.88035e-08 -1.55976e-06
18 6.82373e-08 -5.42417e-06
19 1.22054e-07 7.37309e-06
20 5.66181e-07 -7.85816e-06
21 3.42844e-06 9.15893e-06
22 1.88274e-05 -8.92114e-06
23 8.80289e-05 1.12407e-05
24 0.000347144 -1.07662e-05
25 0.00115185 1.46735e-05
26 0.00321952 -1.2149e-05
27 0.00760066 7.27752e-05
28 0.0152243 0.00126175
29 0.0260486 0.0141047
30 0.0384158 0.0791137
31 0.0493482 0.233709
32 0.0557606 0.38875
33 0.0557606 0.38875
34 0.0493482 0.233709
35 0.0384158 0.0791137
36 0.0260486 0.0141047
37 0.0152243 0.00126175
38 0.00760066 7.27752e-05
39 0.00321952 -1.2149e-05
40 0.00115185 1.46735e-05
41 0.000347144 -1.07662e-05
42 8.80289e-05 1.12407e-05
43 1.88274e-05 -8.92114e-06
44 3.42844e-06 9.15893e-06
45 5.66181e-07 -7.85816e-06
46 1.22054e-07 7.37309e-06
47 6.82373e-08 -5.42417e-06
48 1.88035e-08 -1.55976e-06
49 5.81691e-08 1.13604e-05
50 3.95291e-08 -1.65135e-05
51 5.61745e-08 1.4057e-05
52 -6.11831e-08 -1.09001e-05
53 1.57914e-07 8.45944e-06
54 -1.26465e-07 -6.77641e-06
55 9.90931e-08 5.41022e-06
56 -1.3741e-07 -4.41161e-06
57 1.57865e-07 3.54731e-06
58 -9.31695e-08 -2.88925e-06
59 -1.72428e-08 2.2827e-06
60 2.54244e-08 -1.80212e-06
61 -2.42113e-08 1.33164e-06
62 1.91872e-08 -9.43061e-07
63 -1.25224e-08 5.401e-07
64 4.19934e-09 -1.91156e-07
