
# f1 f2
1 3.06632e-09 -1.29498e-07
2 -8.91197e-09 3.5828e-07
3 1.29726e-08 -6.30745e-07
4 -1.31086e-08 8.84767e-07
5 6.32292e-09 -1.20112e-06
6 7.56384e-09 1.51336e-06
7 -4.25978e-08 -1.91726e-06
8 5.78595e-08 2.34049e-06
9 -5.6864e-08 -2.90753e-06
10 5.41759e-08 3.54074e-06
11 -7.16597e-08 -4.42426e-06
12 1.03956e-07 5.49417e-06
13 -6.00612e-08 -7.11955e-06
14 2.09374e-08 9.40586e-06
15 2.49177e-08 -1.21566e-05
16 1.40371e-08 1.13348e-05
17 -3.40371e-08 -6.77297e-06
18 5.20493e-08 4.259e-07
19 2.24142e-08 5.25387e-06
20 2.07449e-07 -8.31872e-06
21 1.85143e-06 1.18496e-05
22 1.22591e-05 -1.50541e-05
23 6.66628e-05 1.93834e-05
24 0.000298201 -2.26218e-05
25 0.00109041 2.7206e-05
26 0.00326082 -3.2174e-05
27 0.00797714 6.64924e-05
28 0.0160073 0.00098172
29 0.0265459 0.013787
30 0.0369763 0.0834314
31 0.0445094 0.235161
32 0.0480973 0.352356
33 0.0480973 0.352356
34 0.0445094 0.235161
35 0.0369763 0.0834314
36 0.0265459 0.013787
37 0.0160073 0.00098172
38 0.00797714 6.64924e-05
39 0.00326082 -3.2174e-05
40 0.00109041 2.7206e-05
41 0.000298201 -2.26218e-05
42 6.66628e-05 1.93834e-05
43 1.22591e-05 -1.50541e-05
44 1.85143e-06 1.18496e-05
45 2.07449e-07 -8.31872e-06
46 2.24142e-08 5.25387e-06
47 5.20493e-08 4.259e-07
48 -3.40371e-08 -6.77297e-06
49 1.40371e-08 1.13348e-05
50 2.49177e-08 -1.21566e-05
51 2.09374e-08 9.40586e-06
52 -6.00612e-08 -7.11955e-06
53 1.03956e-07 5.49417e-06
54 -7.16597e-08 -4.42426e-06
55 5.41759e-08 3.54074e-06
56 -5.6864e-08 -2.90753e-06
57 5.78595e-08 2.34049e-06
58 -4.25978e-08 -1.91726e-06
59 7.56384e-09 1.51336e-06
60 6.32292e-09 -1.20112e-06
61 -1.31086e-08 8.84767e-07
62 1.29726e-08 -6.30745e-07
63 -8.91197e-09 3.5828e-07
64 3.06632e-09 -1.29498e-07
