
# f1 f2
1 -5.76476e-08 -1.83404e-06
2 -1.78277e-09 3.65694e-06
3 -1.34755e-07 -7.52918e-06
4 -4.79369e-07 9.64012e-06
5 -1.78768e-08 -1.41819e-05
6 1.23851e-07 1.69861e-05
7 -4.94567e-07 -2.29312e-05
8 -3.1213e-07 2.71921e-05
9 1.44622e-07 -3.60474e-05
10 8.12031e-07 4.3544e-05
11 5.79692e-07 -5.83336e-05
12 1.0747e-06 6.99766e-05
13 1.66036e-06 -8.86577e-05
14 1.74906e-06 9.05051e-05
15 1.54191e-06 -0.000125639
16 1.83701e-06 9.59237e-05
17 1.8728e-06 -7.76333e-06
18 1.87809e-06 -0.000136906
19 2.0223e-06 0.000170612
20 2.62932e-06 -0.000184617
21 4.28493e-06 0.000252156
22 1.36579e-05 -0.000178527
23 6.32188e-05 0.000341168
24 0.000281149 -0.000197204
25 0.00105495 0.000382246
26 0.00323692 -0.000393584
27 0.00805423 0.000412198
28 0.0162509 -0.000945369
29 0.0267456 0.00190613
30 0.0364731 0.0276887
31 0.0426291 0.339602
32 0.0450115 0.882334
33 0.0450115 0.882334
34 0.0426291 0.339602
35 0.0364731 0.0276887
36 0.0267456 0.00190613
37 0.0162509 -0.000945369
38 0.00805423 0.000412198
39 0.00323692 -0.000393584
40 0.00105495 0.000382246
41 0.000281149 -0.000197204
42 6.32188e-05 0.000341168
43 1.36579e-05 -0.000178527
44 4.28493e-06 0.000252156
45 2.62932e-06 -0.000184617
46 2.0223e-06 0.000170612
47 1.87809e-06 -0.000136906
48 1.8728e-06 -7.76333e-06
49 1.83701e-06 9.59237e-05
50 1.54191e-06 -0.000125639
51 1.74906e-06 9.05051e-05
52 1.66036e-06 -8.86577e-05
53 1.0747e-06 6.99766e-05
54 5.79692e-07 -5.83336e-05
55 8.12031e-07 4.3544e-05
56 1.44622e-07 -3.60474e-05
57 -3.1213e-07 2.71921e-05
58 -4.94567e-07 -2.29312e-05
59 1.23851e-07 1.69861e-05
60 -1.78768e-08 -1.41819e-05
61 -4.79369e-07 9.64012e-06
62 -1.34755e-07 -7.52918e-06
63 -1.78277e-09 3.65694e-06
64 -5.76476e-08 -1.83404e-06
