
# f1 f2
1 1.27599e-11 -4.27725e-10
2 -4.01413e-11 1.2924e-09
3 7.34442e-11 -2.19861e-09
4 -1.16596e-10 3.16875e-09
5 1.68375e-10 -4.24446e-09
6 -2.08867e-10 5.46319e-09
7 1.79912e-10 -6.8925e-09
8 2.86362e-11 8.60872e-09
9 -5.99225e-10 -1.0742e-08
10 1.72699e-09 1.34653e-08
11 -3.09033e-09 -1.7086e-08
12 3.7169e-09 2.20084e-08
13 -3.29601e-09 -2.79446e-08
14 2.04383e-09 3.09133e-08
15 -7.58183e-10 -2.34005e-08
16 9.38385e-11 6.87803e-09
17 6.28119e-10 6.4975e-09
18 5.14305e-09 -1.41232e-08
19 5.70394e-08 1.81876e-08
20 4.74659e-07 -2.0552e-08
21 3.23971e-06 2.32746e-08
22 1.83536e-05 -1.83007e-08
23 8.69094e-05 2.16588e-07
24 0.000344991 3.31497e-06
25 0.00114973 4.18992e-05
26 0.00322234 0.000368189
27 0.00761661 0.00228043
28 0.015254 0.00997974
29 0.0260657 0.0311138
30 0.0383645 0.0701771
31 0.0491826 0.117374
32 0.0555024 0.150069
33 0.0555024 0.150069
34 0.0491826 0.117374
35 0.0383645 0.0701771
36 0.0260657 0.0311138
37 0.015254 0.00997974
38 0.00761661 0.00228043
39 0.00322234 0.000368189
40 0.00114973 4.18992e-05
41 0.000344991 3.31497e-06
42 8.69094e-05 2.16588e-07
43 1.83536e-05 -1.83007e-08
44 3.23971e-06 2.32746e-08
45 4.74659e-07 -2.0552e-08
46 5.70394e-08 1.81876e-08
47 5.14305e-09 -1.41232e-08
48 6.28119e-10 6.4975e-09
49 9.38385e-11 6.87803e-09
50 -7.58183e-10 -2.34005e-08
51 2.04383e-09 3.09133e-08
52 -3.29601e-09 -2.79446e-08
53 3.7169e-09 2.20084e-08
54 -3.09033e-09 -1.7086e-08
55 1.72699e-09 1.34653e-08
56 -5.99225e-10 -1.0742e-08
57 2.86362e-11 8.60872e-09
58 1.79912e-10 -6.8925e-09
59 -2.08867e-10 5.46319e-09
60 1.68375e-10 -4.24446e-09
61 -1.16596e-10 3.16875e-09
62 7.34442e-11 -2.19861e-09
63 -4.01413e-11 1.2924e-09
64 1.27598e-11 -4.27725e-10
