
# f1 f2
1 1.25246e-11 -4.58623e-10
2 -3.94399e-11 1.38589e-09
3 7.23041e-11 -2.35716e-09
4 -1.15157e-10 3.39667e-09
5 1.67233e-10 -4.54828e-09
6 -2.1008e-10 5.8522e-09
7 1.88798e-10 -7.37967e-09
8 6.74815e-12 9.21185e-09
9 -5.98445e-10 -1.14846e-08
10 1.87315e-09 1.43738e-08
11 -3.38822e-09 -1.81712e-08
12 3.87679e-09 2.31761e-08
13 -3.23405e-09 -2.86849e-08
14 1.78915e-09 2.98459e-08
15 -5.15461e-10 -1.95175e-08
16 -6.31138e-12 3.30343e-09
17 9.74549e-10 4.91667e-09
18 8.6784e-09 -7.11161e-09
19 8.37775e-08 7.32993e-09
20 6.36117e-07 -7.55922e-09
21 4.01125e-06 8.55629e-09
22 2.12452e-05 3.49523e-09
23 9.51181e-05 2.82122e-07
24 0.000361057 4.30131e-06
25 0.00116421 4.88623e-05
26 0.00319534 0.000397519
27 0.00748586 0.0023299
28 0.0150261 0.00988247
29 0.0259668 0.0305745
30 0.0388493 0.0698051
31 0.0506086 0.119394
32 0.0576816 0.155356
33 0.0576816 0.155356
34 0.0506086 0.119394
35 0.0388493 0.0698051
36 0.0259668 0.0305745
37 0.0150261 0.00988247
38 0.00748586 0.0023299
39 0.00319534 0.000397519
40 0.00116421 4.88623e-05
41 0.000361057 4.30131e-06
42 9.51181e-05 2.82122e-07
43 2.12452e-05 3.49523e-09
44 4.01125e-06 8.55629e-09
45 6.36117e-07 -7.55922e-09
46 8.37775e-08 7.32993e-09
47 8.6784e-09 -7.11161e-09
48 9.74549e-10 4.91667e-09
49 -6.31137e-12 3.30343e-09
50 -5.15461e-10 -1.95175e-08
51 1.78915e-09 2.98459e-08
52 -3.23405e-09 -2.86849e-08
53 3.87679e-09 2.31761e-08
54 -3.38822e-09 -1.81712e-08
55 1.87315e-09 1.43738e-08
56 -5.98445e-10 -1.14846e-08
57 6.74815e-12 9.21185e-09
58 1.88798e-10 -7.37967e-09
59 -2.1008e-10 5.8522e-09
60 1.67233e-10 -4.54828e-09
61 -1.15157e-10 3.39667e-09
62 7.23041e-11 -2.35716e-09
63 -3.944e-11 1.38589e-09
64 1.25246e-11 -4.58623e-10
