
# f1 f2
1 -7.38625e-08 -1.78035e-06
2 6.49705e-09 3.47942e-06
3 -2.43049e-07 -7.24254e-06
4 -6.13937e-07 9.23634e-06
5 8.60943e-08 -1.36686e-05
6 4.01571e-08 1.63702e-05
7 -8.0483e-07 -2.22226e-05
8 -5.76011e-07 2.64207e-05
9 -2.39528e-07 -3.52614e-05
10 7.46017e-07 4.28164e-05
11 6.20352e-07 -5.78071e-05
12 1.43518e-06 6.95805e-05
13 2.21288e-06 -8.84003e-05
14 2.69791e-06 8.9124e-05
15 2.73346e-06 -0.000125214
16 3.2277e-06 7.96425e-05
17 3.33847e-06 3.14753e-05
18 3.69079e-06 -0.000186778
19 4.26686e-06 0.000170244
20 5.53877e-06 -0.000199328
21 8.49228e-06 0.000208126
22 2.11235e-05 -0.000108012
23 7.87921e-05 0.000310226
24 0.000312787 -3.80154e-05
25 0.00109859 0.000373799
26 0.0032339 -0.000202391
27 0.00786418 0.000357909
28 0.0157847 -0.000720881
29 0.0263282 0.00186899
30 0.0370391 0.0284842
31 0.0451024 0.329679
32 0.0491322 0.89662
33 0.0491322 0.89662
34 0.0451024 0.329679
35 0.0370391 0.0284842
36 0.0263282 0.00186899
37 0.0157847 -0.000720881
38 0.00786418 0.000357909
39 0.0032339 -0.000202391
40 0.00109859 0.000373799
41 0.000312787 -3.80154e-05
42 7.87921e-05 0.000310226
43 2.11235e-05 -0.000108012
44 8.49228e-06 0.000208126
45 5.53877e-06 -0.000199328
46 4.26686e-06 0.000170244
47 3.69079e-06 -0.000186778
48 3.33847e-06 3.14753e-05
49 3.2277e-06 7.96425e-05
50 2.73346e-06 -0.000125214
51 2.69791e-06 8.9124e-05
52 2.21288e-06 -8.84003e-05
53 1.43518e-06 6.95805e-05
54 6.20352e-07 -5.78071e-05
55 7.46017e-07 4.28164e-05
56 -2.39528e-07 -3.52614e-05
57 -5.76011e-07 2.64207e-05
58 -8.0483e-07 -2.22226e-05
59 4.01571e-08 1.63702e-05
60 8.60943e-08 -1.36686e-05
61 -6.13937e-07 9.23634e-06
62 -2.43049e-07 -7.24254e-06
63 6.49705e-09 3.47942e-06
64 -7.38625e-08 -1.78035e-06
