
# f1 f2
1 -9.68299e-08 -1.12719e-06
2 -3.55183e-08 1.30114e-06
3 -5.31727e-07 -3.69143e-06
4 -1.19837e-06 4.03758e-06
5 3.08815e-07 -6.89916e-06
6 1.219e-07 7.65957e-06
7 -2.19028e-06 -1.15703e-05
8 -2.35897e-06 1.32892e-05
9 -3.42212e-06 -1.95494e-05
10 -2.47624e-06 2.37204e-05
11 -3.0364e-06 -3.51497e-05
12 -1.61109e-06 4.19108e-05
13 -3.78176e-07 -5.52322e-05
14 1.65953e-06 4.55154e-05
15 3.18986e-06 -7.16204e-05
16 5.3438e-06 -3.41629e-05
17 6.73431e-06 0.000126192
18 9.35329e-06 -0.000169373
19 1.32071e-05 -3.82947e-05
20 1.90222e-05 -0.000160453
21 2.93078e-05 -0.000256204
22 5.67146e-05 -0.000151341
23 0.00014452 -8.21749e-05
24 0.000427983 0.000219118
25 0.00125041 0.000479733
26 0.00329815 0.000588844
27 0.00757293 0.000602744
28 0.0149607 0.000148962
29 0.0254218 0.00249015
30 0.0373603 0.0321826
31 0.0479161 0.309631
32 0.0541007 0.888782
33 0.0541007 0.888782
34 0.0479161 0.309631
35 0.0373603 0.0321826
36 0.0254218 0.00249015
37 0.0149607 0.000148962
38 0.00757293 0.000602744
39 0.00329815 0.000588844
40 0.00125041 0.000479733
41 0.000427983 0.000219118
42 0.00014452 -8.21749e-05
43 5.67146e-05 -0.000151341
44 2.93078e-05 -0.000256204
45 1.90222e-05 -0.000160453
46 1.32071e-05 -3.82947e-05
47 9.35329e-06 -0.000169373
48 6.73431e-06 0.000126192
49 5.3438e-06 -3.41629e-05
50 3.18986e-06 -7.16204e-05
51 1.65953e-06 4.55154e-05
52 -3.78176e-07 -5.52322e-05
53 -1.61109e-06 4.19108e-05
54 -3.0364e-06 -3.51497e-05
55 -2.47624e-06 2.37204e-05
56 -3.42212e-06 -1.95494e-05
57 -2.35897e-06 1.32892e-05
58 -2.19028e-06 -1.15703e-05
59 1.219e-07 7.65957e-06
60 3.08815e-07 -6.89916e-06
61 -1.19837e-06 4.03758e-06
62 -5.31727e-07 -3.69143e-06
63 -3.55183e-08 1.30114e-06
64 -9.68299e-08 -1.12719e-06
