
# f1 f2
1 -9.36999e-08 -1.39733e-06
2 -8.40048e-09 2.22143e-06
3 -4.4762e-07 -5.17932e-06
4 -9.67196e-07 6.2374e-06
5 2.92121e-07 -9.75394e-06
6 2.48692e-08 1.13696e-05
7 -1.70047e-06 -1.61103e-05
8 -1.60342e-06 1.89494e-05
9 -1.98539e-06 -2.63611e-05
10 -7.4309e-07 3.21167e-05
11 -8.96879e-07 -4.52246e-05
12 5.55645e-07 5.43551e-05
13 1.80927e-06 -7.02201e-05
14 3.42702e-06 6.49509e-05
15 4.45006e-06 -9.59043e-05
16 5.94586e-06 1.09876e-05
17 6.74496e-06 0.00010527
18 8.45543e-06 -0.000204198
19 1.09938e-05 5.3496e-05
20 1.50174e-05 -0.000175225
21 2.24747e-05 -5.92923e-05
22 4.43674e-05 -5.02019e-05
23 0.000121144 0.000133044
24 0.000386576 0.00024373
25 0.00119266 0.000467042
26 0.00325552 0.000325641
27 0.00761552 0.000446435
28 0.0151436 -0.000145533
29 0.025666 0.00217901
30 0.0374008 0.0305714
31 0.0474898 0.314177
32 0.0532613 0.895737
33 0.0532613 0.895737
34 0.0474898 0.314177
35 0.0374008 0.0305714
36 0.025666 0.00217901
37 0.0151436 -0.000145533
38 0.00761552 0.000446435
39 0.00325552 0.000325641
40 0.00119266 0.000467042
41 0.000386576 0.00024373
42 0.000121144 0.000133044
43 4.43674e-05 -5.02019e-05
44 2.24747e-05 -5.92923e-05
45 1.50174e-05 -0.000175225
46 1.09938e-05 5.3496e-05
47 8.45543e-06 -0.000204198
48 6.74496e-06 0.00010527
49 5.94586e-06 1.09876e-05
50 4.45006e-06 -9.59043e-05
51 3.42702e-06 6.49509e-05
52 1.80927e-06 -7.02201e-05
53 5.55645e-07 5.43551e-05
54 -8.96879e-07 -4.52246e-05
55 -7.4309e-07 3.21167e-05
56 -1.98539e-06 -2.63611e-05
57 -1.60342e-06 1.89494e-05
58 -1.70047e-06 -1.61103e-05
59 2.48692e-08 1.13696e-05
60 2.92121e-07 -9.75394e-06
61 -9.67196e-07 6.2374e-06
62 -4.4762e-07 -5.17932e-06
63 -8.40048e-09 2.22143e-06
64 -9.36999e-08 -1.39733e-06
