
# f1 f2
1 -8.60925e-08 -1.62368e-06
2 5.30964e-09 2.97349e-06
3 -3.50054e-07 -6.40784e-06
4 -7.73854e-07 8.03369e-06
5 2.02705e-07 -1.2096e-05
6 -2.06741e-09 1.43813e-05
7 -1.221e-06 -1.97971e-05
8 -1.00302e-06 2.34937e-05
9 -9.31531e-07 -3.18051e-05
10 2.83479e-07 3.87368e-05
11 2.23112e-07 -5.30953e-05
12 1.40316e-06 6.39694e-05
13 2.43623e-06 -8.17595e-05
14 3.46238e-06 8.00592e-05
15 3.92459e-06 -0.000114567
16 4.82268e-06 5.01561e-05
17 5.17302e-06 7.17256e-05
18 6.085e-06 -0.00021077
19 7.45587e-06 0.000128066
20 9.86658e-06 -0.00019206
21 1.47496e-05 0.000100578
22 3.15407e-05 -4.89229e-05
23 9.81383e-05 0.00024876
24 0.00034733 0.000129868
25 0.00114235 0.000407426
26 0.00323636 4.39528e-05
27 0.00771629 0.000359472
28 0.0154226 -0.000448995
29 0.0259799 0.00194674
30 0.0373341 0.0293723
31 0.0466431 0.321223
32 0.0517402 0.900237
33 0.0517402 0.900237
34 0.0466431 0.321223
35 0.0373341 0.0293723
36 0.0259799 0.00194674
37 0.0154226 -0.000448995
38 0.00771629 0.000359472
39 0.00323636 4.39528e-05
40 0.00114235 0.000407426
41 0.00034733 0.000129868
42 9.81383e-05 0.00024876
43 3.15407e-05 -4.89229e-05
44 1.47496e-05 0.000100578
45 9.86658e-06 -0.00019206
46 7.45587e-06 0.000128066
47 6.085e-06 -0.00021077
48 5.17302e-06 7.17256e-05
49 4.82268e-06 5.01561e-05
50 3.92459e-06 -0.000114567
51 3.46238e-06 8.00592e-05
52 2.43623e-06 -8.17595e-05
53 1.40316e-06 6.39694e-05
54 2.23112e-07 -5.30953e-05
55 2.83479e-07 3.87368e-05
56 -9.31531e-07 -3.18051e-05
57 -1.00302e-06 2.34937e-05
58 -1.221e-06 -1.97971e-05
59 -2.06741e-09 1.43813e-05
60 2.02705e-07 -1.2096e-05
61 -7.73854e-07 8.03369e-06
62 -3.50054e-07 -6.40784e-06
63 5.30964e-09 2.97349e-06
64 -8.60925e-08 -1.62368e-06
