
# f1 f2
1 4.09326e-09 -1.79566e-07
2 -1.20973e-08 5.05357e-07
3 1.82259e-08 -8.83687e-07
4 -2.14145e-08 1.24606e-06
5 1.8665e-08 -1.68705e-06
6 -6.6499e-09 2.13422e-06
7 -7.64856e-08 -2.70103e-06
8 1.24763e-07 3.31116e-06
9 -1.18192e-07 -4.11505e-06
10 9.19387e-08 5.03658e-06
11 -1.12041e-07 -6.30202e-06
12 1.49156e-07 7.85738e-06
13 -6.318e-08 -1.01441e-05
14 4.61801e-08 1.32018e-05
15 3.32206e-08 -1.6047e-05
16 4.50196e-08 1.24319e-05
17 -2.51234e-09 -3.78866e-06
18 5.91501e-08 -4.10261e-06
19 8.48559e-08 7.86382e-06
20 4.42533e-07 -9.07657e-06
21 2.92313e-06 1.11728e-05
22 1.69214e-05 -1.18805e-05
23 8.23205e-05 1.46997e-05
24 0.000335195 -1.51519e-05
25 0.00113913 1.90461e-05
26 0.00323484 -1.8906e-05
27 0.00769434 7.04462e-05
28 0.0154009 0.00118906
29 0.0261417 0.0140553
30 0.0380668 0.0801523
31 0.0482601 0.233855
32 0.0540715 0.380557
33 0.0540715 0.380557
34 0.0482601 0.233855
35 0.0380668 0.0801523
36 0.0261417 0.0140553
37 0.0154009 0.00118906
38 0.00769434 7.04462e-05
39 0.00323484 -1.8906e-05
40 0.00113913 1.90461e-05
41 0.000335195 -1.51519e-05
42 8.23205e-05 1.46997e-05
43 1.69214e-05 -1.18805e-05
44 2.92313e-06 1.11728e-05
45 4.42533e-07 -9.07657e-06
46 8.48559e-08 7.86382e-06
47 5.91501e-08 -4.10261e-06
48 -2.51234e-09 -3.78866e-06
49 4.50196e-08 1.24319e-05
50 3.32206e-08 -1.6047e-05
51 4.61801e-08 1.32018e-05
52 -6.318e-08 -1.01441e-05
53 1.49156e-07 7.85738e-06
54 -1.12041e-07 -6.30202e-06
55 9.19387e-08 5.03658e-06
56 -1.18192e-07 -4.11505e-06
57 1.24763e-07 3.31116e-06
58 -7.64856e-08 -2.70103e-06
59 -6.6499e-09 2.13422e-06
60 1.8665e-08 -1.68705e-06
61 -2.14145e-08 1.24606e-06
62 1.82259e-08 -8.83687e-07
63 -1.20973e-08 5.05357e-07
64 4.09326e-09 -1.79566e-07
