
# f1 f2
1 6.97986e-12 -1.64466e-10
2 -2.19311e-11 4.96277e-10
3 4.00701e-11 -8.46787e-10
4 -6.35843e-11 1.22351e-09
5 9.17134e-11 -1.64663e-09
6 -1.1242e-10 2.13044e-09
7 9.03799e-11 -2.70735e-09
8 3.59338e-11 3.40972e-09
9 -3.31299e-10 -4.30053e-09
10 8.05368e-10 5.46152e-09
11 -1.32216e-09 -7.06271e-09
12 1.61318e-09 9.40012e-09
13 -1.51529e-09 -1.27006e-08
14 1.1018e-09 1.56933e-08
15 -6.4502e-10 -1.44686e-08
16 3.89221e-10 6.45674e-09
17 -2.39928e-10 5.75829e-09
18 9.15667e-10 -2.08344e-08
19 1.14354e-08 3.90394e-08
20 1.32633e-07 -5.78408e-08
21 1.22767e-06 7.60357e-08
22 9.11794e-06 -9.38656e-08
23 5.47135e-05 1.53795e-07
24 0.000265215 9.38578e-07
25 0.00103654 2.02824e-05
26 0.00325835 0.000245957
27 0.00821953 0.00196599
28 0.0166264 0.0101778
29 0.0270669 0.0339883
30 0.0359941 0.0734448
31 0.0406224 0.106552
32 0.0416963 0.117193
33 0.0416963 0.117193
34 0.0406224 0.106552
35 0.0359941 0.0734448
36 0.0270669 0.0339883
37 0.0166264 0.0101778
38 0.00821953 0.00196599
39 0.00325835 0.000245957
40 0.00103654 2.02824e-05
41 0.000265215 9.38578e-07
42 5.47135e-05 1.53795e-07
43 9.11794e-06 -9.38656e-08
44 1.22767e-06 7.60357e-08
45 1.32633e-07 -5.78408e-08
46 1.14354e-08 3.90394e-08
47 9.15667e-10 -2.08344e-08
48 -2.39928e-10 5.75829e-09
49 3.89221e-10 6.45674e-09
50 -6.4502e-10 -1.44686e-08
51 1.1018e-09 1.56933e-08
52 -1.51529e-09 -1.27006e-08
53 1.61318e-09 9.40012e-09
54 -1.32216e-09 -7.06271e-09
55 8.05368e-10 5.46152e-09
56 -3.31299e-10 -4.30053e-09
57 3.59338e-11 3.40972e-09
58 9.03799e-11 -2.70735e-09
59 -1.1242e-10 2.13044e-09
60 9.17134e-11 -1.64663e-09
61 -6.35843e-11 1.22351e-09
62 4.00701e-11 -8.46787e-10
63 -2.19311e-11 4.96277e-10
64 6.97986e-12 -1.64466e-10
