
# f1 f2
1 1.03467e-11 -2.80056e-10
2 -3.25141e-11 8.45725e-10
3 5.93926e-11 -1.44079e-09
4 -9.41304e-11 2.07916e-09
5 1.3552e-10 -2.7914e-09
6 -1.66219e-10 3.60208e-09
7 1.3586e-10 -4.56061e-09
8 4.47819e-11 5.71961e-09
9 -4.82226e-10 -7.17519e-09
10 1.22585e-09 9.05541e-09
11 -2.07756e-09 -1.16136e-08
12 2.56992e-09 1.5268e-08
13 -2.4348e-09 -2.02304e-08
14 1.75103e-09 2.43508e-08
15 -9.32661e-10 -2.1786e-08
16 4.11003e-10 9.65711e-09
17 -3.63714e-11 6.83647e-09
18 1.40067e-09 -2.45789e-08
19 2.00911e-08 4.29473e-08
20 2.08295e-07 -5.96236e-08
21 1.74092e-06 7.50094e-08
22 1.1786e-05 -8.8735e-08
23 6.51163e-05 1.74787e-07
24 0.000294006 1.49046e-06
25 0.00108413 2.64529e-05
26 0.00326195 0.00028664
27 0.00800857 0.00209056
28 0.0160817 0.0101546
29 0.0266036 0.0329061
30 0.0368529 0.0719803
31 0.044048 0.110663
32 0.0473477 0.130547
33 0.0473477 0.130547
34 0.044048 0.110663
35 0.0368529 0.0719803
36 0.0266036 0.0329061
37 0.0160817 0.0101546
38 0.00800857 0.00209056
39 0.00326195 0.00028664
40 0.00108413 2.64529e-05
41 0.000294006 1.49046e-06
42 6.51163e-05 1.74787e-07
43 1.1786e-05 -8.8735e-08
44 1.74092e-06 7.50094e-08
45 2.08295e-07 -5.96236e-08
46 2.00911e-08 4.29473e-08
47 1.40067e-09 -2.45789e-08
48 -3.63714e-11 6.83647e-09
49 4.11003e-10 9.65711e-09
50 -9.32661e-10 -2.1786e-08
51 1.75103e-09 2.43508e-08
52 -2.4348e-09 -2.02304e-08
53 2.56992e-09 1.5268e-08
54 -2.07756e-09 -1.16136e-08
55 1.22585e-09 9.05541e-09
56 -4.82226e-10 -7.17519e-09
57 4.47819e-11 5.71961e-09
58 1.3586e-10 -4.56061e-09
59 -1.66219e-10 3.60208e-09
60 1.3552e-10 -2.7914e-09
61 -9.41304e-11 2.07916e-09
62 5.93926e-11 -1.44079e-09
63 -3.25141e-11 8.45725e-10
64 1.03466e-11 -2.80056e-10
