
# f1 f2
1 1.88574e-09 -7.99062e-08
2 -5.4341e-09 2.17444e-07
3 7.75259e-09 -3.85399e-07
4 -7.1355e-09 5.38065e-07
5 1.68566e-09 -7.32575e-07
6 8.02159e-09 9.1999e-07
7 -2.28776e-08 -1.16736e-06
8 2.67814e-08 1.4207e-06
9 -2.36165e-08 -1.76605e-06
10 2.487e-08 2.14329e-06
11 -4.0267e-08 -2.67806e-06
12 6.18196e-08 3.31524e-06
13 -4.34236e-08 -4.30546e-06
14 9.63994e-09 5.72056e-06
15 1.97517e-08 -7.6046e-06
16 1.50264e-10 7.61264e-06
17 -3.10564e-08 -5.55456e-06
18 4.47196e-08 1.99046e-06
19 3.34957e-09 2.17519e-06
20 1.18215e-07 -4.95234e-06
21 1.33422e-06 8.02688e-06
22 9.5905e-06 -1.13296e-05
23 5.6466e-05 1.53657e-05
24 0.000270528 -1.90065e-05
25 0.00104582 2.32505e-05
26 0.00326029 -2.88369e-05
27 0.00818128 5.55231e-05
28 0.0165219 0.000852332
29 0.0269719 0.0134679
30 0.0361521 0.0859495
31 0.0412846 0.237061
32 0.0428003 0.328213
33 0.0428003 0.328213
34 0.0412846 0.237061
35 0.0361521 0.0859495
36 0.0269719 0.0134679
37 0.0165219 0.000852332
38 0.00818128 5.55231e-05
39 0.00326029 -2.88369e-05
40 0.00104582 2.32505e-05
41 0.000270528 -1.90065e-05
42 5.6466e-05 1.53657e-05
43 9.5905e-06 -1.13296e-05
44 1.33422e-06 8.02688e-06
45 1.18215e-07 -4.95234e-06
46 3.34957e-09 2.17519e-06
47 4.47196e-08 1.99046e-06
48 -3.10564e-08 -5.55456e-06
49 1.50264e-10 7.61264e-06
50 1.97517e-08 -7.6046e-06
51 9.63994e-09 5.72056e-06
52 -4.34236e-08 -4.30546e-06
53 6.18196e-08 3.31524e-06
54 -4.0267e-08 -2.67806e-06
55 2.487e-08 2.14329e-06
56 -2.36165e-08 -1.76605e-06
57 2.67814e-08 1.4207e-06
58 -2.28776e-08 -1.16736e-06
59 8.02159e-09 9.1999e-07
60 1.68566e-09 -7.32575e-07
61 -7.1355e-09 5.38065e-07
62 7.75259e-09 -3.85399e-07
63 -5.4341e-09 2.17444e-07
64 1.88574e-09 -7.99062e-08
