
# f1 f2
1 -3.90553e-08 -1.74516e-06
2 -1.40947e-08 3.43181e-06
3 -3.76876e-08 -7.10966e-06
4 -3.59005e-07 9.05152e-06
5 -8.10208e-08 -1.3345e-05
6 2.04145e-07 1.58983e-05
7 -3.02528e-07 -2.14713e-05
8 -1.7301e-07 2.53033e-05
9 2.95341e-07 -3.3498e-05
10 6.45968e-07 4.01692e-05
11 3.41861e-07 -5.36924e-05
12 6.26956e-07 6.40586e-05
13 1.09029e-06 -8.11753e-05
14 9.36052e-07 8.28924e-05
15 6.46567e-07 -0.000114134
16 8.93692e-07 9.6287e-05
17 9.31939e-07 -3.75147e-05
18 7.30993e-07 -7.2675e-05
19 7.18443e-07 0.000130135
20 1.02394e-06 -0.000140168
21 1.84644e-06 0.000229556
22 8.63725e-06 -0.00021421
23 5.02496e-05 0.000340307
24 0.000248915 -0.000302515
25 0.00100221 0.000404893
26 0.00323059 -0.000513659
27 0.00828496 0.000468334
28 0.0168717 -0.00109112
29 0.0273277 0.00194458
30 0.0356285 0.0267473
31 0.0388985 0.351948
32 0.0387362 0.855941
33 0.0387362 0.855941
34 0.0388985 0.351948
35 0.0356285 0.0267473
36 0.0273277 0.00194458
37 0.0168717 -0.00109112
38 0.00828496 0.000468334
39 0.00323059 -0.000513659
40 0.00100221 0.000404893
41 0.000248915 -0.000302515
42 5.02496e-05 0.000340307
43 8.63725e-06 -0.00021421
44 1.84644e-06 0.000229556
45 1.02394e-06 -0.000140168
46 7.18443e-07 0.000130135
47 7.30993e-07 -7.2675e-05
48 9.31939e-07 -3.75147e-05
49 8.93692e-07 9.6287e-05
50 6.46567e-07 -0.000114134
51 9.36052e-07 8.28924e-05
52 1.09029e-06 -8.11753e-05
53 6.26956e-07 6.40586e-05
54 3.41861e-07 -5.36924e-05
55 6.45968e-07 4.01692e-05
56 2.95341e-07 -3.3498e-05
57 -1.7301e-07 2.53033e-05
58 -3.02528e-07 -2.14713e-05
59 2.04145e-07 1.58983e-05
60 -8.10208e-08 -1.3345e-05
61 -3.59005e-07 9.05152e-06
62 -3.76876e-08 -7.10966e-06
63 -1.40947e-08 3.43181e-06
64 -3.90553e-08 -1.74516e-06
