
# f1 f2
1 1.25757e-11 -3.99111e-10
2 -3.95445e-11 1.20584e-09
3 7.22942e-11 -2.05184e-09
4 -1.14638e-10 2.95786e-09
5 1.65223e-10 -3.96351e-09
6 -2.0395e-10 5.10376e-09
7 1.72442e-10 -6.44286e-09
8 3.71868e-11 8.05272e-09
9 -5.86083e-10 -1.00576e-08
10 1.62094e-09 1.26241e-08
11 -2.86518e-09 -1.60582e-08
12 3.50798e-09 2.08003e-08
13 -3.20487e-09 -2.6761e-08
14 2.10396e-09 3.04857e-08
15 -8.85065e-10 -2.46163e-08
16 1.86988e-10 8.71735e-09
17 4.39383e-10 6.92596e-09
18 3.5704e-09 -1.84265e-08
19 4.35942e-08 2.65019e-08
20 3.85158e-07 -3.1993e-08
21 2.77385e-06 3.72207e-08
22 1.64638e-05 -3.71505e-08
23 8.11125e-05 1.92547e-07
24 0.000332599 2.73335e-06
25 0.00113625 3.74035e-05
26 0.0032378 0.000346999
27 0.00771446 0.00223838
28 0.0154403 0.0100392
29 0.0261655 0.0315367
30 0.0379959 0.0705289
31 0.0480271 0.115795
32 0.0537055 0.145736
33 0.0537055 0.145736
34 0.0480271 0.115795
35 0.0379959 0.0705289
36 0.0261655 0.0315367
37 0.0154403 0.0100392
38 0.00771446 0.00223838
39 0.0032378 0.000346999
40 0.00113625 3.74035e-05
41 0.000332599 2.73335e-06
42 8.11125e-05 1.92547e-07
43 1.64638e-05 -3.71505e-08
44 2.77385e-06 3.72207e-08
45 3.85158e-07 -3.1993e-08
46 4.35942e-08 2.65019e-08
47 3.5704e-09 -1.84265e-08
48 4.39383e-10 6.92596e-09
49 1.86988e-10 8.71735e-09
50 -8.85065e-10 -2.46163e-08
51 2.10396e-09 3.04857e-08
52 -3.20487e-09 -2.6761e-08
53 3.50798e-09 2.08003e-08
54 -2.86518e-09 -1.60582e-08
55 1.62094e-09 1.26241e-08
56 -5.86083e-10 -1.00576e-08
57 3.71868e-11 8.05272e-09
58 1.72442e-10 -6.44286e-09
59 -2.0395e-10 5.10376e-09
60 1.65223e-10 -3.96351e-09
61 -1.14638e-10 2.95786e-09
62 7.22942e-11 -2.05184e-09
63 -3.95445e-11 1.20584e-09
64 1.25757e-11 -3.99112e-10
