
# f1 f2
1 1.2291e-11 -4.67373e-10
2 -3.87242e-11 1.41238e-09
3 7.10696e-11 -2.40213e-09
4 -1.13407e-10 3.46144e-09
5 1.65255e-10 -4.63481e-09
6 -2.09162e-10 5.96335e-09
7 1.92504e-10 -7.51943e-09
8 -6.02607e-12 9.38565e-09
9 -5.91825e-10 -1.16993e-08
10 1.93072e-09 1.46355e-08
11 -3.49092e-09 -1.84736e-08
12 3.88058e-09 2.34535e-08
13 -3.15373e-09 -2.86656e-08
14 1.65098e-09 2.89019e-08
15 -4.19377e-10 -1.745e-08
16 -2.71397e-11 1.91466e-09
17 1.14744e-09 3.95702e-09
18 1.04502e-08 -4.74447e-09
19 9.60417e-08 4.42611e-09
20 7.04347e-07 -4.57658e-09
21 4.31451e-06 5.39612e-09
22 2.23074e-05 9.44507e-09
23 9.79358e-05 3.16223e-07
24 0.000366141 4.69785e-06
25 0.0011679 5.14462e-05
26 0.00318475 0.000407386
27 0.00744312 0.00234405
28 0.0149571 0.00984571
29 0.0259433 0.0304051
30 0.0390061 0.0697089
31 0.0510457 0.120033
32 0.0583394 0.156961
33 0.0583394 0.156961
34 0.0510457 0.120033
35 0.0390061 0.0697089
36 0.0259433 0.0304051
37 0.0149571 0.00984571
38 0.00744312 0.00234405
39 0.00318475 0.000407386
40 0.0011679 5.14462e-05
41 0.000366141 4.69785e-06
42 9.79358e-05 3.16223e-07
43 2.23074e-05 9.44507e-09
44 4.31451e-06 5.39612e-09
45 7.04347e-07 -4.57658e-09
46 9.60417e-08 4.42611e-09
47 1.04502e-08 -4.74447e-09
48 1.14744e-09 3.95702e-09
49 -2.71397e-11 1.91466e-09
50 -4.19377e-10 -1.745e-08
51 1.65098e-09 2.89019e-08
52 -3.15373e-09 -2.86656e-08
53 3.88058e-09 2.34535e-08
54 -3.49092e-09 -1.84736e-08
55 1.93072e-09 1.46355e-08
56 -5.91825e-10 -1.16993e-08
57 -6.02606e-12 9.38565e-09
58 1.92504e-10 -7.51943e-09
59 -2.09162e-10 5.96335e-09
60 1.65255e-10 -4.63481e-09
61 -1.13407e-10 3.46144e-09
62 7.10696e-11 -2.40213e-09
63 -3.87242e-11 1.41238e-09
64 1.2291e-11 -4.67373e-10
