
# f1 f2
1 -6.09437e-09 -9.27429e-07
2 -2.04987e-08 1.58077e-06
3 5.20586e-08 -3.52454e-06
4 -1.18496e-07 4.28545e-06
5 -5.35192e-08 -6.52482e-06
6 1.69483e-07 7.53748e-06
7 -1.27572e-07 -1.03867e-05
8 -5.9946e-08 1.19203e-05
9 1.72631e-07 -1.60028e-05
10 1.34516e-07 1.87225e-05
11 -5.90338e-08 -2.53609e-05
12 6.59415e-08 2.96942e-05
13 2.74866e-07 -3.81416e-05
14 4.25949e-08 3.76113e-05
15 -8.01036e-08 -5.14055e-05
16 1.6223e-07 4.52652e-05
17 1.48265e-07 -3.73556e-05
18 -1.34066e-07 2.30132e-05
19 2.04415e-09 7.87349e-07
20 1.95332e-07 -4.9506e-08
21 1.21673e-07 4.65946e-05
22 3.08709e-06 -9.28011e-05
23 2.74451e-05 0.000168343
24 0.000169989 -0.000217838
25 0.000826765 0.000265266
26 0.00309874 -0.000377598
27 0.00883788 0.000310687
28 0.0189319 -0.00078873
29 0.0297826 0.00127453
30 0.0331783 0.0235471
31 0.0250667 0.391782
32 0.0143022 0.757826
33 0.0143022 0.757826
34 0.0250667 0.391782
35 0.0331783 0.0235471
36 0.0297826 0.00127453
37 0.0189319 -0.00078873
38 0.00883788 0.000310687
39 0.00309874 -0.000377598
40 0.000826765 0.000265266
41 0.000169989 -0.000217838
42 2.74451e-05 0.000168343
43 3.08709e-06 -9.28011e-05
44 1.21673e-07 4.65946e-05
45 1.95332e-07 -4.9506e-08
46 2.04415e-09 7.87349e-07
47 -1.34066e-07 2.30132e-05
48 1.48265e-07 -3.73556e-05
49 1.6223e-07 4.52652e-05
50 -8.01036e-08 -5.14055e-05
51 4.25949e-08 3.76113e-05
52 2.74866e-07 -3.81416e-05
53 6.59415e-08 2.96942e-05
54 -5.90338e-08 -2.53609e-05
55 1.34516e-07 1.87225e-05
56 1.72631e-07 -1.60028e-05
57 -5.9946e-08 1.19203e-05
58 -1.27572e-07 -1.03867e-05
59 1.69483e-07 7.53748e-06
60 -5.35192e-08 -6.52482e-06
61 -1.18496e-07 4.28545e-06
62 5.20586e-08 -3.52454e-06
63 -2.04987e-08 1.58077e-06
64 -6.09437e-09 -9.27429e-07
