
# f1 f2
1 4.14571e-09 -1.97811e-07
2 -1.24853e-08 5.60113e-07
3 1.94773e-08 -9.77306e-07
4 -2.64386e-08 1.38126e-06
5 3.23929e-08 -1.86912e-06
6 -2.89199e-08 2.36989e-06
7 -1.11034e-07 -3.00068e-06
8 1.89024e-07 3.68891e-06
9 -1.46678e-07 -4.5918e-06
10 1.02085e-07 5.64107e-06
11 -1.38908e-07 -7.07344e-06
12 1.6001e-07 8.8383e-06
13 -6.04581e-08 -1.1364e-05
14 6.23974e-08 1.45084e-05
15 4.54747e-08 -1.64297e-05
16 6.84583e-08 9.80484e-06
17 3.87461e-08 5.2356e-07
18 7.90633e-08 -5.92716e-06
19 1.58984e-07 6.26326e-06
20 6.84457e-07 -6.42838e-06
21 3.88894e-06 7.05472e-06
22 2.04491e-05 -6.28893e-06
23 9.26015e-05 8.3407e-06
24 0.000356132 -7.36662e-06
25 0.00116029 1.13778e-05
26 0.00320563 -6.91883e-06
27 0.00752969 7.61552e-05
28 0.0150983 0.00131791
29 0.0259903 0.0141301
30 0.0386755 0.0783427
31 0.0501248 0.233681
32 0.0569519 0.394591
33 0.0569519 0.394591
34 0.0501248 0.233681
35 0.0386755 0.0783427
36 0.0259903 0.0141301
37 0.0150983 0.00131791
38 0.00752969 7.61552e-05
39 0.00320563 -6.91883e-06
40 0.00116029 1.13778e-05
41 0.000356132 -7.36662e-06
42 9.26015e-05 8.3407e-06
43 2.04491e-05 -6.28893e-06
44 3.88894e-06 7.05472e-06
45 6.84457e-07 -6.42838e-06
46 1.58984e-07 6.26326e-06
47 7.90633e-08 -5.92716e-06
48 3.87461e-08 5.2356e-07
49 6.84583e-08 9.80484e-06
50 4.54747e-08 -1.64297e-05
51 6.23974e-08 1.45084e-05
52 -6.04581e-08 -1.1364e-05
53 1.6001e-07 8.8383e-06
54 -1.38908e-07 -7.07344e-06
55 1.02085e-07 5.64107e-06
56 -1.46678e-07 -4.5918e-06
57 1.89024e-07 3.68891e-06
58 -1.11034e-07 -3.00068e-06
59 -2.89199e-08 2.36989e-06
60 3.23929e-08 -1.86912e-06
61 -2.64386e-08 1.38126e-06
62 1.94773e-08 -9.77306e-07
63 -1.24853e-08 5.60113e-07
64 4.14571e-09 -1.97811e-07
