
# f1 f2
1 1.27023e-11 -4.46201e-10
2 -3.99795e-11 1.3483e-09
3 7.32173e-11 -2.29339e-09
4 -1.16409e-10 3.30497e-09
5 1.68538e-10 -4.42596e-09
6 -2.10301e-10 5.69546e-09
7 1.84862e-10 -7.18319e-09
8 1.83747e-11 8.96833e-09
9 -6.0178e-10 -1.11845e-08
10 1.80731e-09 1.40074e-08
11 -3.25837e-09 -1.77383e-08
12 3.82929e-09 2.27327e-08
13 -3.29096e-09 -2.84955e-08
14 1.92633e-09 3.05819e-08
15 -6.29688e-10 -2.15698e-08
16 3.14039e-11 4.98859e-09
17 8.02657e-10 5.79813e-09
18 6.88128e-09 -1.02568e-08
19 7.06336e-08 1.18001e-08
20 5.59139e-07 -1.26087e-08
21 3.65341e-06 1.41123e-08
22 1.99388e-05 -5.27524e-09
23 9.15068e-05 2.47843e-07
24 0.00035421 3.84009e-06
25 0.00115851 4.57038e-05
26 0.00320793 0.000384718
27 0.00754224 0.00230962
28 0.0151214 0.00992708
29 0.0260046 0.0308034
30 0.0386413 0.0699515
31 0.05001 0.118535
32 0.0567725 0.153146
33 0.0567725 0.153146
34 0.05001 0.118535
35 0.0386413 0.0699515
36 0.0260046 0.0308034
37 0.0151214 0.00992708
38 0.00754224 0.00230962
39 0.00320793 0.000384718
40 0.00115851 4.57038e-05
41 0.00035421 3.84009e-06
42 9.15068e-05 2.47843e-07
43 1.99388e-05 -5.27524e-09
44 3.65341e-06 1.41123e-08
45 5.59139e-07 -1.26087e-08
46 7.06336e-08 1.18001e-08
47 6.88128e-09 -1.02568e-08
48 8.02657e-10 5.79813e-09
49 3.14039e-11 4.98859e-09
50 -6.29688e-10 -2.15698e-08
51 1.92633e-09 3.05819e-08
52 -3.29096e-09 -2.84955e-08
53 3.82929e-09 2.27327e-08
54 -3.25837e-09 -1.77383e-08
55 1.80731e-09 1.40074e-08
56 -6.0178e-10 -1.11845e-08
57 1.83747e-11 8.96833e-09
58 1.84862e-10 -7.18319e-09
59 -2.10301e-10 5.69546e-09
60 1.68538e-10 -4.42596e-09
61 -1.16409e-10 3.30497e-09
62 7.32173e-11 -2.29339e-09
63 -3.99795e-11 1.3483e-09
64 1.27023e-11 -4.46201e-10
