
# f1 f2
1 3.75537e-09 -2.02345e-07
2 -1.15899e-08 5.73518e-07
3 1.8868e-08 -1.00067e-06
4 -2.99295e-08 1.41561e-06
5 4.68439e-08 -1.91663e-06
6 -5.33006e-08 2.43356e-06
7 -1.52647e-07 -3.085e-06
8 2.40405e-07 3.80089e-06
9 -1.37314e-07 -4.74139e-06
10 1.09024e-07 5.84288e-06
11 -1.55472e-07 -7.34392e-06
12 1.53093e-07 9.18622e-06
13 -6.43556e-08 -1.17531e-05
14 6.28406e-08 1.46682e-05
15 5.13883e-08 -1.5307e-05
16 7.81899e-08 6.15657e-06
17 6.72192e-08 3.57648e-06
18 9.69461e-08 -5.08995e-06
19 2.20357e-07 3.77346e-06
20 8.85531e-07 -4.05986e-06
21 4.64348e-06 3.69563e-06
22 2.2931e-05 -2.81057e-06
23 9.91407e-05 4.68386e-06
24 0.0003681 -3.54964e-06
25 0.00116995 7.4421e-06
26 0.00318422 -6.46222e-07
27 0.00743578 8.41178e-05
28 0.0149415 0.00139491
29 0.0259283 0.0141506
30 0.0390108 0.0773451
31 0.0510865 0.233737
32 0.0584092 0.401799
33 0.0584092 0.401799
34 0.0510865 0.233737
35 0.0390108 0.0773451
36 0.0259283 0.0141506
37 0.0149415 0.00139491
38 0.00743578 8.41178e-05
39 0.00318422 -6.46222e-07
40 0.00116995 7.4421e-06
41 0.0003681 -3.54964e-06
42 9.91407e-05 4.68386e-06
43 2.2931e-05 -2.81057e-06
44 4.64348e-06 3.69563e-06
45 8.85531e-07 -4.05986e-06
46 2.20357e-07 3.77346e-06
47 9.69461e-08 -5.08995e-06
48 6.72192e-08 3.57648e-06
49 7.81899e-08 6.15657e-06
50 5.13883e-08 -1.5307e-05
51 6.28406e-08 1.46682e-05
52 -6.43556e-08 -1.17531e-05
53 1.53093e-07 9.18622e-06
54 -1.55472e-07 -7.34392e-06
55 1.09024e-07 5.84288e-06
56 -1.37314e-07 -4.74139e-06
57 2.40405e-07 3.80089e-06
58 -1.52647e-07 -3.085e-06
59 -5.33006e-08 2.43356e-06
60 4.68439e-08 -1.91663e-06
61 -2.99295e-08 1.41561e-06
62 1.8868e-08 -1.00067e-06
63 -1.15899e-08 5.73518e-07
64 3.75537e-09 -2.02345e-07
