	-0.015	1.916065177e-05	1523.742902	3.403568169e-13	222.9887923	8.897395794	3.018233407	222.9883288	223.000211
	-0.01499454326	1.916065219e-05	1523.742896	3.37868006e-13	222.9887708	8.897395132	3.019785996	222.9883295	223.0002147
	-0.01498174908	1.916065317e-05	1523.742883	3.320620145e-13	222.9887203	8.897393576	3.023402458	222.9883308	223.0002232
	-0.01496175855	1.91606547e-05	1523.742863	3.230728737e-13	222.9886414	8.897391137	3.028986208	222.9883325	223.0002356
	-0.01493472968	1.916065675e-05	1523.742837	3.110788863e-13	222.9885346	8.897387825	3.036406239	222.9883338	223.0002508
	-0.01490087429	1.916065929e-05	1523.742807	2.963152862e-13	222.9884005	8.897383652	3.045489996	222.9883341	223.0002672
	-0.01486045743	1.916066227e-05	1523.742773	2.790684829e-13	222.98824	8.897378637	3.056027995	222.9883324	223.000283
	-0.01481379544	1.916066567e-05	1523.742738	2.596685503e-13	222.9880542	8.8973728	3.067779737	222.9883277	223.0002962
	-0.01476125353	1.916066942e-05	1523.742703	2.38480564e-13	222.9878444	8.897366167	3.080480521	222.9883187	223.0003044
	-0.01470324291	1.916067347e-05	1523.742669	2.158950854e-13	222.9876118	8.897358771	3.093848913	222.9883045	223.0003055
	-0.01464021761	1.916067777e-05	1523.74264	1.923180858e-13	222.9873582	8.897350647	3.107594625	222.9882839	223.000297
	-0.01457267088	1.916068225e-05	1523.742616	1.68160608e-13	222.9870853	8.897341839	3.121426598	222.9882557	223.0002768
	-0.01450113137	1.916068687e-05	1523.742599	1.438284723e-13	222.9867949	8.897332397	3.135061007	222.988219	223.0002428
	-0.01442615897	1.916069155e-05	1523.742592	1.197123283e-13	222.9864892	8.897322375	3.148228968	222.9881731	223.0001934
	-0.01434834044	1.916069625e-05	1523.742594	9.617834199e-14	222.9861704	8.897311836	3.16068371	222.9881174	223.0001271
	-0.01426828482	1.916070092e-05	1523.742607	7.355978646e-14	222.9858408	8.897300849	3.172206996	222.9880514	223.000043
	-0.01418661866	1.916070549e-05	1523.742633	5.214977564e-14	222.9855028	8.897289489	3.182614607	222.987975	222.9999406
	-0.0141039811	1.916070993e-05	1523.74267	3.219534302e-14	222.9851591	8.897277838	3.191760717	222.9878884	222.9998199
	-0.0140210189	1.916071421e-05	1523.74272	1.389302526e-14	222.9848123	8.897265984	3.199541049	222.9877921	222.9996813
	-0.01393838134	1.916071828e-05	1523.742781	-2.613937114e-15	222.9844651	8.897254019	3.205894711	222.9876869	222.9995261
	-0.01385671518	1.916072211e-05	1523.742854	-1.723672083e-14	222.9841202	8.89724204	3.210804674	222.9875737	222.9993558
	-0.01377665956	1.91607257e-05	1523.742936	-2.994035379e-14	222.9837805	8.897230149	3.214296881	222.9874539	222.9991726
	-0.01369884103	1.916072901e-05	1523.743027	-4.074150573e-14	222.9834487	8.897218449	3.216438038	222.987329	222.9989789
	-0.01362386863	1.916073205e-05	1523.743124	-4.97047306e-14	222.9831275	8.897207045	3.217332147	222.9872009	222.998778
	-0.01355232912	1.91607348e-05	1523.743227	-5.693730316e-14	222.9828197	8.897196043	3.217115924	222.9870714	222.998573
	-0.01348478239	1.916073728e-05	1523.743331	-6.258283598e-14	222.9825279	8.897185547	3.215953237	222.9869428	222.9983677
	-0.01342175709	1.916073947e-05	1523.743436	-6.681389983e-14	222.9822546	8.897175659	3.214028757	222.9868172	222.9981657
	-0.01336374647	1.916074139e-05	1523.743539	-6.98239008e-14	222.9820021	8.897166478	3.211541028	222.9866968	222.9979709
	-0.01331120456	1.916074306e-05	1523.743637	-7.181848916e-14	222.9817726	8.897158095	3.208695176	222.9865837	222.9977872
	-0.01326454257	1.916074447e-05	1523.743728	-7.300678855e-14	222.9815683	8.897150597	3.205695511	222.9864801	222.9976182
	-0.01322412571	1.916074564e-05	1523.74381	-7.359273771e-14	222.9813908	8.897144062	3.202738231	222.986388	222.9974674
	-0.01319027032	1.916074659e-05	1523.743881	-7.376683208e-14	222.9812418	8.897138559	3.200004501	222.9863092	222.9973379
	-0.01316324145	1.916074733e-05	1523.743939	-7.369853829e-14	222.9811227	8.897134147	3.197654094	222.9862451	222.9972325
	-0.01314325092	1.916074786e-05	1523.743983	-7.352963285e-14	222.9810345	8.897130873	3.195819834	222.986197	222.9971533
	-0.01313045674	1.91607482e-05	1523.744011	-7.336869692e-14	222.9809779	8.897128773	3.19460309	222.986166	222.9971021
	-0.013125	1.916074834e-05	1523.744024	-7.328751299e-14	222.9809538	8.897127876	3.194073985	222.9861527	222.9970802

	-0.013125	1.916076994e-05	1523.742524	1.003777582e-13	222.9812458	8.897149556	3.206696811	222.9868028	222.9977576
	-0.01311954326	1.916076978e-05	1523.742552	1.020402871e-13	222.9812204	8.897148471	3.205200148	222.9867886	222.9977239
	-0.01310674908	1.916076944e-05	1523.742614	1.05903002e-13	222.9811616	8.897145966	3.201678813	222.986756	222.9976452
	-0.01308675855	1.916076897e-05	1523.742707	1.11839186e-13	222.9810718	8.897142163	3.19614265	222.9867073	222.9975235
	-0.01305972968	1.916076846e-05	1523.742823	1.196730466e-13	222.9809543	8.897137238	3.188591023	222.9866454	222.9973614
	-0.01302587429	1.9160768e-05	1523.742954	1.291734753e-13	222.9808138	8.897131417	3.179024637	222.9865744	222.9971622
	-0.01298545743	1.916076773e-05	1523.74309	1.400608246e-13	222.9806555	8.897124978	3.167447658	222.9864993	222.9969302
	-0.01293879544	1.91607678e-05	1523.743217	1.520154655e-13	222.9804856	8.897118232	3.153869937	222.9864255	222.9966701
	-0.01288625353	1.916076836e-05	1523.743324	1.64687602e-13	222.9803109	8.89711152	3.138309459	222.9863591	222.9963872
	-0.01282824291	1.916076958e-05	1523.743397	1.777080121e-13	222.9801382	8.897105196	3.120794968	222.9863061	222.996087
	-0.01276521761	1.916077161e-05	1523.743422	1.906993733e-13	222.9799748	8.897099619	3.101368645	222.9862729	222.9957754
	-0.01269767088	1.916077461e-05	1523.743387	2.032878204e-13	222.9798276	8.897095138	3.080088748	222.9862654	222.9954583
	-0.01262613137	1.91607787e-05	1523.74328	2.151143759e-13	222.9797033	8.897092078	3.057032084	222.9862891	222.9951413
	-0.01255115897	1.916078402e-05	1523.743089	2.258458968e-13	222.9796077	8.897090733	3.032296213	222.986349	222.9948301
	-0.01247334044	1.916079064e-05	1523.742808	2.351851987e-13	222.9795462	8.897091353	3.006001271	222.986449	222.9945298
	-0.01239328482	1.916079862e-05	1523.742429	2.428800432e-13	222.979523	8.897094134	2.97829133	222.9865921	222.9942448
	-0.01231161866	1.9160808e-05	1523.741949	2.487307087e-13	222.9795411	8.897099209	2.949335193	222.9867802	222.9939794
	-0.0122289811	1.916081874e-05	1523.741368	2.525959122e-13	222.9796025	8.897106646	2.919326582	222.9870139	222.9937366
	-0.0121460189	1.916083081e-05	1523.740687	2.543968988e-13	222.9797076	8.897116442	2.888483642	222.9872922	222.9935191
	-0.01206338134	1.916084409e-05	1523.739912	2.541195732e-13	222.9798556	8.89712852	2.857047761	222.987613	222.9933285
	-0.01198171518	1.916085847e-05	1523.739052	2.518146104e-13	222.9800444	8.89714273	2.82528168	222.9879727	222.9931657
	-0.01190165956	1.916087377e-05	1523.738117	2.475955435e-13	222.9802705	8.897158854	2.793466912	222.9883667	222.9930308
	-0.01182384103	1.916088978e-05	1523.737122	2.416348913e-13	222.9805292	8.897176611	2.761900515	222.9887888	222.992923
	-0.01174886863	1.916090627e-05	1523.736082	2.341584498e-13	222.9808147	8.897195661	2.730891261	222.9892319	222.9928411
	-0.01167732912	1.916092298e-05	1523.735016	2.25437928e-13	222.9811203	8.897215615	2.700755295	222.9896881	222.9927828
	-0.01160978239	1.916093963e-05	1523.733943	2.157821598e-13	222.9814386	8.897236048	2.671811363	222.9901488	222.9927458
	-0.01154675709	1.916095593e-05	1523.732883	2.055271705e-13	222.9817617	8.897256508	2.644375729	222.9906049	222.9927268
	-0.01148874647	1.916097159e-05	1523.731859	1.950254093e-13	222.9820813	8.897276531	2.618756894	222.991047	222.9927228
	-0.01143620456	1.916098631e-05	1523.730889	1.846344869e-13	222.9823892	8.897295651	2.595250256	222.991466	222.9927302
	-0.01138954257	1.916099981e-05	1523.729996	1.747057713e-13	222.9826773	8.897313416	2.57413283	222.9918529	222.9927456
	-0.01134912571	1.916101183e-05	1523.729197	1.655732023e-13	222.982938	8.8973294	2.555658177	222.9921991	222.9927657
	-0.01131527032	1.916102214e-05	1523.728511	1.575426742e-13	222.9831643	8.897343215	2.540051664	222.9924972	222.9927873
	-0.01128824145	1.916103052e-05	1523.727951	1.508823269e-13	222.9833503	8.897354524	2.527506194	222.9927404	222.9928076
	-0.01126825092	1.91610368e-05	1523.72753	1.458140726e-13	222.9834907	8.897363047	2.518178556	222.9929233	222.9928245
	-0.01125545674	1.916104086e-05	1523.727258	1.42506843e-13	222.983582	8.897368573	2.512186883	222.9930417	222.9928361
	-0.01125	1.91610426e-05	1523.727141	1.410812297e-13	222.9836212	8.897370947	2.50962623	222.9930925	222.9928412

	-0.01125	1.916108382e-05	1523.724069	2.800184743e-13	222.9839871	8.897404685	2.501374425	222.9935899	222.9934518
	-0.01124454326	1.916108488e-05	1523.724	2.806632876e-13	222.9840223	8.897406585	2.498918127	222.9936378	222.993446
	-0.01123174908	1.916108745e-05	1523.723833	2.821631913e-13	222.9841062	8.897411125	2.4931492	222.9937519	222.9934336
	-0.01121175855	1.916109166e-05	1523.723557	2.844731753e-13	222.9842409	8.897418453	2.484108037	222.9939357	222.9934173
	-0.01118472968	1.916109772e-05	1523.723155	2.875313654e-13	222.9844302	8.89742882	2.471830535	222.9941947	222.9934012
	-0.01115087429	1.916110593e-05	1523.722605	2.912563561e-13	222.9846787	8.897442547	2.456366062	222.9945361	222.9933907
	-0.01111045743	1.916111661e-05	1523.721881	2.955495135e-13	222.9849922	8.897460015	2.437779022	222.9949684	222.9933924
	-0.01106379544	1.916113014e-05	1523.720955	3.002978995e-13	222.9853768	8.897481645	2.416150193	222.9955011	222.9934135
	-0.01101125353	1.916114692e-05	1523.719794	3.05377631e-13	222.985839	8.897507877	2.391578129	222.9961439	222.9934618
	-0.01095324291	1.916116734e-05	1523.71837	3.106575576e-13	222.9863851	8.897539147	2.364180601	222.9969065	222.9935455
	-0.01089021761	1.916119178e-05	1523.716651	3.160031431e-13	222.987021	8.897575868	2.33409601	222.997798	222.9936723
	-0.01082267088	1.916122057e-05	1523.714611	3.212804306e-13	222.9877517	8.897618398	2.301484677	222.9988262	222.9938497
	-0.01075113137	1.916125401e-05	1523.712227	3.263599691e-13	222.9885812	8.897667024	2.266529936	222.9999973	222.9940846
	-0.01067615897	1.91612923e-05	1523.709482	3.311205808e-13	222.9895118	8.897721937	2.229438948	223.0013152	222.9943826
	-0.01059834044	1.916133556e-05	1523.706367	3.354528532e-13	222.9905441	8.897783216	2.190443151	223.0027812	222.9947479
	-0.01051828482	1.91613838e-05	1523.702879	3.3926225e-13	222.9916766	8.897850806	2.149798292	223.0043937	222.9951834
	-0.01043661866	1.916143691e-05	1523.699024	3.424717452e-13	222.9929057	8.897924511	2.107783964	223.0061476	222.9956898
	-0.0103539811	1.916149466e-05	1523.694819	3.450239014e-13	222.9942251	8.89800398	2.06470263	223.0080344	222.9962663
	-0.0102710189	1.91615567e-05	1523.69029	3.468823283e-13	222.9956265	8.898088707	2.020878068	223.010042	222.9969099
	-0.01018838134	1.916162254e-05	1523.685471	3.480324815e-13	222.9970987	8.89817803	1.976653267	223.0121546	222.9976155
	-0.01010671518	1.916169157e-05	1523.680408	3.484817751e-13	222.9986286	8.898271133	1.932387735	223.0143531	222.998376
	-0.01002665956	1.916176306e-05	1523.675155	3.48259012e-13	223.0002005	8.89836706	1.888454267	223.0166151	222.9991826
	-0.009948841034	1.916183619e-05	1523.669773	3.474131476e-13	223.0017972	8.89846473	1.84523521	223.0189152	223.0000245
	-0.009873868633	1.916191003e-05	1523.664331	3.460114325e-13	223.0033993	8.898562952	1.803118261	223.0212257	223.0008897
	-0.00980232912	1.916198358e-05	1523.658903	3.44136991e-13	223.0049866	8.898660449	1.762491892	223.0235169	223.0017647
	-0.009734782389	1.916205581e-05	1523.653567	3.418859169e-13	223.0065378	8.898755887	1.723740468	223.0257578	223.0026352
	-0.009671757085	1.916212563e-05	1523.648404	3.393639768e-13	223.0080311	8.898847899	1.687239165	223.0279165	223.0034861
	-0.00961374647	1.916219197e-05	1523.643495	3.366830287e-13	223.0094448	8.898935118	1.653348791	223.0299615	223.0043025
	-0.009561204558	1.916225377e-05	1523.638917	3.339572681e-13	223.0107576	8.899016206	1.622410609	223.0318616	223.0050693
	-0.009514542569	1.916231003e-05	1523.634749	3.31299422e-13	223.0119493	8.899089886	1.594741297	223.0335872	223.0057722
	-0.009474125708	1.916235979e-05	1523.631059	3.288170117e-13	223.0130012	8.899154971	1.570628141	223.0351109	223.0063975
	-0.009440270321	1.916240222e-05	1523.627912	3.266088023e-13	223.0138964	8.899210396	1.550324581	223.036408	223.0069332
	-0.009413241454	1.916243658e-05	1523.625363	3.247615535e-13	223.0146202	8.899255237	1.53404623	223.0374572	223.0073686
	-0.009393250921	1.916246228e-05	1523.623456	3.233471808e-13	223.0151608	8.89928874	1.521967502	223.0382409	223.0076951
	-0.009380456742	1.916247884e-05	1523.622226	3.224204791e-13	223.0155092	8.899310333	1.514219449	223.0387459	223.007906
	-0.009375	1.916248594e-05	1523.6217	3.220201375e-13	223.0156583	8.899319579	1.510910728	223.0389621	223.0079965

	-0.009375	1.916265339e-05	1523.609329	-2.06800735e-13	223.0180785	8.899493925	1.488506128	223.0411336	223.0105688
	-0.009369543258	1.916265783e-05	1523.608987	-2.079297477e-13	223.0181972	8.89950072	1.485089315	223.0413436	223.010616
	-0.009356749079	1.916266847e-05	1523.608164	-2.105607414e-13	223.0184801	8.899516949	1.477006704	223.0418429	223.0107299
	-0.009336758546	1.916268583e-05	1523.606823	-2.146262594e-13	223.0189346	8.899543136	1.464177571	223.0426425	223.0109176
	-0.009309729679	1.916271068e-05	1523.604902	-2.200352706e-13	223.0195732	8.899580155	1.446443125	223.0437611	223.0111901
	-0.009275874292	1.916274407e-05	1523.602323	-2.266678244e-13	223.0204123	8.899629136	1.423599662	223.0452232	223.0115618
	-0.009235457431	1.916278722e-05	1523.598989	-2.343781856e-13	223.021471	8.899691415	1.39541155	223.0470573	223.0120497
	-0.009188795442	1.916284149e-05	1523.594797	-2.429988756e-13	223.0227705	8.899768468	1.36162611	223.0492949	223.0126728
	-0.00913625353	1.916290831e-05	1523.589636	-2.523453236e-13	223.0243328	8.899861837	1.321990406	223.0519685	223.0134511
	-0.009078242915	1.916298911e-05	1523.583396	-2.622209674e-13	223.0261796	8.899973054	1.276269393	223.0551098	223.0144049
	-0.009015217611	1.916308526e-05	1523.575972	-2.72422647e-13	223.028331	8.900103555	1.224264797	223.0587482	223.0155535
	-0.00894767088	1.916319796e-05	1523.56727	-2.82746127e-13	223.0308043	8.900254598	1.165834041	223.0629081	223.0169143
	-0.008876131367	1.916332823e-05	1523.557212	-2.929915814e-13	223.0336128	8.900427181	1.100908532	223.067608	223.018502
	-0.008801158966	1.916347679e-05	1523.545743	-3.029688764e-13	223.0367649	8.90062197	1.029510634	223.0728579	223.0203276
	-0.00872334044	1.916364401e-05	1523.532835	-3.125024941e-13	223.0402625	8.900839225	0.9517686623	223.0786585	223.0223976
	-0.008643284824	1.916382988e-05	1523.518486	-3.214359495e-13	223.0441008	8.901078747	0.8679293368	223.0849993	223.0247132
	-0.008561618662	1.916403397e-05	1523.502733	-3.296355741e-13	223.0482673	8.901339828	0.7783671481	223.0918579	223.0272698
	-0.008478981103	1.916425536e-05	1523.485645	-3.369935532e-13	223.0527413	8.901621226	0.6835902286	223.0991994	223.0300568
	-0.008396018897	1.916449267e-05	1523.467329	-3.434301336e-13	223.0574939	8.901921144	0.5842423998	223.1069756	223.0330569
	-0.008313381338	1.916474404e-05	1523.447928	-3.488949404e-13	223.062488	8.902237235	0.4811011934	223.1151257	223.0362468
	-0.008231715176	1.916500717e-05	1523.427621	-3.53367371e-13	223.0676783	8.902566619	0.3750717663	223.1235766	223.0395967
	-0.00815165956	1.916527929e-05	1523.40662	-3.568560639e-13	223.0730123	8.902905919	0.2671767561	223.1322433	223.0430712
	-0.008073841034	1.916555726e-05	1523.385167	-3.593974677e-13	223.0784306	8.90325131	0.1585422542	223.1410309	223.0466295
	-0.007998868633	1.916583762e-05	1523.363531	-3.610535635e-13	223.0838684	8.903598589	0.05038019122	223.1498356	223.0502263
	-0.00792732912	1.916611662e-05	1523.342	-3.619088225e-13	223.0892564	8.903943253	-0.05603244865	223.1585468	223.0538127
	-0.007859782389	1.916639035e-05	1523.320876	-3.620665e-13	223.0945222	8.904280589	-0.1593770716	223.1670495	223.0573372
	-0.007796757085	1.916665477e-05	1523.300471	-3.616443926e-13	223.0995919	8.904605777	-0.2583189711	223.1752262	223.060747
	-0.00773874647	1.916690584e-05	1523.281096	-3.607701968e-13	223.1043916	8.90491399	-0.3515342042	223.1829597	223.0639889
	-0.007686204558	1.916713961e-05	1523.263057	-3.595766237e-13	223.1088492	8.905200511	-0.4377371231	223.1901359	223.0670107
	-0.007639542569	1.916735229e-05	1523.246645	-3.58196427e-13	223.1128959	8.905460835	-0.5157078099	223.1966457	223.0697624
	-0.007599125708	1.916754037e-05	1523.232132	-3.56757509e-13	223.1164679	8.90569078	-0.5843186534	223.2023883	223.0721977
	-0.007565270321	1.916770066e-05	1523.219763	-3.553782611e-13	223.1195078	8.905886581	-0.642559321	223.2072729	223.0742747
	-0.007538241454	1.916783044e-05	1523.209748	-3.541632916e-13	223.121966	8.906044987	-0.6895593951	223.2112212	223.075957
	-0.007518250921	1.916792745e-05	1523.202262	-3.531996843e-13	223.1238019	8.906163336	-0.7246078722	223.2141692	223.0772152
	-0.007505456742	1.916799e-05	1523.197436	-3.525539502e-13	223.1249849	8.906239613	-0.7471675017	223.2160683	223.0780266
	-0.0075	1.916801678e-05	1523.195369	-3.522716547e-13	223.1254913	8.906272271	-0.7568196622	223.2168812	223.0783741

	-0.0075	1.916872506e-05	1523.143381	-4.094654384e-13	223.1362132	8.907029357	-0.8285459442	223.2264188	223.0896118
	-0.007494543258	1.916874069e-05	1523.142074	-4.052070826e-13	223.1365862	8.907051479	-0.8396224975	223.227211	223.0897712
	-0.007481749079	1.916877838e-05	1523.138928	-3.952982382e-13	223.1374793	8.907104571	-0.8659202541	223.2290965	223.0901586
	-0.007461758546	1.916884021e-05	1523.133786	-3.800279544e-13	223.1389262	8.907190959	-0.9079276892	223.2321218	223.0908021
	-0.007434729679	1.916892953e-05	1523.126393	-3.59792351e-13	223.1409826	8.90731442	-0.9665052843	223.2363659	223.0917465
	-0.007400874292	1.916905068e-05	1523.116418	-3.351127211e-13	223.1437205	8.90747986	-1.042764544	223.241931	223.0930499
	-0.007360457431	1.916920879e-05	1523.103469	-3.066209719e-13	223.1472254	8.907693088	-1.138008026	223.2489376	223.0947814
	-0.007313795442	1.916940961e-05	1523.08711	-2.750410892e-13	223.1515916	8.907960548	-1.253659492	223.2575181	223.0970179
	-0.00726125353	1.916965915e-05	1523.066883	-2.411678447e-13	223.1569182	8.908289013	-1.391184929	223.2678098	223.099841
	-0.007203242915	1.91699635e-05	1523.042327	-2.05843474e-13	223.163304	8.90868526	-1.552006967	223.279948	223.1033327
	-0.007140217611	1.917032844e-05	1523.013003	-1.699330558e-13	223.1708421	8.909155719	-1.737415657	223.2940576	223.1075722
	-0.00707267088	1.91707592e-05	1522.978517	-1.342993523e-13	223.1796151	8.909706127	-1.948478748	223.3102455	223.1126314
	-0.007001131367	1.917126015e-05	1522.938543	-9.977788212e-14	223.1896898	8.910341191	-2.185954621	223.3285932	223.1185712
	-0.006926158966	1.917183452e-05	1522.892842	-6.715298971e-14	223.2011124	8.911064267	-2.450211053	223.3491491	223.1254381
	-0.00684834044	1.917248413e-05	1522.841284	-3.713564246e-14	223.2139044	8.911877075	-2.741152774	223.3719226	223.1332607
	-0.006768284824	1.917320923e-05	1522.783861	-1.034363053e-14	223.2280588	8.912779452	-3.058160575	223.3968786	223.142047
	-0.006686618662	1.917400827e-05	1522.720704	1.27152304e-14	223.2435374	8.913769164	-3.400044352	223.4239331	223.151782
	-0.006603981103	1.917487785e-05	1522.652088	3.165638832e-14	223.2602687	8.914841771	-3.765012092	223.4529508	223.1624265
	-0.006521018897	1.91758126e-05	1522.578439	4.622794097e-14	223.2781469	8.915990557	-4.150656286	223.4837432	223.1739159
	-0.006438381338	1.91768052e-05	1522.500333	5.631584615e-14	223.2970322	8.91720653	-4.553958741	223.5160694	223.1861602
	-0.006356715176	1.917784645e-05	1522.418493	6.194481426e-14	223.3167515	8.918478495	-4.971314212	223.5496375	223.1990449
	-0.00627665956	1.917892535e-05	1522.333778	6.327487606e-14	223.3371009	8.919793193	-5.398572633	223.5841087	223.2124323
	-0.006198841034	1.918002933e-05	1522.247171	6.059375375e-14	223.3578485	8.921135506	-5.831099211	223.6191018	223.2261637
	-0.006123868633	1.918114442e-05	1522.15976	5.430529431e-14	223.3787387	8.92248873	-6.263851031	223.6541997	223.2400624
	-0.00605232912	1.918225556e-05	1522.072716	4.491434662e-14	223.3994974	8.923834894	-6.691468323	223.6889576	223.2539375
	-0.005984782389	1.918334692e-05	1521.987274	3.300857447e-14	223.4198368	8.925155138	-7.108378046	223.7229112	223.2675873
	-0.005921757085	1.918440221e-05	1521.904697	1.92377927e-14	223.4394625	8.926430114	-7.508907068	223.7555868	223.2808044
	-0.00586374647	1.91854051e-05	1521.826256	4.291490042e-15	223.4580791	8.927640424	-7.887401864	223.7865112	223.2933804
	-0.005811204558	1.918633955e-05	1521.753196	-1.112474191e-14	223.475398	8.928767064	-8.238351463	223.8152226	223.3051103
	-0.005764542569	1.918719023e-05	1521.686707	-2.631312107e-14	223.4911429	8.92979187	-8.556510194	223.8412805	223.3157981
	-0.005724125708	1.918794288e-05	1521.627897	-4.060716617e-14	223.5050577	8.930697954	-8.837016798	223.8642763	223.3252612
	-0.005690270321	1.918858465e-05	1521.577762	-5.339401814e-14	223.5169113	8.931470112	-9.075506478	223.8838428	223.333335
	-0.005663241454	1.91891044e-05	1521.537166	-6.413487472e-14	223.5265043	8.932095193	-9.268212603	223.8996629	223.339877
	-0.005643250921	1.918949304e-05	1521.506815	-7.238284993e-14	223.5336732	8.932562426	-9.412054447	223.911477	223.3447704
	-0.005630456742	1.918974366e-05	1521.487244	-7.779733326e-14	223.5382944	8.932863659	-9.50470244	223.9190889	223.3479267
	-0.005625	1.9189851e-05	1521.478863	-8.013883543e-14	223.5402732	8.932992656	-9.544356475	223.9223474	223.3492788

	-0.005625	1.91927177e-05	1521.269833	1.585503822e-13	223.5839386	8.936072317	-9.851370527	223.9615989	223.3950613
	-0.005619543258	1.919278054e-05	1521.264406	1.538924415e-13	223.5854082	8.93615981	-9.899629896	223.964849	223.3956557
	-0.005606749079	1.919293219e-05	1521.251351	1.430395506e-13	223.5889289	8.936369987	-10.01414225	223.9725833	223.3971051
	-0.005586758546	1.919318122e-05	1521.230031	1.262741322e-13	223.5946404	8.936712511	-10.19688376	223.9849877	223.3995259
	-0.005559729679	1.919354138e-05	1521.199415	1.039780268e-13	223.6027709	8.93720303	-10.45137165	224.0023792	223.4031019
	-0.005525874292	1.919403053e-05	1521.158163	7.665430342e-14	223.613617	8.937861874	-10.78214611	224.0251687	223.4080725
	-0.005485457431	1.919466986e-05	1521.10469	4.491399782e-14	223.6275293	8.938713122	-11.19452103	224.053839	223.414722
	-0.005438795442	1.919548294e-05	1521.037234	9.459049353e-15	223.6448962	8.9397835	-11.69429419	224.0889213	223.4233674
	-0.00538625353	1.919649463e-05	1520.953937	-2.893733346e-14	223.6661257	8.941101127	-12.28741955	224.1309666	223.4343447
	-0.005328242915	1.919772993e-05	1520.852941	-6.945220398e-14	223.6916244	8.942694155	-12.97965236	224.1805161	223.4479933
	-0.005265217611	1.919921273e-05	1520.732473	-1.112356381e-13	223.7217774	8.944589343	-13.77617922	224.2380696	223.46464
	-0.00519767088	1.920096462e-05	1520.590944	-1.53434033e-13	223.7569262	8.94681063	-14.68124615	224.3040537	223.4845832
	-0.005126131367	1.920300363e-05	1520.427039	-1.952132396e-13	223.7973484	8.949377729	-15.69779792	224.3787914	223.5080771
	-0.005051158966	1.920534311e-05	1520.239802	-2.357808348e-13	223.8432382	8.952304815	-16.82714169	224.462473	223.5353166
	-0.00497334044	1.920799075e-05	1520.028716	-2.744068649e-13	223.8946887	8.955599347	-18.06864733	224.5551306	223.5664243
	-0.004893284824	1.921094767e-05	1519.793765	-3.104424457e-13	223.9516775	8.959261058	-19.41949592	224.6566164	223.6014389
	-0.004811618662	1.921420771e-05	1519.53549	-3.433356692e-13	224.0140546	8.963281158	-20.87448626	224.7665855	223.640306
	-0.004728981103	1.9217757e-05	1519.255026	-3.726443555e-13	224.0815343	8.967641788	-22.42590781	224.8844852	223.6828719
	-0.004646018897	1.922157369e-05	1518.954115	-3.980452854e-13	224.1536916	8.972315726	-24.06348614	225.0095489	223.7288798
	-0.004563381338	1.922562789e-05	1518.635113	-4.193396622e-13	224.2299616	8.977266394	-25.77440495	225.1407979	223.7779696
	-0.004481715176	1.922988198e-05	1518.300967	-4.364546673e-13	224.3096446	8.982448138	-27.54340646	225.2770486	223.8296807
	-0.00440165956	1.9234291e-05	1517.955182	-4.494410983e-13	224.3919143	8.987806801	-29.35296909	225.4169271	223.883458
	-0.004323841034	1.923880346e-05	1517.60176	-4.584671991e-13	224.4758307	8.993280575	-31.1835595	225.5588889	223.938661
	-0.004248868633	1.92433622e-05	1517.245134	-4.638089112e-13	224.5603571	8.998801103	-33.0139533	225.7012459	223.9945755
	-0.00417732912	1.924790557e-05	1516.89008	-4.658368854e-13	224.6443794	9.004294815	-34.82161661	225.8421967	224.0504281
	-0.004109782389	1.925236867e-05	1516.541614	-4.650006937e-13	224.7267295	9.009684446	-36.58313896	225.979863	224.1054029
	-0.004046757085	1.925668483e-05	1516.204886	-4.61810769e-13	224.8062104	9.014890718	-38.27470582	226.1123281	224.1586593
	-0.00398874647	1.926078711e-05	1515.885063	-4.568186662e-13	224.8816223	9.019834114	-39.8725984	226.237678	224.209352
	-0.003936204558	1.926460981e-05	1515.587212	-4.505962935e-13	224.9517907	9.024436717	-41.35370661	226.3540443	224.2566504
	-0.003889542569	1.926809012e-05	1515.316175	-4.437147883e-13	225.0155933	9.028624041	-42.69604125	226.4596459	224.2997591
	-0.003849125708	1.927116955e-05	1515.076457	-4.36723725e-13	225.071987	9.032326816	-43.87923084	226.5528306	224.3379371
	-0.003815270321	1.927379544e-05	1514.872116	-4.301313284e-13	225.1200331	9.035482674	-44.884989	226.6321137	224.3705165
	-0.003788241454	1.927592221e-05	1514.70666	-4.243863348e-13	225.1589198	9.038037668	-45.69753851	226.696213	224.3969189
	-0.003768250921	1.927751251e-05	1514.582966	-4.198621082e-13	225.1879823	9.039947604	-46.30397717	226.7440792	224.4166702
	-0.003755456742	1.927853806e-05	1514.503209	-4.168437256e-13	225.2067173	9.041179029	-46.69454951	226.7749188	224.4294112
	-0.00375	1.92789773e-05	1514.469053	-4.155272176e-13	225.2147398	9.04170638	-46.86170973	226.7881205	224.434869

	-0.00375	1.928919545e-05	1513.736114	-4.936987651e-13	225.3718157	9.052808098	-48.26442215	226.933609	224.5976349
	-0.003744543258	1.928948491e-05	1513.710939	-4.933457714e-13	225.3784815	9.053204158	-48.49595671	226.9478597	224.6005349
	-0.003731749079	1.929018015e-05	1513.650699	-4.926000154e-13	225.3943832	9.05415199	-49.04346855	226.9816732	224.6075435
	-0.003711758546	1.92913129e-05	1513.553176	-4.916646429e-13	225.4199949	9.055686866	-49.91197176	227.0356302	224.6190804
	-0.003684729679	1.929293459e-05	1513.414722	-4.908456518e-13	225.4561089	9.057866693	-51.1115311	227.1107651	224.6358163
	-0.003650874292	1.929511199e-05	1513.230604	-4.905427171e-13	225.5037523	9.060766636	-52.65504266	227.2084127	224.658623
	-0.003610457431	1.929792423e-05	1512.995224	-4.912338497e-13	225.5641365	9.064475558	-54.55739022	227.3301356	224.6885355
	-0.003563795442	1.930145909e-05	1512.702389	-4.934568041e-13	225.6385985	9.069091838	-56.83447988	227.4776381	224.726705
	-0.00351125353	1.930580894e-05	1512.345606	-4.977879018e-13	225.7285333	9.074718613	-59.502152	227.6526702	224.7743474
	-0.003453242915	1.931106622e-05	1511.918409	-5.04818971e-13	225.8353217	9.081458617	-62.57500505	227.8569231	224.8326859
	-0.003390217611	1.931731882e-05	1511.414699	-5.151331649e-13	225.9602537	9.089408796	-66.06517276	228.0919202	224.9028919
	-0.00332267088	1.932464529e-05	1510.829085	-5.292804581e-13	226.1044528	9.098654869	-69.98109858	228.3589078	224.9860247
	-0.003251131367	1.93331103e-05	1510.157222	-5.477536371e-13	226.2688009	9.109266035	-74.32635233	228.6587487	225.0829733
	-0.003176158966	1.934276031e-05	1509.39612	-5.709655874e-13	226.4538689	9.121290008	-79.09853312	228.9918232	225.1944008
	-0.00309834044	1.935361964e-05	1508.544425	-5.992286443e-13	226.659854	9.134748561	-84.28830063	229.3579414	225.3206953
	-0.003018284824	1.936568723e-05	1507.602662	-6.327367143e-13	226.886527	9.14963373	-89.87857313	229.7562685	225.4619274
	-0.002936618662	1.937893399e-05	1506.573419	-6.715507878e-13	227.1331907	9.16590484	-95.84392577	230.1852683	225.6178161
	-0.002853981103	1.939330096e-05	1505.461476	-7.155883624e-13	227.3986517	9.183486449	-102.150217	230.6426658	225.7877059
	-0.002771018897	1.940869843e-05	1504.273874	-7.646171752e-13	227.6812069	9.202267319	-108.7544638	231.125431	225.9705539
	-0.002688381338	1.942500589e-05	1503.019906	-8.182535093e-13	227.9786448	9.222100467	-115.604979	231.6297857	226.164929
	-0.002606715176	1.9442073e-05	1501.711051	-8.759651963e-13	228.2882633	9.242804306	-122.6417756	232.1512328	226.3690232
	-0.00252665956	1.945972145e-05	1500.360825	-9.370792935e-13	228.606902	9.264164899	-129.7972359	232.6846087	226.5806749
	-0.002448841034	1.947774776e-05	1498.984578	-1.000794263e-12	228.9309903	9.28593925	-136.9970318	233.2241579	226.7974031
	-0.002373868633	1.949592695e-05	1497.599223	-1.066196346e-12	229.2566088	9.307859575	-144.16128	233.7636269	227.0164526
	-0.00230232912	1.951401686e-05	1496.222913	-1.13227968e-12	229.5795636	9.329638444	-151.2059019	234.296377	227.234849
	-0.002234782389	1.953176322e-05	1494.874666	-1.19796961e-12	229.8954699	9.350974645	-158.044157	234.8155116	227.4494609
	-0.002171757085	1.954890514e-05	1493.573965	-1.262148514e-12	230.1998448	9.371559631	-164.5883094	235.3140154	227.6570693
	-0.00211374647	1.956518096e-05	1492.34032	-1.323683404e-12	230.4882051	9.391084355	-170.751383	235.7849014	227.8544406
	-0.002061204558	1.958033427e-05	1491.192831	-1.381454502e-12	230.7561679	9.409246313	-176.4489598	236.2213624	228.038402
	-0.002014542569	1.959411998e-05	1490.149735	-1.434383938e-12	230.9995516	9.425756588	-181.600971	236.6169214	228.2059177
	-0.001974125708	1.960631018e-05	1489.227981	-1.481463732e-12	231.2144733	9.440346693	-186.1334314	236.9655779	228.3541621
	-0.001940270321	1.961669964e-05	1488.442821	-1.521782223e-12	231.3974413	9.452775023	-189.9800689	237.2619459	228.4805893
	-0.001913241454	1.962511087e-05	1487.80744	-1.55454813e-12	231.5454388	9.462832712	-193.0838019	237.5013783	228.5829962
	-0.001893250921	1.963139845e-05	1487.332635	-1.579111421e-12	231.6559958	9.470348696	-195.3980109	237.6800751	228.6595772
	-0.001880456742	1.963545231e-05	1487.026577	-1.594979325e-12	231.7272437	9.475193521	-196.8874728	237.7951627	228.7089652
	-0.001875	1.963718835e-05	1486.895526	-1.601781944e-12	231.7577474	9.477268041	-197.5247114	237.8444187	228.7301183

	-0.001875	1.96600306e-05	1485.310021	-1.62913677e-12	232.1241007	9.503290839	-203.7909892	238.2445689	229.0794494
	-0.001869543258	1.966153247e-05	1485.18418	-1.628863345e-12	232.1560744	9.505253061	-204.8634488	238.3062018	229.0966181
	-0.001856749079	1.96651043e-05	1484.885984	-1.628166551e-12	232.2316807	9.509909662	-207.3818573	238.451502	229.1374351
	-0.001836758546	1.967082683e-05	1484.41124	-1.626921476e-12	232.3516076	9.517342262	-211.3276321	238.6807528	229.2027893
	-0.001809729679	1.967883882e-05	1483.752241	-1.624934839e-12	232.5172376	9.527695805	-216.6836585	238.9950307	229.2942151
	-0.001775874292	1.968931981e-05	1482.89906	-1.621954698e-12	232.7303423	9.541157423	-223.4265006	239.3956771	229.4136971
	-0.001735457431	1.970248087e-05	1481.840122	-1.617680831e-12	232.9929658	9.557946194	-231.5257915	239.8841566	229.5635671
	-0.001688795442	1.971855367e-05	1480.562869	-1.611777207e-12	233.3072922	9.57830124	-240.9437409	240.4619002	229.7463827
	-0.00163625353	1.973777829e-05	1479.054514	-1.603886156e-12	233.6754955	9.602468266	-251.6346247	241.1301297	229.9647912
	-0.001578242915	1.976038986e-05	1477.302847	-1.59364379e-12	234.099578	9.630684978	-263.5442665	241.8896682	230.2213812
	-0.001515217611	1.978660466e-05	1475.297086	-1.580696152e-12	234.5812017	9.663165888	-276.609539	242.7407449	230.5185279
	-0.00144767088	1.981660618e-05	1473.028724	-1.564715546e-12	235.1215202	9.70008703	-290.7579181	243.6828001	230.8582379
	-0.001376131367	1.985053152e-05	1470.492352	-1.545416509e-12	235.7210152	9.741571137	-305.9071216	244.7142991	231.2419977
	-0.001301158966	1.988845867e-05	1467.686429	-1.522570871e-12	236.3793461	9.787673825	-321.964864	245.8325617	231.6706329
	-0.00122334044	1.993039522e-05	1464.613954	-1.496021388e-12	237.0952164	9.838371268	-338.8287577	247.0336149	232.1441821
	-0.001143284824	1.997626876e-05	1461.283044	-1.465693475e-12	237.8662634	9.893549859	-356.3863869	248.3120743	232.6617902
	-0.001061618662	2.002591945e-05	1457.707363	-1.431604608e-12	238.6889756	9.952998253	-374.5155762	249.6610612	233.2216266
	-0.0009789811026	2.007909506e-05	1453.906404	-1.393871062e-12	239.5586413	10.01640213	-393.0848702	251.0721584	233.8208294
	-0.0008960188974	2.013544866e-05	1449.9056	-1.352711699e-12	240.4693313	10.08334193	-411.9542368	252.5354095	234.4554813
	-0.0008133813382	2.019453923e-05	1445.736263	-1.308448647e-12	241.4139183	10.15329377	-430.9759977	254.0393624	235.1206151
	-0.0007317151761	2.025583504e-05	1441.435339	-1.261504779e-12	242.3841324	10.22563351	-449.9959838	255.5711594	235.8102532
	-0.0006516595599	2.031872e-05	1437.044978	-1.212398011e-12	243.3706532	10.29964405	-468.8549075	257.1166718	236.5174786
	-0.0005738410337	2.038250279e-05	1432.611946	-1.161732551e-12	244.363237	10.37452564	-487.3899355	258.6606767	237.2345359
	-0.0004988686334	2.044642841e-05	1428.186869	-1.110187298e-12	245.3508752	10.44940908	-505.4364387	260.1870748	237.9529621
	-0.0004273291202	2.050969215e-05	1423.823338	-1.058501704e-12	246.3219826	10.52337131	-522.8298925	261.679141	238.6637413
	-0.0003597823888	2.057145535e-05	1419.576897	-1.007459491e-12	247.2646078	10.59545318	-539.4078914	263.1198051	239.3574816
	-0.0002967570852	2.063086275e-05	1415.503941	-9.578706679e-13	248.1666627	10.66467886	-555.0122416	264.4919538	240.0246083
	-0.0002387464699	2.068706074e-05	1411.660552	-9.105523656e-13	249.0161647	10.73007632	-569.4910876	265.7787469	240.6555681
	-0.0001862045583	2.073921625e-05	1408.101301	-8.663090359e-13	249.8014842	10.7906984	-582.7010292	266.9639398	241.2410394
	-0.0001395425687	2.078653548e-05	1404.878059	-8.259125949e-13	250.5115907	10.84564377	-594.5091837	268.0322037	241.772142
	-9.912570751e-05	2.082828222e-05	1402.038839	-7.900830855e-13	251.1362925	10.8940774	-604.7951459	268.9694339	242.2406413
	-6.527032127e-05	2.086379502e-05	1399.626708	-7.594704333e-13	251.6664603	10.93524964	-613.4528032	269.7630405	242.6391393
	-3.824145387e-05	2.089250274e-05	1397.678804	-7.346378467e-13	252.0942311	10.96851372	-620.3919564	270.4022092	242.9612493
	-1.825092067e-05	2.091393809e-05	1396.225484	-7.160474406e-13	252.4131831	10.99334069	-625.5396887	270.8781269	243.2017459
	-5.456741744e-06	2.092774762e-05	1395.289696	-7.040492914e-13	252.6184644	11.0093306	-628.8412329	271.184143	243.356677
	0	2.093365894e-05	1394.889241	-6.989082986e-13	252.7062899	11.01617415	-630.2509942	271.3149973	243.4229953

	0	2.092763309e-05	1394.957348	-7.70472851e-13	252.8370769	11.01870283	-655.5808364	272.035455	243.258816
	5.456741744e-06	2.093433666e-05	1394.491677	-7.680950992e-13	252.9405486	11.02660041	-657.6152682	272.1939801	243.3347584
	1.825092067e-05	2.095012499e-05	1393.397622	-7.625342079e-13	253.1833181	11.04518293	-662.3585045	272.5653068	243.5132433
	3.824145387e-05	2.097499242e-05	1391.681963	-7.538851e-13	253.5630986	11.0744011	-669.6944393	273.1444829	243.7933164
	6.527032127e-05	2.100900045e-05	1389.350172	-7.422676206e-13	254.0774859	11.1142624	-679.467345	273.9256169	244.1743171
	9.912570751e-05	2.10522224e-05	1386.409866	-7.278406045e-13	254.7232365	11.16476846	-691.4719142	274.9008575	244.6553053
	0.0001395425687	2.110473095e-05	1382.871175	-7.107989915e-13	255.4962472	11.22590369	-705.4584806	276.0604777	245.2349896
	0.0001862045583	2.11665845e-05	1378.747078	-6.913698031e-13	256.3915553	11.29762327	-721.139782	277.3930121	245.9116582
	0.0002387464699	2.123781204e-05	1374.053764	-6.69807455e-13	257.4033424	11.37983997	-738.1987503	278.8854198	246.6831035
	0.0002967570852	2.131839684e-05	1368.811011	-6.463885725e-13	258.5249425	11.47240996	-756.2970617	280.5232683	247.5465428
	0.0003597823888	2.140825973e-05	1363.042557	-6.214064567e-13	259.7488554	11.57511833	-775.0841821	282.290932	248.498538
	0.0004273291202	2.150724244e-05	1356.776458	-5.951653524e-13	261.0667653	11.68766485	-794.2066365	284.1718025	249.5349193
	0.0004988686334	2.161509185e-05	1350.045402	-5.679746705e-13	262.4695659	11.80965058	-813.3172253	286.1485048	250.6507149
	0.0005738410337	2.173144563e-05	1342.886962	-5.401433154e-13	263.9473947	11.94056595	-832.0839135	288.2031165	251.840092
	0.0006516595599	2.185582007e-05	1335.343777	-5.119742655e-13	265.4896749	12.07978083	-850.19813	290.3173845	253.0963117
	0.0007317151761	2.19876005e-05	1327.463634	-4.837595412e-13	267.0851671	12.22653713	-867.3822349	292.4729362	254.4117018
	0.0008133813382	2.212603488e-05	1319.299447	-4.557756833e-13	268.7220317	12.37994437	-883.3959377	294.6514794	255.777649
	0.0008960188974	2.227023102e-05	1310.909116	-4.28279848e-13	270.3879011	12.53897862	-898.0414832	296.834991	257.1846137
	0.0009789811026	2.241915749e-05	1302.355261	-4.015066025e-13	272.0699625	12.70248498	-911.1674623	299.0058877	258.6221694
	0.001061618662	2.257164875e-05	1293.704829	-3.756654839e-13	273.7550517	12.86918377	-922.6711464	301.1471791	260.0790651
	0.001143284824	2.272641422e-05	1285.028565	-3.509393592e-13	275.4297553	13.0376806	-932.4992914	303.2426013	261.5433141
	0.00122334044	2.288205144e-05	1276.400369	-3.274835992e-13	277.0805236	13.20648009	-940.6474047	305.2767278	263.0023055
	0.001301158966	2.303706298e-05	1267.896528	-3.05426055e-13	278.6937898	13.37400304	-947.1575181	307.2350607	264.4429394
	0.001376131367	2.318987695e-05	1259.594844	-2.848677977e-13	280.2560968	13.5386069	-952.1145523	309.1040991	265.8517816
	0.00144767088	2.333887046e-05	1251.573675	-2.658845638e-13	281.7542281	13.69860897	-955.6414079	310.8713881	267.2152362
	0.001515217611	2.348239569e-05	1243.910903	-2.485288225e-13	283.1753428	13.85231187	-957.892951	312.5255484	268.5197326
	0.001578242915	2.361880779e-05	1236.682854	-2.328323686e-13	284.50711	13.99803078	-959.0491004	314.0562883	269.7519219
	0.00163625353	2.374649412e-05	1229.963187	-2.188093235e-13	285.7378442	14.13412164	-959.3072471	315.4544018	270.8988797
	0.001688795442	2.386390385e-05	1223.821787	-2.064594223e-13	286.8566352	14.25900976	-958.8742601	316.7117536	271.9483099
	0.001735457431	2.396957732e-05	1218.323674	-1.957714532e-13	287.8534738	14.37121807	-957.9583402	317.8212556	272.888744
	0.001775874292	2.406217437e-05	1213.527969	-1.867267166e-13	288.7193695	14.46939427	-956.760992	318.7768353	273.7097334
	0.001809729679	2.414050086e-05	1209.486926	-1.793023713e-13	289.4464571	14.55233622	-955.4693755	319.5734026	274.4020266
	0.001836758546	2.420353254e-05	1206.245071	-1.734745454e-13	290.0280921	14.61901479	-954.2492886	320.2068134	274.9577295
	0.001856749079	2.42504356e-05	1203.838464	-1.692211164e-13	290.458929	14.66859345	-953.239013	320.6738337	275.3704419
	0.001869543258	2.428058125e-05	1202.294221	-1.665242308e-13	290.7349644	14.70044184	-952.5442739	320.9720852	275.6353479
	0.001875	2.429346861e-05	1201.634652	-1.65380025e-13	290.8527639	14.71405313	-952.2365339	321.0991364	275.7485125

	0.001875	2.423750384e-05	1203.982731	-7.002236137e-14	290.535161	14.66412611	-978.7210665	321.4545197	275.0937355
	0.001880456742	2.425150128e-05	1203.312789	-7.125088703e-14	290.6470547	14.67841512	-977.6816911	321.5469395	275.2153722
	0.001893250921	2.428429672e-05	1201.74489	-7.410630992e-14	290.9087436	14.71188375	-975.2399039	321.7627057	275.5000368
	0.001913241454	2.433547207e-05	1199.303188	-7.849752706e-14	291.3157637	14.76408159	-971.4111815	322.0972341	275.9433244
	0.001940270321	2.440453632e-05	1196.0175	-8.429850055e-14	291.8624793	14.83447144	-966.2082498	322.5445028	276.5397923
	0.001974125708	2.449083431e-05	1191.927424	-9.134349482e-14	292.5414216	14.92233755	-959.6487834	323.0965584	277.2822126
	0.002014542569	2.459355268e-05	1187.081731	-9.943188496e-14	293.3434236	15.02679356	-951.7561965	323.7436988	278.1616848
	0.002061204558	2.471173012e-05	1181.537477	-1.083342386e-13	294.2578093	15.14679523	-942.5603613	324.4747149	279.1677984
	0.00211374647	2.484426972e-05	1175.358964	-1.177992942e-13	295.2726143	15.28115558	-932.0983765	325.2771694	280.2888238
	0.002171757085	2.498995291e-05	1168.616585	-1.27561599e-13	296.3748291	15.42856192	-920.4153692	326.137704	281.5119245
	0.002234782389	2.514745467e-05	1161.385583	-1.373495649e-13	297.5506594	15.58759428	-907.5652904	327.0423651	282.8233843
	0.00230232912	2.531535965e-05	1153.744761	-1.468936919e-13	298.7857952	15.7567448	-893.6116644	327.9769384	284.2088439
	0.002373868633	2.549217895e-05	1145.775174	-1.559347043e-13	300.0656827	15.93443782	-878.6282489	328.927283	285.6535417
	0.002448841034	2.567636725e-05	1137.558827	-1.642313468e-13	301.3757907	16.11905001	-862.6995657	329.8796554	287.1425513
	0.00252665956	2.586633993e-05	1129.177422	-1.715675993e-13	302.7018654	16.30893036	-845.9212622	330.8210141	288.6610115
	0.002606715176	2.606048997e-05	1120.711172	-1.777590885e-13	304.030167	16.5024196	-828.4002693	331.7392964	290.194343
	0.002688381338	2.625720424e-05	1112.237722	-1.826584975e-13	305.3476821	16.69786851	-810.2547266	332.6236591	291.7284468
	0.002771018897	2.645487911e-05	1103.831179	-1.861598074e-13	306.6423076	16.89365511	-791.6136508	333.464678	293.2498795
	0.002853981103	2.665193494e-05	1095.561296	-1.882012414e-13	307.903001	17.08820019	-772.616332	334.2544997	294.7460041
	0.002936618662	2.68468295e-05	1087.492794	-1.887668226e-13	309.1198958	17.27998117	-753.4114501	334.9869428	296.2051115
	0.003018284824	2.703807004e-05	1079.684863	-1.878864986e-13	310.2843782	17.46754402	-734.1559109	335.6575462	297.6165118
	0.00309834044	2.722422392e-05	1072.190818	-1.856348338e-13	311.3891265	17.64951313	-715.0134121	336.2635643	298.9705958
	0.003176158966	2.740392787e-05	1065.057927	-1.821283104e-13	312.428112	17.82459924	-696.1527558	336.8039107	300.2588646
	0.003251131367	2.757589569e-05	1058.327395	-1.77521329e-13	313.3965647	17.99160528	-677.7459344	337.2790516	301.4739311
	0.00332267088	2.773892459e-05	1052.034501	-1.720010329e-13	314.2909057	18.14943035	-659.9660228	337.6908565	302.6094932
	0.003390217611	2.789190012e-05	1046.208863	-1.657811231e-13	315.1086498	18.29707189	-642.9849169	338.042408	303.6602834
	0.003453242915	2.803379983e-05	1040.87482	-1.590948588e-13	315.8482842	18.43362624	-626.9709657	338.3377814	304.6219963
	0.00351125353	2.816369586e-05	1036.051908	-1.521874646e-13	316.5091277	18.55828788	-612.0865464	338.5817989	305.4912004
	0.003563795442	2.828075643e-05	1031.755399	-1.453081852e-13	317.0911762	18.67034746	-598.4856355	338.7797697	306.2652367
	0.003610457431	2.838424661e-05	1027.996881	-1.387022356e-13	317.5949413	18.76918907	-586.3114339	338.9372221	306.94211
	0.003650874292	2.847352839e-05	1024.784863	-1.326029043e-13	318.0212884	18.85428688	-575.6940982	339.0596397	307.5203778
	0.003684729679	2.854806029e-05	1022.125357	-1.272240552e-13	318.3712788	18.92520147	-566.7486354	339.1522082	307.9990407
	0.003711758546	2.860739658e-05	1020.022432	-1.227532693e-13	318.6460243	18.98157618	-559.5730145	339.2195831	308.3774398
	0.003731749079	2.865118618e-05	1018.47872	-1.193458581e-13	318.8465565	19.02313331	-554.2465672	339.2656848	308.6551631
	0.003744543258	2.867916944e-05	1017.495906	-1.171200827e-13	318.9737082	19.04966898	-550.828937	339.2935264	308.8319541
	0.00375	2.869109424e-05	1017.077964	-1.161601029e-13	319.0276558	19.06097192	-549.3692596	339.3050059	308.907129

	0.00375	2.867425581e-05	1018.15258	-2.691671738e-13	318.7495442	19.03317868	-532.9696072	338.4620827	308.9117193
	0.003755456742	2.868504993e-05	1017.779908	-2.665822179e-13	318.7967396	19.04325096	-531.5121622	338.4641986	308.9814514
	0.003768250921	2.871029012e-05	1016.908847	-2.605735058e-13	318.9070078	19.06680025	-528.1052656	338.4689868	309.1444519
	0.003788241454	2.874953545e-05	1015.555491	-2.513313489e-13	319.0782073	19.103408	-522.8110247	338.4759834	309.3977401
	0.003815270321	2.880222663e-05	1013.740478	-2.391188427e-13	319.3075671	19.15254149	-515.7088812	338.4845032	309.737501
	0.003849125708	2.886762271e-05	1011.491122	-2.242819698e-13	319.5914226	19.2134952	-506.9039998	338.4936498	310.1586845
	0.003889542569	2.894481498e-05	1008.840865	-2.072395914e-13	319.9252932	19.2854043	-496.5251906	338.5023482	310.6551058
	0.003936204558	2.903274617e-05	1005.828532	-1.884707819e-13	320.3039867	19.36726331	-484.7220695	338.5093844	311.2195818
	0.00398874647	2.913023285e-05	1002.497463	-1.685002949e-13	320.7217204	19.45794766	-471.66176	338.513451	311.8440902
	0.004046757085	2.923599009e-05	998.894557	-1.47882655e-13	321.1722538	19.5562377	-457.5252522	338.5131961	312.5199444
	0.004109782389	2.934865788e-05	995.0692564	-1.271853775e-13	321.6490308	19.66084405	-442.5035263	338.5072754	313.2379807
	0.00417732912	2.946682834e-05	991.0724937	-1.069718378e-13	322.1453255	19.77043404	-426.7935481	338.4944048	313.9887505
	0.004248868633	2.958907323e-05	986.9556384	-8.778432135e-14	322.6543882	19.88365814	-410.5942466	338.4734119	314.762714
	0.004323841034	2.971397081e-05	982.7694673	-7.012777905e-14	323.1695879	19.9991759	-394.1025837	338.4432849	315.5504297
	0.00440165956	2.984013153e-05	978.5631871	-5.445479075e-14	323.684547	20.11568065	-377.5098201	338.4032176	316.3427336
	0.004481715176	2.996622177e-05	974.3835355	-4.115220021e-14	324.1932643	20.23192228	-360.998075	338.3526478	317.1309047
	0.004563381338	3.009098506e-05	970.2739838	-3.052983345e-14	324.6902238	20.34672762	-344.737268	338.2912895	317.9068122
	0.004646018897	3.021326041e-05	966.2740604	-2.281164655e-14	325.1704854	20.45901783	-328.8825184	338.2191561	318.6630402
	0.004728981103	3.033199709e-05	962.4188115	-1.812957301e-14	325.6297568	20.5678225	-313.5720602	338.1365749	319.3929879
	0.004811618662	3.044626582e-05	958.7384095	-1.652025645e-14	326.0644436	20.67229008	-298.9257186	338.0441924	320.0909426
	0.004893284824	3.055526605e-05	955.2579174	-1.79247637e-14	326.4716774	20.77169457	-285.0439719	337.9429686	320.7521239
	0.00497334044	3.065832927e-05	951.9972091	-2.219128099e-14	326.8493216	20.86543832	-272.0076075	337.8341626	321.3727007
	0.005051158966	3.075491849e-05	948.9710444	-2.908070186e-14	327.1959554	20.95305107	-259.8779598	337.7193077	321.9497784
	0.005126131367	3.084462402e-05	946.1892891	-3.827492593e-14	327.5108368	21.03418544	-248.6977015	337.6001786	322.4813606
	0.00519767088	3.092715586e-05	943.6572702	-4.938760253e-14	327.7938469	21.10860903	-238.4921425	337.4787497	322.9662861
	0.005265217611	3.100233306e-05	941.3762474	-6.197697736e-14	328.0454177	21.17619369	-229.2709752	337.3571474	323.404144
	0.005328242915	3.107007068e-05	939.3439834	-7.556043463e-14	328.2664456	21.23690231	-221.0303909	337.2375964	323.7951712
	0.00538625353	3.113036466e-05	937.555389	-8.963027452e-14	328.4581954	21.29077376	-213.7554838	337.122363	324.1401364
	0.005438795442	3.118327543e-05	936.0032188	-1.036702275e-13	328.6221965	21.3379065	-207.4228483	337.0136953	324.4402141
	0.005485457431	3.122891084e-05	934.6787919	-1.17172184e-13	328.7601362	21.3784416	-202.0032728	336.9137637	324.6968545
	0.005525874292	3.126740893e-05	933.5727104	-1.296526124e-13	328.8737539	21.41254567	-197.4644298	336.8246029	324.9116534
	0.005559729679	3.129892147e-05	932.6755511	-1.40668145e-13	328.9647393	21.44039443	-193.7734651	336.7480566	325.086227
	0.005586758546	3.132359848e-05	931.9785045	-1.498298368e-13	329.0346383	21.46215748	-190.8993949	336.6857274	325.2220962
	0.005606749079	3.134157461e-05	931.4739425	-1.568156133e-13	329.0847704	21.47798477	-188.8152345	336.6389333	325.3205837
	0.005619543258	3.135295685e-05	931.1559137	-1.613802152e-13	329.1161571	21.48799454	-187.4998665	336.6086742	325.3827238
	0.005625	3.135778226e-05	931.0214364	-1.633492552e-13	329.1293777	21.49223526	-186.9432567	336.595695	325.4090146

	0.005625	3.1374563e-05	930.5983818	-3.705207865e-13	329.1526489	21.505257	-179.357739	336.4149764	325.5346404
	0.005630456742	3.137899944e-05	930.4665749	-3.73415568e-13	329.1670246	21.50924947	-178.8367816	336.4095538	325.5588778
	0.005643250921	3.138936671e-05	930.1586273	-3.801576135e-13	329.2005978	21.51857814	-177.619065	336.3968245	325.6155144
	0.005663241454	3.140546802e-05	929.6805391	-3.905649451e-13	329.2526819	21.53306326	-175.7269409	336.3768924	325.7034694
	0.005690270321	3.142704978e-05	929.0400792	-4.043904115e-13	329.3223807	21.55247254	-173.1890363	336.3498593	325.8213485
	0.005724125708	3.145377648e-05	928.247521	-4.213085182e-13	329.4085099	21.57649876	-170.0432433	336.3158636	325.9673073
	0.005764542569	3.148523764e-05	927.3154242	-4.409241787e-13	329.5096234	21.60476622	-166.3359644	336.2750825	326.1390897
	0.005811204558	3.152095724e-05	926.2583418	-4.627839338e-13	329.6240485	21.63683941	-162.1210832	336.2277338	326.3340796
	0.00586374647	3.156040453e-05	925.0924798	-4.863888537e-13	329.7499261	21.67223313	-157.458769	336.1740772	326.549361
	0.005921757085	3.160300603e-05	923.8353232	-5.112086803e-13	329.8852559	21.71042355	-152.4141572	336.1144158	326.7817842
	0.005984782389	3.164815835e-05	922.505238	-5.366967711e-13	330.027943	21.75086007	-147.0559454	336.0490972	327.0280361
	0.00605232912	3.169524128e-05	921.1210606	-5.623053861e-13	330.1758473	21.79297742	-141.4549428	335.9785149	327.2847132
	0.006123868633	3.174363101e-05	919.7016876	-5.875008562e-13	330.3268321	21.83620794	-135.6826139	335.9031086	327.5483937
	0.006198841034	3.179271297e-05	918.265676	-6.117781709e-13	330.4788111	21.8799934	-129.8096561	335.8233642	327.815709
	0.00627665956	3.184189403e-05	916.8308649	-6.346745488e-13	330.6297932	21.92379627	-123.9046488	335.7398137	328.0834105
	0.006356715176	3.189061367e-05	915.4140298	-6.557815819e-13	330.7779233	21.96711	-118.0328105	335.6530333	328.3484313
	0.006438381338	3.193835385e-05	914.0305783	-6.747555932e-13	330.9215175	22.0094681	-112.2548942	335.5636419	328.6079406
	0.006521018897	3.198464731e-05	912.694294	-6.913259039e-13	331.0590931	22.05045178	-106.6262499	335.4722977	328.8593895
	0.006603981103	3.20290842e-05	911.417137	-7.053007684e-13	331.1893908	22.08969596	-101.1960748	335.3796946	329.1005468
	0.006686618662	3.207131674e-05	910.2091027	-7.165708143e-13	331.3113909	22.1268935	-96.00686717	335.2865575	329.3295252
	0.006768284824	3.211106195e-05	909.0781439	-7.251098987e-13	331.4243211	22.16179761	-91.09409446	335.1936361	329.5447957
	0.00684834044	3.214810239e-05	908.0301556	-7.309733731e-13	331.5276564	22.19422239	-86.48607585	335.1016991	329.7451916
	0.006926158966	3.218228491e-05	907.0690209	-7.342938334e-13	331.6211127	22.22404158	-82.20407741	335.0115264	329.9299011
	0.007001131367	3.221351761e-05	906.1967156	-7.352745052e-13	331.7046322	22.25118553	-78.26260793	334.9239013	330.0984503
	0.00707267088	3.224176504e-05	905.4134665	-7.341804919e-13	331.7783626	22.27563666	-74.66989916	334.8396017	330.2506767
	0.007140217611	3.226704197e-05	904.7179552	-7.313281769e-13	331.8426316	22.29742349	-71.42854796	334.7593916	330.3866939
	0.007203242915	3.22894059e-05	904.1075614	-7.270731302e-13	331.8979155	22.31661356	-68.5362934	334.6840116	330.50685
	0.00726125353	3.230894863e-05	903.5786356	-7.217969134e-13	331.9448049	22.33330545	-65.98689771	334.6141692	330.6116812
	0.007313795442	3.23257872e-05	903.1267906	-7.158932128e-13	331.9839685	22.34762025	-63.77109721	334.5505304	330.701861
	0.007360457431	3.234005455e-05	902.7472022	-7.097537481e-13	332.016115	22.35969274	-61.87758776	334.4937102	330.7781484
	0.007400874292	3.235189019e-05	902.4349088	-7.037544121e-13	332.0419562	22.36966261	-60.29400833	334.444264	330.8413361
	0.007434729679	3.23614313e-05	902.1850973	-6.982420879e-13	332.0621713	22.37766608	-59.00788739	334.4026805	330.8922013
	0.007461758546	3.236880438e-05	901.9933684	-6.935225694e-13	332.0773738	22.3838281	-58.00751857	334.369374	330.931459
	0.007481749079	3.237411805e-05	901.8559703	-6.898499912e-13	332.0880827	22.38825551	-57.28273786	334.3446789	330.9597223
	0.007494543258	3.237745663e-05	901.7699994	-6.874182678e-13	332.0946978	22.39103107	-56.8256042	334.3288463	330.9774668
	0.0075	3.237886576e-05	901.7337993	-6.863618469e-13	332.0974624	22.39220108	-56.63223482	334.3220871	330.9849531

	0.0075	3.239099013e-05	901.3366677	-8.692273349e-13	332.1529939	22.40433161	-56.34207683	334.3721451	331.0433251
	0.007505456742	3.239242437e-05	901.2961455	-8.64766319e-13	332.1570856	22.40560081	-56.1808952	334.3699526	331.0505154
	0.007518250921	3.239577536e-05	901.2014828	-8.543494601e-13	332.1666399	22.40856584	-55.80406438	334.3648108	331.0673159
	0.007538241454	3.240097811e-05	901.0545512	-8.381932285e-13	332.1814574	22.41316827	-55.21832125	334.3567734	331.0934022
	0.007565270321	3.240794849e-05	900.8577799	-8.165809807e-13	332.2012773	22.41933234	-54.4322506	334.3458998	331.128355
	0.007599125708	3.241657525e-05	900.6143811	-7.898870672e-13	332.2257548	22.42695784	-53.45722078	334.3322693	331.1716199
	0.007639542569	3.24267224e-05	900.3282798	-7.585683913e-13	332.2544694	22.43592232	-52.30716428	334.3159819	331.2225188
	0.007686204558	3.243823231e-05	900.004022	-7.231532087e-13	332.2869346	22.44608392	-50.99827623	334.297157	331.2802658
	0.00773874647	3.245092941e-05	899.6466667	-6.842281745e-13	332.3226104	22.45728479	-49.54866393	334.2759333	331.3439853
	0.007796757085	3.246462425e-05	899.2616676	-6.42424091e-13	332.3609164	22.46935469	-47.9779597	334.252468	331.4127322
	0.007859782389	3.247911777e-05	898.854748	-5.98400783e-13	332.4012454	22.48211494	-46.30690846	334.2269352	331.4855132
	0.00792732912	3.249420574e-05	898.4317706	-5.52831542e-13	332.442978	22.49538246	-44.55694132	334.1995257	331.5613087
	0.007998868633	3.250968319e-05	897.9986087	-5.063875855e-13	332.4854971	22.50897377	-42.74974693	334.1704453	331.6390948
	0.008073841034	3.252534873e-05	897.5610195	-4.597229761e-13	332.5282013	22.52270895	-40.90685196	334.1399133	331.7178651
	0.00815165956	3.254100864e-05	897.1245253	-4.134604231e-13	332.5705185	22.53641532	-39.04922202	334.1081616	331.7966507
	0.008231715176	3.255648059e-05	896.6943052	-3.681783645e-13	332.6119178	22.54993082	-37.19689312	334.0754326	331.8745387
	0.008313381338	3.257159696e-05	896.2750986	-3.243996794e-13	332.6519194	22.56310704	-35.36864314	334.0419778	331.950689
	0.008396018897	3.258620758e-05	895.8711261	-2.825823316e-13	332.6901036	22.57581164	-33.58171106	334.0080558	332.0243477
	0.008478981103	3.260018194e-05	895.4860265	-2.431121819e-13	332.7261176	22.58793038	-31.85157055	333.9739304	332.0948583
	0.008561618662	3.261341065e-05	895.1228137	-2.06298138e-13	332.7596795	22.5993684	-30.1917623	333.9398688	332.1616687
	0.008643284824	3.262580638e-05	894.7838533	-1.723697363e-13	332.7905806	22.61005101	-28.61378809	333.906139	332.2243364
	0.00872334044	3.263730395e-05	894.4708582	-1.414771768e-13	332.8186859	22.61992381	-27.12706725	333.8730084	332.2825287
	0.008801158966	3.264785993e-05	894.1849057	-1.136937502e-13	332.8439308	22.62895219	-25.73895452	333.8407409	332.3360208
	0.008876131367	3.265745146e-05	893.926471	-8.902052936e-14	332.8663178	22.63712025	-24.45481624	333.8095951	332.3846903
	0.00894767088	3.266607458e-05	893.695479	-6.739312045e-14	332.8859095	22.64442925	-23.27816011	333.7798219	332.4285087
	0.009015217611	3.267374208e-05	893.4913703	-4.869021271e-14	332.9028211	22.65089556	-22.21081215	333.7516625	332.4675307
	0.009078242915	3.268048083e-05	893.3131797	-3.274360645e-14	332.9172109	22.6565482	-21.2531331	333.725346	332.5018815
	0.00913625353	3.268632889e-05	893.1596236	-1.934935814e-14	332.9292698	22.66142614	-20.4042653	333.7010877	332.5317423
	0.009188795442	3.269133236e-05	893.0291937	-8.279648122e-15	332.9392109	22.66557544	-19.66240042	333.6790865	332.5573347
	0.009235457431	3.269554217e-05	892.920254	7.050429031e-16	332.9472578	22.66904616	-19.02505769	333.6595238	332.5789048
	0.009275874292	3.269901085e-05	892.8311357	7.843868348e-15	332.9536333	22.67188951	-18.48936226	333.6425614	332.5967074
	0.009309729679	3.270178945e-05	892.7602301	1.336407351e-14	332.958549	22.67415488	-18.05231353	333.62834	332.6109907
	0.009336758546	3.270392469e-05	892.7060725	1.74703668e-14	332.9621957	22.67588732	-17.71103377	333.6169777	332.6219822
	0.009356749079	3.270545645e-05	892.6674174	2.033555182e-14	332.964734	22.67712513	-17.46298924	333.6085693	332.6298762
	0.009369543258	3.270641562e-05	892.6433023	2.209262582e-14	332.9662877	22.67789793	-17.30618604	333.6031858	332.6348236
	0.009375	3.270681968e-05	892.6331654	2.282381552e-14	332.9669335	22.67822292	-17.23977174	333.6008891	332.6369087

	0.009375	3.271129265e-05	892.481461	1.004159256e-14	332.9894304	22.68285685	-17.48449838	333.6308159	332.6556734
	0.009380456742	3.271172708e-05	892.4693796	6.088165047e-15	332.9905998	22.68323785	-17.43222533	333.6301302	332.6577384
	0.009393250921	3.271274208e-05	892.441157	-3.154760332e-15	332.9933303	22.68412792	-17.31000205	333.6285224	332.6625633
	0.009413241454	3.271431787e-05	892.3973522	-1.75221857e-14	332.9975649	22.68550944	-17.11998322	333.62601	332.6700548
	0.009440270321	3.271642886e-05	892.3386908	-3.680391462e-14	333.0032287	22.68735958	-16.86490699	333.6226126	332.6800925
	0.009474125708	3.271904123e-05	892.2661324	-6.072158888e-14	333.0102229	22.68964815	-16.54840024	333.6183567	332.6925168
	0.009514542569	3.27221136e-05	892.1808495	-8.89340514e-14	333.0184271	22.69233825	-16.17490978	333.6132752	332.7071329
	0.009561204558	3.272559803e-05	892.0842	-1.210447176e-13	333.0277017	22.69538714	-15.74960746	333.6074073	332.7237149
	0.00961374647	3.272944116e-05	891.9776949	-1.566101466e-13	333.037892	22.69874726	-15.27827974	333.6007986	332.7420111
	0.009671757085	3.273358537e-05	891.8629629	-1.951495072e-13	333.0488318	22.70236734	-14.76720573	333.5935004	332.7617497
	0.009734782389	3.273797018e-05	891.7417131	-2.361546643e-13	333.060347	22.70619359	-14.22302714	333.5855692	332.7826452
	0.00980232912	3.274253352e-05	891.615696	-2.791006078e-13	333.0722603	22.71017087	-13.65261378	333.5770666	332.8044047
	0.009873868633	3.274721315e-05	891.4866648	-3.234559366e-13	333.084395	22.71424398	-13.06292823	333.5680588	332.8267338
	0.009948841034	3.275194791e-05	891.3563379	-3.686931194e-13	333.0965788	22.71835879	-12.46089326	333.5586157	332.8493435
	0.01002665956	3.275667905e-05	891.2263631	-4.142982594e-13	333.1086482	22.72246337	-11.8532656	333.5488109	332.8719552
	0.01010671518	3.276135126e-05	891.0982851	-4.597801107e-13	333.1204511	22.72650904	-11.24651915	333.5387209	332.8943068
	0.01018838134	3.276591377e-05	890.9735172	-5.046781194e-13	333.1318506	22.73045124	-10.64674059	333.5284243	332.9161569
	0.0102710189	3.277032114e-05	890.8533171	-5.485692965e-13	333.1427267	22.73425027	-10.05953999	333.5180015	332.9372892
	0.0103539811	3.277453393e-05	890.7387683	-5.910737651e-13	333.1529787	22.73787192	-9.48997825	333.5075341	332.9575152
	0.01043661866	3.277851918e-05	890.6307673	-6.3185887e-13	333.1625266	22.74128785	-8.942512958	333.497104	332.9766765
	0.01051828482	3.278225063e-05	890.5300166	-6.706417811e-13	333.171311	22.74447581	-8.420963521	333.4867928	332.9946463
	0.01059834044	3.278570881e-05	890.4370234	-7.071905706e-13	333.1792939	22.74741967	-7.928495793	333.4766815	333.0113294
	0.01067615897	3.278888088e-05	890.3521048	-7.413237908e-13	333.1864574	22.75010931	-7.467625924	333.4668494	333.0266616
	0.01075113137	3.279176026e-05	890.2753977	-7.729086265e-13	333.1928031	22.75254023	-7.040242475	333.4573738	333.0406081
	0.01082267088	3.279434614e-05	890.2068747	-8.018577376e-13	333.1983495	22.75471313	-6.647645325	333.4483293	333.0531612
	0.01089021761	3.27966428e-05	890.1463636	-8.281249478e-13	333.2031304	22.75663325	-6.29059939	333.439787	333.0643372
	0.01095324291	3.27986588e-05	890.0935709	-8.516999698e-13	333.2071919	22.75830965	-5.969400746	333.4318143	333.0741724
	0.01101125353	3.280040611e-05	890.0481083	-8.726023844e-13	333.2105896	22.75975439	-5.683952364	333.4244741	333.0827195
	0.01106379544	3.280189911e-05	890.0095206	-8.908751104e-13	333.213385	22.76098162	-5.433846448	333.4178242	333.0900425
	0.01111045743	3.280315363e-05	889.9773144	-9.065776157e-13	333.2156429	22.76200672	-5.218450176	333.4119173	333.0962127
	0.01115087429	3.280418597e-05	889.9509874	-9.197791248e-13	333.2174278	22.76284536	-5.036991596	333.4068	333.1013036
	0.01118472968	3.280501194e-05	889.9300551	-9.305520714e-13	333.218801	22.76351265	-4.888642504	333.4025128	333.1053869
	0.01121175855	3.280564597e-05	889.9140771	-9.389660297e-13	333.2198174	22.76402236	-4.77259531	333.3990896	333.1085284
	0.01123174908	3.280610041e-05	889.9026787	-9.450823171e-13	333.2205235	22.76438618	-4.688131496	333.3965576	333.1107841
	0.01124454326	3.280638479e-05	889.8955706	-9.489492114e-13	333.220955	22.76461316	-4.634682617	333.3949369	333.1121976
	0.01125	3.280650454e-05	889.8925834	-9.505871471e-13	333.2211343	22.76470858	-4.612031154	333.3942457	333.1127933

	0.01125	3.280789526e-05	889.8451308	-6.527006416e-13	333.2281646	22.76615393	-4.704071928	333.4043333	333.1182563
	0.01125545674	3.280802594e-05	889.8415194	-6.510186878e-13	333.2285102	22.76626823	-4.686257475	333.4041353	333.1188557
	0.01126825092	3.280833125e-05	889.833083	-6.470998101e-13	333.2293172	22.76653524	-4.644604563	333.4036711	333.1202563
	0.01128824145	3.280880524e-05	889.8199887	-6.410460718e-13	333.2305687	22.7669497	-4.579848233	333.4029457	333.1224311
	0.01131527032	3.280944022e-05	889.8024534	-6.329954782e-13	333.232243	22.76750475	-4.492922759	333.4019651	333.1253454
	0.01134912571	3.281022602e-05	889.7807638	-6.231298477e-13	333.234311	22.76819137	-4.385065629	333.4007369	333.128953
	0.01138954257	3.281115017e-05	889.7552705	-6.116700167e-13	333.2367373	22.7689985	-4.257794043	333.3992708	333.1331977
	0.01143620456	3.281219827e-05	889.7263792	-5.9886967e-13	333.2394811	22.76991334	-4.112872504	333.3975784	333.1380143
	0.01148874647	3.281335426e-05	889.6945416	-5.850082423e-13	333.2424969	22.77092164	-3.952275113	333.3956731	333.14333
	0.01154675709	3.281460081e-05	889.6602444	-5.703831337e-13	333.245736	22.77200805	-3.778143904	333.3935698	333.1490662
	0.01160978239	3.281591972e-05	889.6239985	-5.553014809e-13	333.2491472	22.77315644	-3.592744446	333.3912851	333.1551406
	0.01167732912	3.281729233e-05	889.586327	-5.400717339e-13	333.2526784	22.77435031	-3.398419905	333.388837	333.1614683
	0.01174886863	3.281869991e-05	889.5477541	-5.249952928e-13	333.2562777	22.77557309	-3.197544835	333.3862448	333.1679642
	0.01182384103	3.282012406e-05	889.5087933	-5.103584561e-13	333.2598944	22.77680859	-2.992479921	333.3835287	333.1745446
	0.01190165956	3.28215471e-05	889.4699372	-4.964249216e-13	333.2634803	22.77804122	-2.785528869	333.3807102	333.1811288
	0.01198171518	3.282295242e-05	889.4316475	-4.834290629e-13	333.2669905	22.77925638	-2.57889854	333.3778115	333.1876409
	0.01206338134	3.282432472e-05	889.3943466	-4.715701792e-13	333.2703847	22.78044072	-2.374663332	333.3748551	333.1940108
	0.0121460189	3.282565035e-05	889.3584106	-4.610078865e-13	333.2736273	22.78158231	-2.174734666	333.3718643	333.2001756
	0.0122289811	3.282691743e-05	889.3241633	-4.518587814e-13	333.2766884	22.78267089	-1.980836236	333.3688625	333.2060805
	0.01231161866	3.282811607e-05	889.2918728	-4.44194468e-13	333.279544	22.78369793	-1.794485563	333.3658733	333.2116791
	0.01239328482	3.282923835e-05	889.2617491	-4.380409978e-13	333.2821764	22.78465674	-1.616982109	333.3629199	333.2169344
	0.01247334044	3.283027843e-05	889.2339439	-4.333797259e-13	333.2845738	22.78554245	-1.449402081	333.3600255	333.2218182
	0.01255115897	3.283123244e-05	889.2085521	-4.301495441e-13	333.2867305	22.78635199	-1.292599784	333.3572127	333.2263114
	0.01262613137	3.283209841e-05	889.1856148	-4.282504083e-13	333.2886463	22.78708398	-1.147215221	333.3545034	333.2304034
	0.01269767088	3.283287609e-05	889.1651239	-4.275480373e-13	333.2903263	22.78773858	-1.013687434	333.3519187	333.2340911
	0.01276521761	3.283356677e-05	889.1470279	-4.278796233e-13	333.2917796	22.78831733	-0.892272896	333.3494788	333.2373787
	0.01282824291	3.283417304e-05	889.1312394	-4.290603648e-13	333.2930194	22.78882289	-0.7830681456	333.3472027	333.240276
	0.01288625353	3.283469849e-05	889.1176423	-4.308906057e-13	333.2940612	22.78925884	-0.686035704	333.3451081	333.2427975
	0.01293879544	3.283514746e-05	889.1061007	-4.331633474e-13	333.2949227	22.78962938	-0.6010322439	333.3432113	333.2449612
	0.01298545743	3.28355247e-05	889.0964673	-4.356718885e-13	333.2956223	22.78993908	-0.527837919	333.341527	333.246787
	0.01302587429	3.283583512e-05	889.088592	-4.382173443e-13	333.2961785	22.7901926	-0.4661857441	333.3400683	333.2482956
	0.01305972968	3.283608348e-05	889.0823302	-4.406158037e-13	333.2966089	22.79039444	-0.4157899398	333.3388466	333.2495073
	0.01308675855	3.283627413e-05	889.0775501	-4.427048888e-13	333.2969292	22.79054869	-0.3763722212	333.3378713	333.2504406
	0.01310674908	3.283641077e-05	889.07414	-4.443494991e-13	333.2971528	22.79065885	-0.3476852063	333.33715	333.2511114
	0.01311954326	3.283649627e-05	889.0720133	-4.454464825e-13	333.29729	22.79072759	-0.3295332662	333.3366884	333.2515321
	0.013125	3.283653228e-05	889.0711196	-4.45924893e-13	333.2973471	22.79075649	-0.3218408359	333.3364915	333.2517095

	0.013125	3.283697579e-05	889.0578194	-4.007316235e-13	333.2999315	22.79124104	-0.318613817	333.3399526	333.2538639
	0.01313045674	3.283701447e-05	889.0567261	-4.027997103e-13	333.3000262	22.79127436	-0.312242471	333.3398949	333.2540285
	0.01314325092	3.283710484e-05	889.0541725	-4.076244646e-13	333.3002478	22.79135224	-0.2974050833	333.3397599	333.2544136
	0.01316324145	3.283724518e-05	889.0502098	-4.150950903e-13	333.3005925	22.79147321	-0.2745062001	333.3395503	333.2550131
	0.01319027032	3.283743323e-05	889.0449045	-4.250643064e-13	333.3010557	22.79163541	-0.244095919	333.3392691	333.2558197
	0.01322412571	3.283766604e-05	889.0383448	-4.373377934e-13	333.3016314	22.79183637	-0.2068986375	333.3389206	333.2568233
	0.01326454257	3.283793997e-05	889.0306382	-4.516789304e-13	333.3023119	22.79207304	-0.1637934735	333.33851	333.2580117
	0.01331120456	3.283825083e-05	889.0219092	-4.678149809e-13	333.3030885	22.7923419	-0.1157891903	333.3380432	333.2593706
	0.01336374647	3.283859392e-05	889.0122964	-4.854442296e-13	333.3039513	22.79263905	-0.06399536423	333.3375271	333.260884
	0.01342175709	3.28389642e-05	889.0019489	-5.042438204e-13	333.3048897	22.79296022	-0.009590783232	333.3369688	333.2625341
	0.01348478239	3.283935633e-05	888.9910231	-5.238780586e-13	333.3058921	22.79330095	0.0462099392	333.3363761	333.2643023
	0.01355232912	3.283976487e-05	888.9796792	-5.440069289e-13	333.3069468	22.79365663	0.1021905144	333.3357567	333.2661688
	0.01362386863	3.284018432e-05	888.9680772	-5.642945783e-13	333.3080417	22.79402264	0.157166854	333.3351187	333.2681136
	0.01369884103	3.284060929e-05	888.9563739	-5.844175167e-13	333.3091646	22.79439439	0.2100196434	333.33447	333.2701162
	0.01377665956	3.284103457e-05	888.9447192	-6.040722936e-13	333.3103035	22.79476747	0.2597246305	333.333818	333.2721565
	0.01385671518	3.284145527e-05	888.9332533	-6.229824347e-13	333.3114471	22.79513768	0.3053797197	333.3331702	333.2742146
	0.01393838134	3.284186687e-05	888.9221044	-6.409044365e-13	333.3125842	22.79550113	0.3462280632	333.3325332	333.2762715
	0.0140210189	3.28422653e-05	888.9113857	-6.576326571e-13	333.3137045	22.7958543	0.3816764669	333.3319131	333.2783091
	0.0141039811	3.284264702e-05	888.9011945	-6.730029675e-13	333.3147986	22.79619408	0.4113085785	333.3313153	333.2803103
	0.01418661866	3.284300904e-05	888.8916104	-6.868950742e-13	333.3158579	22.7965178	0.4348924864	333.3307447	333.2822594
	0.01426828482	3.284334897e-05	888.8826953	-6.992334605e-13	333.3168749	22.79682329	0.4523825349	333.3302049	333.2841424
	0.01434834044	3.284366496e-05	888.8744927	-7.099869397e-13	333.3178429	22.79710883	0.4639153409	333.3296992	333.2859464
	0.01442615897	3.284395579e-05	888.8670287	-7.191668568e-13	333.3187564	22.79737317	0.4698001792	333.3292298	333.2876604
	0.01450113137	3.284422074e-05	888.8603125	-7.268240158e-13	333.319611	22.79761553	0.4705040793	333.3287983	333.2892747
	0.01457267088	3.284445962e-05	888.8543384	-7.330444497e-13	333.3204031	22.79783551	0.4666321391	333.3284054	333.2907812
	0.01464021761	3.284467266e-05	888.8490871	-7.379441868e-13	333.32113	22.79803311	0.4589037113	333.3280514	333.2921734
	0.01470324291	3.284486051e-05	888.8445286	-7.416631968e-13	333.3217899	22.79820863	0.4481252451	333.327736	333.2934457
	0.01476125353	3.284502406e-05	888.8406238	-7.443587233e-13	333.3223816	22.79836263	0.4351606673	333.3274584	333.2945942
	0.01481379544	3.284516447e-05	888.8373279	-7.461982312e-13	333.3229046	22.79849587	0.4209002645	333.3272174	333.2956157
	0.01486045743	3.284528301e-05	888.8345928	-7.473522048e-13	333.3233588	22.79860921	0.4062290703	333.3270118	333.2965079
	0.01490087429	3.284538101e-05	888.8323697	-7.479870368e-13	333.3237443	22.7987036	0.3919957748	333.32684	333.2972693
	0.01493472968	3.284545975e-05	888.8306117	-7.482582451e-13	333.3240616	22.79877997	0.3789831586	333.3267006	333.297899
	0.01496175855	3.284552042e-05	888.8292764	-7.483042421e-13	333.3243113	22.79883916	0.3678810049	333.3265924	333.2983964
	0.01498174908	3.284556405e-05	888.8283278	-7.482408617e-13	333.3244938	22.79888193	0.3592624005	333.326514	333.2987613
	0.01499454326	3.284559141e-05	888.827738	-7.481568325e-13	333.3246097	22.79890885	0.353564561	333.3264646	333.2989934
	0.015	3.284560295e-05	888.8274906	-7.48110674e-13	333.3246589	22.79892023	0.3510912498	333.3264437	333.2990921
