	-0.015	9.580355113e-06	1523.738006	1.136414295e-13	223.0106794	2.224574063	-1.072765829	222.9994162	222.9996598
	-0.01499454326	9.580355056e-06	1523.738016	1.121021421e-13	223.0106681	2.224573937	-1.071016601	222.9994134	222.9996579
	-0.01498174908	9.580354923e-06	1523.738039	1.084959769e-13	223.0106415	2.224573641	-1.066934902	222.9994068	222.9996533
	-0.01496175855	9.580354718e-06	1523.738074	1.028696811e-13	223.0105995	2.224573175	-1.060612484	222.9993964	222.9996457
	-0.01493472968	9.580354447e-06	1523.738122	9.527842453e-14	223.0105422	2.22457254	-1.052170929	222.9993822	222.999635
	-0.01490087429	9.580354117e-06	1523.73818	8.579578274e-14	223.0104695	2.224571738	-1.041770691	222.9993643	222.9996204
	-0.01486045743	9.580353736e-06	1523.738249	7.45130289e-14	223.0103812	2.224570769	-1.02960725	222.9993425	222.9996016
	-0.01481379544	9.580353315e-06	1523.738327	6.153792913e-14	223.0102774	2.224569636	-1.01590606	222.9993169	222.9995778
	-0.01476125353	9.580352863e-06	1523.738412	4.699330062e-14	223.0101581	2.22456834	-1.000916728	222.9992875	222.9995485
	-0.01470324291	9.580352393e-06	1523.738505	3.101538875e-14	223.0100233	2.224566887	-0.9849066151	222.9992543	222.9995129
	-0.01464021761	9.580351917e-06	1523.738602	1.375210163e-14	223.0098733	2.22456528	-0.9681540591	222.9992175	222.9994704
	-0.01457267088	9.580351445e-06	1523.738703	-4.638861319e-15	223.0097083	2.224563525	-0.950941412	222.9991771	222.9994206
	-0.01450113137	9.58035099e-06	1523.738806	-2.399194913e-14	223.009529	2.22456163	-0.933548107	222.9991331	222.9993629
	-0.01442615897	9.580350563e-06	1523.738909	-4.413573029e-14	223.0093358	2.224559604	-0.9162439492	222.9990859	222.9992969
	-0.01434834044	9.580350171e-06	1523.739013	-6.489485818e-14	223.0091297	2.224557457	-0.899282828	222.9990356	222.9992226
	-0.01426828482	9.580349825e-06	1523.739114	-8.609199627e-14	223.0089118	2.224555203	-0.8828970283	222.9989824	222.9991399
	-0.01418661866	9.580349531e-06	1523.739213	-1.075496705e-13	223.0086832	2.224552855	-0.8672923031	222.9989268	222.9990489
	-0.0141039811	9.580349294e-06	1523.739307	-1.290920199e-13	223.0084456	2.224550429	-0.8526438408	222.998869	222.9989502
	-0.0140210189	9.580349117e-06	1523.739397	-1.505464208e-13	223.0082005	2.224547943	-0.8390932368	222.9988095	222.9988442
	-0.01393838134	9.580349002e-06	1523.739481	-1.717449633e-13	223.00795	2.224545417	-0.826746543	222.9987487	222.9987319
	-0.01385671518	9.580348947e-06	1523.739559	-1.925257657e-13	223.0076961	2.224542872	-0.8156734377	222.9986872	222.9986142
	-0.01377665956	9.580348952e-06	1523.73963	-2.127341153e-13	223.0074411	2.224540329	-0.8059075228	222.9986255	222.9984925
	-0.01369884103	9.580349011e-06	1523.739695	-2.322234319e-13	223.0071874	2.224537813	-0.7974477182	222.9985641	222.9983681
	-0.01362386863	9.580349119e-06	1523.739754	-2.508560533e-13	223.0069376	2.224535346	-0.7902606922	222.9985038	222.9982425
	-0.01355232912	9.580349269e-06	1523.739805	-2.685038478e-13	223.0066944	2.224532954	-0.7842842324	222.9984451	222.9981175
	-0.01348478239	9.580349452e-06	1523.73985	-2.850486644e-13	223.0064602	2.224530662	-0.779431434	222.9983886	222.9979948
	-0.01342175709	9.58034966e-06	1523.739889	-3.003826335e-13	223.0062379	2.224528492	-0.7755955562	222.998335	222.9978763
	-0.01336374647	9.580349882e-06	1523.739922	-3.144083357e-13	223.00603	2.22452647	-0.7726553799	222.9982849	222.9977637
	-0.01331120456	9.580350109e-06	1523.73995	-3.270388584e-13	223.0058389	2.224524617	-0.7704808812	222.998239	222.9976588
	-0.01326454257	9.580350332e-06	1523.739973	-3.381977611e-13	223.0056671	2.224522954	-0.7689390306	222.9981976	222.9975634
	-0.01322412571	9.58035054e-06	1523.739992	-3.478189729e-13	223.0055166	2.224521501	-0.7678995226	222.9981614	222.997479
	-0.01319027032	9.580350726e-06	1523.740007	-3.558466426e-13	223.0053893	2.224520275	-0.7672402435	222.9981308	222.9974071
	-0.01316324145	9.580350881e-06	1523.740018	-3.622349604e-13	223.0052869	2.224519289	-0.7668522971	222.9981062	222.9973488
	-0.01314325092	9.580351001e-06	1523.740026	-3.669479489e-13	223.0052107	2.224518557	-0.7666444211	222.9980879	222.9973053
	-0.01313045674	9.580351079e-06	1523.74003	-3.699590486e-13	223.0051618	2.224518087	-0.7665466538	222.9980761	222.9972772
	-0.013125	9.580351113e-06	1523.740032	-3.712420373e-13	223.0051409	2.224517887	-0.7665133315	222.9980711	222.9972652

	-0.013125	9.58035935e-06	1523.738878	-6.614212854e-13	223.0055979	2.224524359	-0.7379278981	222.9984781	222.9977837
	-0.01311954326	9.58035929e-06	1523.738884	-6.614740643e-13	223.0055659	2.224524025	-0.7382049505	222.9984754	222.9977632
	-0.01310674908	9.580359164e-06	1523.738897	-6.61624189e-13	223.0054913	2.224523252	-0.7388886022	222.9984697	222.9977155
	-0.01308675855	9.580359007e-06	1523.738911	-6.619327848e-13	223.0053766	2.224522071	-0.7400523825	222.9984626	222.997642
	-0.01305972968	9.580358871e-06	1523.738919	-6.624935873e-13	223.0052248	2.224520525	-0.7418112815	222.9984562	222.9975448
	-0.01302587429	9.580358824e-06	1523.73891	-6.634288627e-13	223.00504	2.224518671	-0.7443150709	222.9984535	222.9974263
	-0.01298545743	9.580358949e-06	1523.738872	-6.648844838e-13	223.0048273	2.224516578	-0.7477419676	222.9984581	222.9972898
	-0.01293879544	9.580359339e-06	1523.738791	-6.670240006e-13	223.0045923	2.224514324	-0.752291051	222.9984739	222.9971389
	-0.01288625353	9.580360091e-06	1523.738654	-6.700218943e-13	223.0043414	2.224511996	-0.7581736452	222.9985053	222.9969776
	-0.01282824291	9.580361308e-06	1523.738444	-6.740562369e-13	223.0040812	2.224509683	-0.7656039493	222.9985565	222.9968099
	-0.01276521761	9.58036309e-06	1523.738148	-6.793010004e-13	223.0038185	2.224507477	-0.7747892304	222.9986319	222.9966403
	-0.01269767088	9.580365531e-06	1523.737751	-6.859182737e-13	223.0035601	2.224505465	-0.7859199079	222.9987355	222.9964729
	-0.01262613137	9.580368715e-06	1523.737241	-6.940506466e-13	223.0033124	2.224503734	-0.7991598682	222.9988711	222.996312
	-0.01255115897	9.580372714e-06	1523.736607	-7.038140211e-13	223.0030816	2.224502361	-0.8146373395	222.9990417	222.9961614
	-0.01247334044	9.580377581e-06	1523.735843	-7.15291094e-13	223.0028733	2.224501412	-0.8324366445	222.9992495	222.9960246
	-0.01239328482	9.580383349e-06	1523.734942	-7.28525739e-13	223.002692	2.224500944	-0.8525911206	222.9994961	222.9959045
	-0.01231161866	9.580390029e-06	1523.733905	-7.435184857e-13	223.0025417	2.224500996	-0.875077466	222.9997818	222.9958037
	-0.0122289811	9.580397606e-06	1523.732732	-7.602232625e-13	223.0024253	2.224501593	-0.8998117208	223.0001062	222.995724
	-0.0121460189	9.580406041e-06	1523.731432	-7.785455311e-13	223.0023443	2.224502744	-0.9266470493	223.0004674	222.9956665
	-0.01206338134	9.580415266e-06	1523.730013	-7.983418949e-13	223.0022995	2.224504439	-0.9553734285	223.0008626	222.9956316
	-0.01198171518	9.580425192e-06	1523.72849	-8.194212212e-13	223.0022904	2.224506653	-0.9857192922	223.001288	222.9956192
	-0.01190165956	9.580435702e-06	1523.726881	-8.415472685e-13	223.0023154	2.224509343	-1.017355116	223.0017385	222.9956282
	-0.01182384103	9.580446658e-06	1523.725206	-8.644427616e-13	223.0023719	2.224512451	-1.049898873	223.0022083	222.9956572
	-0.01174886863	9.580457903e-06	1523.723489	-8.87794815e-13	223.0024564	2.224515904	-1.082923222	223.0026906	222.9957038
	-0.01167732912	9.580469265e-06	1523.721756	-9.112615582e-13	223.0025644	2.22451962	-1.115964248	223.003178	222.9957656
	-0.01160978239	9.580480559e-06	1523.720036	-9.34479783e-13	223.002691	2.224523505	-1.14853151	223.0036625	222.9958392
	-0.01154675709	9.580491592e-06	1523.718356	-9.570733958e-13	223.0028307	2.224527461	-1.180119126	223.0041359	222.9959215
	-0.01148874647	9.58050217e-06	1523.716747	-9.786624337e-13	223.0029777	2.224531383	-1.210217572	223.0045898	222.9960087
	-0.01143620456	9.580512101e-06	1523.715237	-9.988723854e-13	223.0031261	2.224535169	-1.238325864	223.005016	222.9960972
	-0.01138954257	9.5805212e-06	1523.713854	-1.017343543e-12	223.00327	2.224538717	-1.263963775	223.0054065	222.9961834
	-0.01134912571	9.580529293e-06	1523.712625	-1.033740114e-12	223.0034038	2.224541931	-1.286683718	223.0057538	222.9962639
	-0.01131527032	9.580536223e-06	1523.711573	-1.047758816e-12	223.0035225	2.224544725	-1.30608196	223.0060513	222.9963354
	-0.01128824145	9.580541855e-06	1523.710718	-1.059136707e-12	223.0036216	2.224547021	-1.32180882	223.0062931	222.9963951
	-0.01126825092	9.580546077e-06	1523.710077	-1.067657961e-12	223.0036973	2.224548757	-1.333577495	223.0064743	222.9964409
	-0.01125545674	9.580548805e-06	1523.709663	-1.073159046e-12	223.0037469	2.224549884	-1.341170769	223.0065914	222.9964709
	-0.01125	9.580549974e-06	1523.709486	-1.075516518e-12	223.0037683	2.224550369	-1.344423841	223.0066416	222.9964838

	-0.01125	9.580574355e-06	1523.70683	-7.534691399e-13	223.0042719	2.224561054	-1.327043416	223.0071935	222.9971972
	-0.01124454326	9.580575193e-06	1523.706671	-7.502403909e-13	223.0042899	2.224561428	-1.331631209	223.0072497	222.9971983
	-0.01123174908	9.580577206e-06	1523.706292	-7.427397454e-13	223.0043336	2.224562331	-1.342460183	223.0073835	222.9972022
	-0.01121175855	9.580580485e-06	1523.705679	-7.312157146e-13	223.0044064	2.224563819	-1.359582733	223.0075982	222.9972116
	-0.01118472968	9.58058518e-06	1523.704813	-7.160133859e-13	223.0045134	2.224565976	-1.383126705	223.0078996	222.9972309
	-0.01115087429	9.580591482e-06	1523.703666	-6.975863991e-13	223.0046615	2.224568916	-1.413254216	223.008295	222.9972659
	-0.01111045743	9.58059962e-06	1523.702208	-6.764835927e-13	223.0048585	2.224572771	-1.450148641	223.0087932	222.9973234
	-0.01106379544	9.580609848e-06	1523.700403	-6.533321561e-13	223.0051136	2.22457769	-1.493999957	223.0094038	222.997411
	-0.01101125353	9.580622432e-06	1523.698215	-6.288183058e-13	223.0054361	2.224583829	-1.544988271	223.0101367	222.997537
	-0.01095324291	9.580637639e-06	1523.695608	-6.036661414e-13	223.0058356	2.224591345	-1.603266047	223.0110017	222.9977096
	-0.01089021761	9.580655722e-06	1523.692548	-5.786153517e-13	223.0063214	2.22460039	-1.668939681	223.0120079	222.997937
	-0.01082267088	9.580676908e-06	1523.689005	-5.543984657e-13	223.0069018	2.224611099	-1.742051093	223.013163	222.9982269
	-0.01075113137	9.580701384e-06	1523.684955	-5.317183588e-13	223.0075839	2.224623587	-1.822560026	223.0144731	222.9985859
	-0.01067615897	9.580729283e-06	1523.680384	-5.112267124e-13	223.0083732	2.224637939	-1.910327745	223.0159417	222.9990197
	-0.01059834044	9.580760677e-06	1523.675284	-4.93504099e-13	223.0092731	2.224654205	-2.005102768	223.0175695	222.9995321
	-0.01051828482	9.58079556e-06	1523.66966	-4.790423093e-13	223.0102844	2.224672395	-2.106509229	223.0193542	223.0001253
	-0.01043661866	9.580833849e-06	1523.663528	-4.682294718e-13	223.0114057	2.224692471	-2.214038391	223.0212897	223.0007996
	-0.0103539811	9.580875374e-06	1523.656918	-4.613384245e-13	223.0126322	2.224714349	-2.327043722	223.0233665	223.0015529
	-0.0102710189	9.580919875e-06	1523.649873	-4.585186991e-13	223.0139567	2.224737896	-2.444739866	223.0255711	223.0023811
	-0.01018838134	9.580967004e-06	1523.642446	-4.597923637e-13	223.0153687	2.224762926	-2.566205691	223.0278861	223.0032775
	-0.01010671518	9.581016326e-06	1523.634706	-4.650538504e-13	223.0168551	2.224789207	-2.690391498	223.0302908	223.0042337
	-0.01002665956	9.581067327e-06	1523.626732	-4.74073768e-13	223.0183999	2.224816461	-2.816130333	223.0327608	223.0052387
	-0.009948841034	9.581119418e-06	1523.618615	-4.865065781e-13	223.0199848	2.224844368	-2.942153213	223.0352687	223.0062798
	-0.009873868633	9.581171949e-06	1523.610452	-5.019018898e-13	223.0215893	2.224872574	-3.06710796	223.0377846	223.0073429
	-0.00980232912	9.58122422e-06	1523.60235	-5.197190164e-13	223.0231914	2.224900695	-3.189581212	223.0402765	223.008412
	-0.009734782389	9.581275498e-06	1523.59442	-5.39344336e-13	223.0247677	2.224928328	-3.308123091	223.0427112	223.0094707
	-0.009671757085	9.581325029e-06	1523.586775	-5.601109086e-13	223.0262943	2.224955059	-3.421273904	223.0450545	223.0105015
	-0.00961374647	9.581372056e-06	1523.579529	-5.81319735e-13	223.0277471	2.224980472	-3.527592181	223.0472725	223.011487
	-0.009561204558	9.581415839e-06	1523.572792	-6.022619888e-13	223.0291022	2.225004159	-3.625683327	223.049332	223.01241
	-0.009514542569	9.581455671e-06	1523.566671	-6.222415233e-13	223.030337	2.225025727	-3.714228112	223.0512013	223.0132539
	-0.009474125708	9.581490892e-06	1523.561265	-6.405969473e-13	223.0314305	2.225044815	-3.792010212	223.0528511	223.0140033
	-0.009440270321	9.58152091e-06	1523.55666	-6.567225755e-13	223.0323634	2.225061093	-3.857942068	223.0542549	223.0146442
	-0.009413241454	9.581545212e-06	1523.552936	-6.70087586e-13	223.0331194	2.225074278	-3.911088282	223.05539	223.0151645
	-0.009393250921	9.581563378e-06	1523.550153	-6.802527374e-13	223.0336849	2.225084138	-3.950685744	223.0562377	223.0155542
	-0.009380456742	9.581575091e-06	1523.548359	-6.86883684e-13	223.0340497	2.225090497	-3.976158253	223.0567839	223.0158058
	-0.009375	9.581580106e-06	1523.547591	-6.897415047e-13	223.0342059	2.22509322	-3.987053112	223.0570177	223.0159136

	-0.009375	9.581682903e-06	1523.536439	-5.95327344e-13	223.0366135	2.225141112	-3.998314004	223.0591258	223.0186068
	-0.009369543258	9.581686547e-06	1523.535742	-5.939520695e-13	223.0367567	2.225143385	-4.013895786	223.0593931	223.0186735
	-0.009356749079	9.581695276e-06	1523.534083	-5.907541774e-13	223.0370976	2.225148812	-4.050743735	223.0600277	223.0188341
	-0.009336758546	9.581709438e-06	1523.531414	-5.858323698e-13	223.0376454	2.225157563	-4.109199011	223.0610409	223.019097
	-0.009309729679	9.581729598e-06	1523.527659	-5.79322735e-13	223.0384154	2.225169923	-4.189944622	223.0624528	223.0194753
	-0.009275874292	9.58175649e-06	1523.522719	-5.714042745e-13	223.0394273	2.225186259	-4.293855849	223.0642894	223.0199862
	-0.009235457431	9.581790985e-06	1523.516477	-5.622937795e-13	223.0407044	2.225207007	-4.421943179	223.0665812	223.0206504
	-0.009188795442	9.581834046e-06	1523.508803	-5.52239335e-13	223.0422725	2.225232648	-4.575286978	223.0693615	223.0214905
	-0.00913625353	9.581886683e-06	1523.499563	-5.415128633e-13	223.0441583	2.225263682	-4.754963869	223.0726644	223.0225304
	-0.009078242915	9.581949906e-06	1523.488624	-5.304019613e-13	223.046388	2.225300607	-4.961967137	223.076523	223.0237942
	-0.009015217611	9.582024668e-06	1523.475861	-5.192012878e-13	223.0489862	2.22534389	-5.197123978	223.0809673	223.0253048
	-0.00894767088	9.582111816e-06	1523.46117	-5.082037681e-13	223.051974	2.225393938	-5.461012552	223.0860221	223.0270828
	-0.008876131367	9.582212039e-06	1523.444466	-4.976918886e-13	223.0553675	2.225451073	-5.753881897	223.0917045	223.0291454
	-0.008801158966	9.582325819e-06	1523.425697	-4.879293493e-13	223.0591769	2.225515507	-6.07557766	223.0980226	223.031505
	-0.00872334044	9.582453385e-06	1523.404849	-4.791533309e-13	223.0634047	2.225587322	-6.425476522	223.1049736	223.0341686
	-0.008643284824	9.582594682e-06	1523.381949	-4.715676158e-13	223.0680452	2.225666445	-6.80243188	223.1125423	223.0371367
	-0.008561618662	9.582749339e-06	1523.357069	-4.65336772e-13	223.0730833	2.225752641	-7.204733089	223.1206997	223.0404027
	-0.008478981103	9.582916647e-06	1523.330333	-4.605815782e-13	223.078494	2.225845496	-7.63008012	223.129403	223.0439523
	-0.008396018897	9.583095552e-06	1523.301912	-4.573758285e-13	223.0842424	2.225944416	-8.075575051	223.1385946	223.0477637
	-0.008313381338	9.583284654e-06	1523.272029	-4.557446124e-13	223.0902835	2.226048628	-8.537731279	223.1482025	223.0518069
	-0.008231715176	9.583482218e-06	1523.240954	-4.55664118e-13	223.0965627	2.226157183	-9.012500808	223.1581411	223.0560446
	-0.00815165956	9.583686195e-06	1523.209004	-4.570629613e-13	223.1030162	2.22626897	-9.495319394	223.1683115	223.0604321
	-0.008073841034	9.583894254e-06	1523.176534	-4.598249951e-13	223.1095724	2.22638273	-9.981168784	223.1786039	223.0649186
	-0.007998868633	9.584103826e-06	1523.143934	-4.637935046e-13	223.1161527	2.226497084	-10.46465471	223.1888985	223.0694476
	-0.00792732912	9.584312148e-06	1523.111623	-4.687766552e-13	223.122673	2.22661055	-10.94009885	223.1990682	223.0739582
	-0.007859782389	9.584516324e-06	1523.080034	-4.745540169e-13	223.1290459	2.226721582	-11.40164245	223.2089808	223.0783865
	-0.007796757085	9.584713385e-06	1523.049614	-4.808839582e-13	223.1351817	2.226828597	-11.84335897	223.2185019	223.0826668
	-0.00773874647	9.584900358e-06	1523.020807	-4.875116739e-13	223.140991	2.22693001	-12.25937277	223.2274975	223.0867331
	-0.007686204558	9.585074331e-06	1522.994048	-4.941775926e-13	223.1463865	2.227024273	-12.64398067	223.2358371	223.0905208
	-0.007639542569	9.58523252e-06	1522.969751	-5.006258973e-13	223.1512848	2.227109909	-12.99177302	223.2433965	223.0939682
	-0.007599125708	9.58537234e-06	1522.948301	-5.066128896e-13	223.1556086	2.227185543	-13.29775098	223.2500604	223.0970176
	-0.007565270321	9.585491464e-06	1522.930045	-5.119149323e-13	223.1592883	2.227249942	-13.55743672	223.2557256	223.0996173
	-0.007538241454	9.585587878e-06	1522.91528	-5.163357176e-13	223.162264	2.227302039	-13.76697325	223.2603029	223.1017225
	-0.007518250921	9.585659934e-06	1522.904252	-5.197126134e-13	223.1644864	2.227340959	-13.92321046	223.2637193	223.1032964
	-0.007505456742	9.585706385e-06	1522.897146	-5.219217436e-13	223.1659185	2.227366043	-14.02376826	223.2659198	223.1043113
	-0.0075	9.585726275e-06	1522.894104	-5.228753092e-13	223.1665316	2.227376783	-14.06679029	223.2668615	223.104746

	-0.0075	9.586155718e-06	1522.847097	-1.476240354e-13	223.177152	2.227582575	-14.11865375	223.2758481	223.1162287
	-0.007494543258	9.586169953e-06	1522.844339	-1.53177992e-13	223.177701	2.227591348	-14.18113288	223.2769386	223.1164898
	-0.007481749079	9.586204093e-06	1522.837761	-1.661386004e-13	223.1790098	2.227612313	-14.32896165	223.2795269	223.1171189
	-0.007461758546	9.586259583e-06	1522.827175	-1.862165446e-13	223.1811154	2.227646176	-14.56369161	223.2836587	223.1181491
	-0.007434729679	9.586338771e-06	1522.812264	-2.130288449e-13	223.1840798	2.227694106	-14.88834134	223.2894154	223.1196336
	-0.007400874292	9.586444711e-06	1522.792616	-2.460700249e-13	223.1879836	2.227757622	-15.30678575	223.2969022	223.1216416
	-0.007360457431	9.586581013e-06	1522.767747	-2.847241825e-13	223.1929216	2.227838515	-15.82351275	223.3062419	223.1242551
	-0.007313795442	9.586751684e-06	1522.737122	-3.282808208e-13	223.1989984	2.227938766	-16.44334386	223.317569	223.1275654
	-0.00726125353	9.586960931e-06	1522.700185	-3.759531204e-13	223.2063231	2.228060449	-17.17111906	223.3310214	223.1316685
	-0.007203242915	9.587212961e-06	1522.656384	-4.268980195e-13	223.2150033	2.228205623	-18.01135608	223.3467328	223.1366609
	-0.007140217611	9.58751176e-06	1522.605205	-4.802374913e-13	223.2251393	2.228376224	-18.96789578	223.3648239	223.1426347
	-0.00707267088	9.58786088e-06	1522.546203	-5.350803906e-13	223.2368183	2.228573951	-20.04354669	223.385394	223.1496728
	-0.007001131367	9.588263224e-06	1522.479029	-5.905442269e-13	223.2501079	2.228800163	-21.23974134	223.4085126	223.1578441
	-0.006926158966	9.588720848e-06	1522.40346	-6.457762331e-13	223.2650512	2.229055772	-22.55621727	223.4342115	223.1671993
	-0.00684834044	9.589234784e-06	1522.319425	-6.999731208e-13	223.2816614	2.229341156	-23.99073473	223.4624783	223.1777666
	-0.006768284824	9.589804887e-06	1522.227024	-7.523989591e-13	223.2999181	2.229656078	-25.53884235	223.4932503	223.1895487
	-0.006686618662	9.590429712e-06	1522.126547	-8.024006756e-13	223.3197635	2.229999631	-27.19370022	223.5264099	223.2025198
	-0.006603981103	9.591106436e-06	1522.018482	-8.49420752e-13	223.3411009	2.23037019	-28.94596858	223.5617824	223.2166238
	-0.006521018897	9.591830813e-06	1521.903525	-8.930067802e-13	223.3637927	2.230765396	-30.78376811	223.5991336	223.2317735
	-0.006438381338	9.592597172e-06	1521.782576	-9.328176404e-13	223.3876614	2.231182156	-32.69271552	223.6381712	223.2478503
	-0.006356715176	9.593398468e-06	1521.656732	-9.686261706e-13	223.4124906	2.231616668	-34.65603617	223.6785469	223.2647053
	-0.00627665956	9.594226361e-06	1521.527274	-1.000318307e-12	223.4380275	2.232064465	-36.65475263	223.7198602	223.2821611
	-0.006198841034	9.595071355e-06	1521.39565	-1.027888785e-12	223.4639871	2.232520488	-38.66794609	223.7616643	223.3000145
	-0.006123868633	9.59592296e-06	1521.263448	-1.051433594e-12	223.4900568	2.232979169	-40.67308491	223.8034734	223.3180407
	-0.00605232912	9.596769897e-06	1521.132364	-1.071139487e-12	223.5159021	2.233434541	-42.64641265	223.8447718	223.335997
	-0.005984782389	9.597600333e-06	1521.004174	-1.087270924e-12	223.5411739	2.233880357	-44.56338593	223.8850234	223.3536283
	-0.005921757085	9.598402133e-06	1520.88069	-1.100154925e-12	223.5655152	2.234310222	-46.39915082	223.9236827	223.3706725
	-0.00586374647	9.599163131e-06	1520.763726	-1.110164344e-12	223.5885691	2.234717737	-48.12904514	223.9602063	223.3868667
	-0.005811204558	9.599871413e-06	1520.655054	-1.117700153e-12	223.609987	2.235096641	-49.72911307	223.9940647	223.4019529
	-0.005764542569	9.600515592e-06	1520.556364	-1.12317333e-12	223.6294361	2.235440955	-51.17661811	224.024754	223.4156845
	-0.005724125708	9.601085082e-06	1520.469225	-1.126986955e-12	223.6466078	2.235745129	-52.45053995	224.0518071	223.427832
	-0.005690270321	9.601570353e-06	1520.39505	-1.129519126e-12	223.6612242	2.236004166	-53.53204151	224.0748051	223.4381886
	-0.005663241454	9.601963164e-06	1520.335056	-1.131107252e-12	223.6730457	2.23621375	-54.40489225	224.0933862	223.4465756
	-0.005643250921	9.602256765e-06	1520.290242	-1.132034245e-12	223.6818757	2.236370344	-55.05583288	224.1072546	223.4528463
	-0.005630456742	9.602446048e-06	1520.261363	-1.132517046e-12	223.6875659	2.236471275	-55.47484382	224.1161868	223.4568899
	-0.005625	9.602527103e-06	1520.248999	-1.132696729e-12	223.6900019	2.23651449	-55.6541229	224.1200097	223.4586217

	-0.005625	9.604229996e-06	1520.059926	-1.315476202e-12	223.7332567	2.237343658	-55.87878826	224.1570714	223.5049721
	-0.005619543258	9.6042893e-06	1520.048517	-1.313449946e-12	223.7354648	2.237379329	-56.1404247	224.1615684	223.5060233
	-0.005606749079	9.604431424e-06	1520.021331	-1.308727976e-12	223.7407277	2.237464551	-56.75905059	224.1722338	223.5085556
	-0.005586758546	9.604662122e-06	1519.977628	-1.301431147e-12	223.7491906	2.237602158	-57.74017046	224.1892393	223.5127017
	-0.005559729679	9.604990785e-06	1519.916164	-1.291722516e-12	223.7610981	2.237796844	-59.09491144	224.2128932	223.5186751
	-0.005525874292	9.605429607e-06	1519.835326	-1.279816946e-12	223.7767674	2.238054698	-60.83752509	224.2435938	223.5267531
	-0.005485457431	9.605993018e-06	1519.733211	-1.265975494e-12	223.7965721	2.23838291	-62.98444671	224.2818062	223.5372647
	-0.005438795442	9.606697009e-06	1519.607725	-1.250498179e-12	223.8209238	2.238789428	-65.55321993	224.3280372	223.5505754
	-0.00538625353	9.607558368e-06	1519.456688	-1.233715659e-12	223.8502515	2.239282565	-68.56128458	224.3828058	223.5670706
	-0.005328242915	9.608593856e-06	1519.277947	-1.215980099e-12	223.8849786	2.239870578	-72.02466675	224.4466116	223.587137
	-0.005265217611	9.609819337e-06	1519.069503	-1.197655517e-12	223.9254991	2.240561222	-75.95661686	224.5199019	223.6111437
	-0.00519767088	9.61124891e-06	1518.829625	-1.179107901e-12	223.9721541	2.241361301	-80.36624499	224.603039	223.639423
	-0.005126131367	9.612894052e-06	1518.556976	-1.160695388e-12	224.025208	2.24227624	-85.25720346	224.6962673	223.6722509
	-0.005051158966	9.614762825e-06	1518.25072	-1.142758809e-12	224.0848274	2.243309672	-90.62646581	224.7996844	223.7098302
	-0.00497334044	9.616859158e-06	1517.910621	-1.125612872e-12	224.151061	2.244463073	-96.46324908	224.9132136	223.7522742
	-0.004893284824	9.619182235e-06	1517.537131	-1.109538258e-12	224.2238237	2.245735453	-102.7481221	225.0365824	223.7995927
	-0.004811618662	9.621726015e-06	1517.13145	-1.094774842e-12	224.3028833	2.247123114	-109.4523376	225.1693046	223.8516821
	-0.004728981103	9.6244789e-06	1516.695574	-1.081516253e-12	224.3878518	2.248619479	-116.5374183	225.3106699	223.908317
	-0.004646018897	9.627423566e-06	1516.232316	-1.069905921e-12	224.4781816	2.250215012	-123.955021	225.4597385	223.9691469
	-0.004563381338	9.630536968e-06	1515.745302	-1.060034711e-12	224.5731657	2.251897227	-131.6470929	225.6153439	224.0336958
	-0.004481715176	9.633790516e-06	1515.23894	-1.051940217e-12	224.6719435	2.253650783	-139.5463258	225.7761014	224.1013657
	-0.00440165956	9.637150438e-06	1514.718375	-1.045607704e-12	224.773511	2.25545767	-147.5769053	225.9404247	224.1714446
	-0.004323841034	9.640578297e-06	1514.189401	-1.040972663e-12	224.876736	2.257297489	-155.6555407	226.1065482	224.2431176
	-0.004248868633	9.644031675e-06	1513.65837	-1.03792488e-12	224.9803775	2.259147804	-163.692756	226.2725558	224.3154814
	-0.00417732912	9.64746499e-06	1513.132071	-1.036313876e-12	225.083109	2.260984568	-171.5944104	226.4364156	224.3875625
	-0.004109782389	9.650830434e-06	1512.617592	-1.035955534e-12	225.1835447	2.262782613	-179.2634105	226.596018	224.4583371
	-0.004046757085	9.654079002e-06	1512.122174	-1.036639679e-12	225.2802689	2.264516182	-186.6015721	226.7492187	224.5267538
	-0.00398874647	9.657161579e-06	1511.653056	-1.038138387e-12	225.3718666	2.266159496	-193.5115809	226.8938829	224.591757
	-0.003936204558	9.660030073e-06	1511.217309	-1.040214715e-12	225.4569548	2.267687336	-199.899	227.0279316	224.6523118
	-0.003889542569	9.66263853e-06	1510.821676	-1.042631595e-12	225.5342149	2.26907563	-205.6742697	227.1493876	224.7074285
	-0.003849125708	9.664944236e-06	1510.472419	-1.04516059e-12	225.6024225	2.270302016	-210.7546443	227.2564193	224.7561862
	-0.003815270321	9.666908745e-06	1510.175163	-1.047590224e-12	225.6604771	2.27134638	-215.0660116	227.3473832	224.7977554
	-0.003788241454	9.668498811e-06	1509.93477	-1.049733623e-12	225.707428	2.272191335	-218.5445414	227.4208616	224.8314185
	-0.003768250921	9.669687204e-06	1509.75522	-1.051435212e-12	225.7424968	2.272822646	-221.1381055	227.4756952	224.8565875
	-0.003755456742	9.670453315e-06	1509.639521	-1.052576162e-12	225.7650947	2.273229541	-222.8073198	227.5110076	224.8728172
	-0.00375	9.670781374e-06	1509.58999	-1.053075105e-12	225.7747692	2.273403758	-223.5214516	227.5261202	224.8797681

	-0.00375	9.676583196e-06	1508.920821	-6.74501562e-13	225.9289879	2.276321461	-224.9071007	227.6663729	225.0409818
	-0.003744543258	9.676845926e-06	1508.872241	-6.797359988e-13	225.9383961	2.276475023	-225.9671294	227.6848633	225.0458432
	-0.003731749079	9.677473076e-06	1508.756843	-6.919359695e-13	225.960743	2.276840798	-228.4679962	227.7285997	225.057482
	-0.003711758546	9.678484242e-06	1508.57234	-7.107932359e-13	225.9964677	2.277428382	-232.4189329	227.7980108	225.0763428
	-0.003684729679	9.679912041e-06	1508.31474	-7.358926309e-13	226.0463376	2.278254008	-237.8450972	227.8939436	225.103154
	-0.003650874292	9.681798772e-06	1507.978883	-7.666870036e-13	226.1113447	2.2793387	-244.7782293	228.0174842	225.1388612
	-0.003610457431	9.684194354e-06	1507.558715	-8.02511401e-13	226.1926526	2.280707222	-253.253872	228.1698887	225.1845824
	-0.003563795442	9.687153912e-06	1507.047609	-8.426013742e-13	226.2915347	2.28238684	-263.3082573	228.3525027	225.2415562
	-0.00351125353	9.690735031e-06	1506.438727	-8.861140516e-13	226.4093048	2.28440592	-274.974812	228.5666719	225.3110812
	-0.003453242915	9.69499479e-06	1505.725411	-9.321512583e-13	226.5472413	2.286792407	-288.2803907	228.8136447	225.3944523
	-0.003390217611	9.699986645e-06	1504.901594	-9.797839636e-13	226.7065087	2.289572244	-303.2413732	229.0944708	225.4928922
	-0.00332267088	9.705757309e-06	1503.96221	-1.028077321e-12	226.888078	2.292767771	-319.8597707	229.4099003	225.6074841
	-0.003251131367	9.712343701e-06	1502.903593	-1.076115542e-12	227.0926504	2.296396176	-338.1194885	229.7602851	225.7391045
	-0.003176158966	9.719770091e-06	1501.723852	-1.123025872e-12	227.320585	2.300468037	-357.9828915	230.1454885	225.8883616
	-0.00309834044	9.728045547e-06	1500.423201	-1.168000938e-12	227.5718349	2.304986026	-379.3878091	230.5648046	226.055539
	-0.003018284824	9.737161758e-06	1499.004243	-1.210318824e-12	227.8458932	2.309943805	-402.2451071	231.0168917	226.2405481
	-0.002936618662	9.747091341e-06	1497.472182	-1.249360277e-12	228.1417517	2.315325174	-426.4369366	231.4997226	226.4428908
	-0.002853981103	9.757786678e-06	1495.834968	-1.284622557e-12	228.4578729	2.321103487	-451.8157485	232.0105524	226.6616339
	-0.002771018897	9.76917935e-06	1494.103363	-1.31572953e-12	228.7921779	2.327241378	-478.2041433	232.5459086	226.8953955
	-0.002688381338	9.781180192e-06	1492.290921	-1.342437742e-12	229.1420504	2.33369081	-505.3955958	233.1016013	227.1423463
	-0.002606715176	9.793679996e-06	1490.413876	-1.364638322e-12	229.5043568	2.34039345	-533.1560719	233.6727562	227.4002232
	-0.00252665956	9.806550841e-06	1488.49096	-1.382354711e-12	229.8754837	2.347281369	-561.2265233	234.2538689	227.6663578
	-0.002448841034	9.81964803e-06	1486.543121	-1.39573631e-12	230.25139	2.354278061	-589.3262201	234.8388808	227.9377172
	-0.002373868633	9.832812604e-06	1484.593184	-1.405048314e-12	230.6276739	2.361299744	-617.1568553	235.4212732	228.2109579
	-0.00230232912	9.845874344e-06	1482.665426	-1.410658081e-12	230.9996536	2.368256924	-644.4073287	235.9941793	228.4824896
	-0.002234782389	9.858655204e-06	1480.785111	-1.413018496e-12	231.3624577	2.375056176	-670.7590959	236.5505097	228.7485491
	-0.002171757085	9.870973076e-06	1478.977974	-1.412648913e-12	231.7111247	2.38160209	-695.891951	237.0830898	229.0052805
	-0.00211374647	9.882645774e-06	1477.269671	-1.410114278e-12	232.0407081	2.38779934	-719.4900928	237.5848036	229.2488212
	-0.002061204558	9.893495147e-06	1475.685222	-1.406003153e-12	232.3463845	2.393554801	-741.2483175	238.0487417	229.4753897
	-0.002014542569	9.903351177e-06	1474.24845	-1.400905336e-12	232.6235612	2.398779682	-760.878172	238.4683486	229.6813739
	-0.001974125708	9.912055975e-06	1472.98144	-1.39538983e-12	232.8679814	2.403391576	-778.113902	238.8375653	229.8634169
	-0.001940270321	9.919467533e-06	1471.904024	-1.389983851e-12	233.075822	2.40731641	-792.71803	239.1509631	230.0184976
	-0.001913241454	9.925463138e-06	1471.033319	-1.385153596e-12	233.2437835	2.410490202	-804.4864043	239.4038656	230.1440043
	-0.001893250921	9.929942318e-06	1470.383329	-1.381287372e-12	233.3691668	2.412860585	-813.2525375	239.5924529	230.2377977
	-0.001880456742	9.932829054e-06	1469.964642	-1.378681847e-12	233.4499309	2.414387943	-818.8907466	239.7138385	230.2982589
	-0.001875	9.934065003e-06	1469.785433	-1.377539459e-12	233.4844997	2.415041807	-821.3020494	239.7657729	230.3241483

	-0.001875	9.945943173e-06	1468.222674	-1.19931078e-12	233.8395711	2.421606539	-831.8158303	240.1772825	230.6511292
	-0.001869543258	9.947132738e-06	1468.026044	-1.201674576e-12	233.8777438	2.422269195	-835.3982391	240.2435951	230.6752324
	-0.001856749079	9.949951163e-06	1467.561823	-1.207122791e-12	233.9678096	2.423837655	-843.8104682	240.3996379	230.7323113
	-0.001836758546	9.954437119e-06	1466.827538	-1.215371438e-12	234.1101184	2.426329748	-856.9900189	240.645029	230.8230815
	-0.001809729679	9.960662002e-06	1465.817362	-1.226012304e-12	234.3056021	2.429779589	-874.8790723	240.9798797	230.9488863
	-0.001775874292	9.968717754e-06	1464.523893	-1.238510264e-12	234.5554381	2.434231011	-897.3984964	241.4042673	231.1114536
	-0.001735457431	9.978711514e-06	1462.938731	-1.252221103e-12	234.8609469	2.439734881	-924.4458421	241.9181363	231.3127932
	-0.001688795442	9.990759428e-06	1461.053124	-1.266413567e-12	235.2234793	2.446346004	-955.8937403	242.5211956	231.5550774
	-0.00163625353	1.000497966e-05	1458.858703	-1.280294565e-12	235.6442879	2.454119632	-991.5882422	243.2128035	231.8405075
	-0.001578242915	1.002148483e-05	1456.348271	-1.293036682e-12	236.1243897	2.463107689	-1031.347137	243.9918451	232.1711675
	-0.001515217611	1.004037413e-05	1453.516615	-1.303807107e-12	236.6644238	2.473354837	-1074.95834	244.8566069	232.5488737
	-0.00144767088	1.006172542e-05	1450.361331	-1.311797058e-12	237.2645083	2.484894537	-1122.178458	245.8046531	232.9750225
	-0.001376131367	1.008558756e-05	1446.883604	-1.316250748e-12	237.9241044	2.497745235	-1172.73163	246.8327095	233.4504434
	-0.001301158966	1.011197328e-05	1443.088938	-1.316492956e-12	238.6418901	2.511906818	-1226.308761	247.9365591	233.9752629
	-0.00122334044	1.014085284e-05	1438.987789	-1.311954325e-12	239.4156509	2.527357476	-1282.567236	249.1109561	234.5487825
	-0.001143284824	1.017214878e-05	1434.596084	-1.302193541e-12	240.2421907	2.544051094	-1341.131208	250.3495605	235.1693783
	-0.001061618662	1.020573182e-05	1429.935605	-1.286915691e-12	241.1172675	2.561915271	-1401.592519	251.6448989	235.834424
	-0.0009789811026	1.024141832e-05	1425.034206	-1.26598617e-12	242.0355568	2.580850073	-1463.512332	252.9883533	236.5402416
	-0.0008960188974	1.027896919e-05	1419.92587	-1.239439675e-12	242.9906461	2.600727562	-1526.423492	254.3701813	237.2820829
	-0.0008133813382	1.031809055e-05	1414.650576	-1.207483968e-12	243.9750605	2.621392171	-1589.833632	255.7795683	238.0541418
	-0.0007317151761	1.035843601e-05	1409.253988	-1.170498251e-12	244.9803213	2.642661917	-1653.229032	257.204712	238.8496005
	-0.0006516595599	1.039961062e-05	1403.786962	-1.129026162e-12	245.9970368	2.664330459	-1716.079183	258.6329386	239.6607062
	-0.0005738410337	1.044117647e-05	1398.304875	-1.083763583e-12	247.015023	2.68616996	-1777.842008	260.0508503	240.4788804
	-0.0004988686334	1.048265971e-05	1392.866801	-1.035541588e-12	248.0234531	2.707934691	-1837.969681	261.4444985	241.2948551
	-0.0004273291202	1.05235589e-05	1387.534543	-9.853050425e-13	249.0110317	2.729365288	-1895.914921	262.7995829	242.0988351
	-0.0003597823888	1.056335446e-05	1382.371548	-9.340874797e-13	249.9661893	2.750193567	-1951.137673	264.1016689	242.880681
	-0.0002967570852	1.060151897e-05	1377.44173	-8.829830034e-13	250.8772929	2.770147757	-2003.112042	265.3364205	243.6301091
	-0.0002387464699	1.063752806e-05	1372.808242	-8.331160656e-13	251.7328672	2.78895803	-2051.333332	266.4898419	244.3369014
	-0.0001862045583	1.067087152e-05	1368.532204	-7.856100305e-13	252.5218195	2.806362163	-2095.325058	267.5485223	244.9911224
	-0.0001395425687	1.070106449e-05	1364.671456	-7.415554799e-13	253.2336647	2.822111179	-2134.645767	268.4998779	245.5833335
	-9.912570751e-05	1.07276582e-05	1361.279342	-7.019792242e-13	253.8587413	2.835974821	-2168.895529	269.3323847	246.1048025
	-6.527032127e-05	1.075025012e-05	1358.40357	-6.678149684e-13	254.388415	2.847746692	-2197.721934	270.0357956	246.5476993
	-3.824145387e-05	1.076849319e-05	1356.085181	-6.398765456e-13	254.8152624	2.857248918	-2220.82546	270.6013367	246.9052744
	-1.825092067e-05	1.078210371e-05	1354.357661	-6.18834637e-13	255.1332293	2.864336165	-2237.963995	271.0218748	247.1720116
	-5.456741744e-06	1.079086725e-05	1353.246298	-6.051985827e-13	255.3377454	2.868898598	-2248.955701	271.2920347	247.3437418
	0	1.079461742e-05	1352.770939	-5.993426581e-13	255.4252125	2.870850779	-2253.649107	271.4074983	247.4172261

	0	1.079220299e-05	1351.983599	-8.508795469e-13	255.5516918	2.871629902	-2306.443146	272.066794	247.277447
	5.456741744e-06	1.079641656e-05	1351.450737	-8.477062229e-13	255.649759	2.873826786	-2311.588266	272.1935874	247.3611614
	1.825092067e-05	1.080632516e-05	1350.200157	-8.403081133e-13	255.8797855	2.878991735	-2323.59682	272.4905597	247.5577393
	3.824145387e-05	1.082188914e-05	1348.242787	-8.288673416e-13	256.2394549	2.887101147	-2342.205535	272.9536875	247.8657185
	6.527032127e-05	1.084309206e-05	1345.589714	-8.136283687e-13	256.7262615	2.898142012	-2367.066852	273.5781631	248.2837449
	9.912570751e-05	1.08699082e-05	1342.255954	-7.949134647e-13	257.3368348	2.912095097	-2397.721938	274.3575823	248.8099659
	0.0001395425687	1.090229743e-05	1338.260621	-7.73114485e-13	258.0669323	2.928932553	-2433.611496	275.2840164	249.4419832
	0.0001862045583	1.094020019e-05	1333.627011	-7.486822246e-13	258.911453	2.948615533	-2474.089975	276.348128	250.1768156
	0.0002387464699	1.098353179e-05	1328.382671	-7.221141554e-13	259.8644583	2.971091573	-2518.441985	277.5393085	251.0108605
	0.0002967570852	1.103217653e-05	1322.559456	-6.939409706e-13	260.9191963	2.996291834	-2565.900341	278.8458318	251.9398547
	0.0003597823888	1.108598155e-05	1316.19357	-6.647123489e-13	262.0681335	3.024128286	-2615.665186	280.2550214	252.958837
	0.0004273291202	1.114475094e-05	1309.325573	-6.349823681e-13	263.3029904	3.054490987	-2666.92364	281.7534262	254.062115
	0.0004988686334	1.120824023e-05	1302.000353	-6.052950051e-13	264.6147846	3.087245573	-2718.869382	283.3270012	255.2432381
	0.0005738410337	1.127615157e-05	1294.267054	-5.76170152e-13	265.9938792	3.12223108	-2770.721627	284.9612899	256.4949798
	0.0006516595599	1.134812983e-05	1286.178945	-5.480905636e-13	267.4300394	3.159258228	-2821.742927	286.6416046	257.8093312
	0.0007317151761	1.142375992e-05	1277.793231	-5.214901174e-13	268.9124941	3.198108256	-2871.2553	288.3532001	259.1775081
	0.0008133813382	1.150256532e-05	1269.170794	-4.967437285e-13	270.4300065	3.238532418	-2918.654247	290.0814395	260.5899724
	0.0008960188974	1.158400829e-05	1260.375868	-4.741592055e-13	271.9709498	3.280252201	-2963.420264	291.811947	262.0364703
	0.0009789811026	1.166749154e-05	1251.475634	-4.539712761e-13	273.5233913	3.322960323	-3005.127543	293.5307475	263.5060878
	0.001061618662	1.175236171e-05	1242.539748	-4.363379383e-13	275.0751808	3.366322534	-3043.44967	295.224389	264.9873231
	0.001143284824	1.183791445e-05	1233.639798	-4.213392239e-13	276.6140465	3.409980235	-3078.162172	296.8800481	266.4681769
	0.00122334044	1.192340119e-05	1224.848685	-4.089783836e-13	278.1276948	3.453553885	-3109.141922	298.4856169	267.9362586
	0.001301158966	1.200803746e-05	1216.23996	-3.991854274e-13	279.603914	3.496647151	-3136.363457	300.0297711	269.3789088
	0.001376131367	1.209101266e-05	1207.887093	-3.918228819e-13	281.0306815	3.538851742	-3159.892401	301.5020198	270.7833346
	0.00144767088	1.217150101e-05	1199.862711	-3.866935562e-13	282.3962729	3.579752822	-3179.876243	302.892738	272.1367565
	0.001515217611	1.224867355e-05	1192.237802	-3.835500462e-13	283.6893706	3.618934899	-3196.532822	304.1931825	273.4265648
	0.001578242915	1.23217108e-05	1185.080905	-3.821056555e-13	284.8991724	3.655988052	-3210.136928	305.3954934	274.6404809
	0.00163625353	1.238981597e-05	1178.457295	-3.82046365e-13	286.0154972	3.690514371	-3221.005492	306.4926834	275.7667218
	0.001688795442	1.245222818e-05	1172.428181	-3.830434552e-13	287.0288872	3.722134442	-3229.48188	307.4786163	276.7941634
	0.001735457431	1.250823553e-05	1167.049939	-3.847663639e-13	287.9307039	3.750493724	-3235.919817	308.3479791	277.7125001
	0.001775874292	1.25571877e-05	1162.373382	-3.868953569e-13	288.7132184	3.775268667	-3240.667495	309.0962478	278.5123957
	0.001809729679	1.25985076e-05	1158.443091	-3.891335979e-13	289.369692	3.796172417	-3244.052392	309.7196519	279.1856237
	0.001836758546	1.263170191e-05	1155.296819	-3.912182226e-13	289.894448	3.812959939	-3246.367319	310.2151376	279.7251923
	0.001856749079	1.265637011e-05	1152.964997	-3.929300468e-13	290.2829297	3.825432384	-3247.858136	310.5803325	280.1254498
	0.001869543258	1.267221057e-05	1151.470443	-3.941015143e-13	290.5317289	3.833440069	-3248.713521	310.8134966	280.3821518
	0.001875	1.267897903e-05	1150.8325	-3.946191635e-13	290.6378816	3.836861338	-3249.054897	310.9128073	280.491762

	0.001875	1.265342164e-05	1152.75471	-1.968334234e-13	290.2399578	3.823884655	-3278.076374	310.7763989	279.9624721
	0.001880456742	1.266040171e-05	1152.152464	-1.991491013e-13	290.3410123	3.827365649	-3275.696516	310.8516706	280.076464
	0.001893250921	1.26767467e-05	1150.743331	-2.045774214e-13	290.5774205	3.83551704	-3270.091866	311.0276109	280.3432142
	0.001913241454	1.270222664e-05	1148.549811	-2.130557957e-13	290.9453146	3.848224334	-3261.265426	311.3009807	280.7585393
	0.001940270321	1.273656399e-05	1145.59991	-2.245130239e-13	291.4398554	3.865349384	-3249.19689	311.6676291	281.3172543
	0.001974125708	1.277938936e-05	1141.930792	-2.388538137e-13	292.0546234	3.886708339	-3233.862203	312.122062	282.0124754
	0.002014542569	1.283024621e-05	1137.588172	-2.559592355e-13	292.7817295	3.912073937	-3215.237933	312.6575517	282.8357301
	0.002061204558	1.288859795e-05	1132.625442	-2.756877986e-13	293.6119692	3.941179063	-3193.306003	313.2662872	283.7771145
	0.00211374647	1.295383648e-05	1127.10265	-2.978767814e-13	294.5350043	3.973720967	-3168.058963	313.9395472	284.8254786
	0.002171757085	1.302529164e-05	1121.085372	-3.223437614e-13	295.5395635	4.009365962	-3139.50565	314.6678924	285.9686315
	0.002234782389	1.310224146e-05	1114.643498	-3.488883141e-13	296.6136567	4.047754505	-3107.67702	315.4413693	287.1935608
	0.00230232912	1.318392286e-05	1107.849972	-3.772938607e-13	297.7447982	4.088506527	-3072.631918	316.2497211	288.4866622
	0.002373868633	1.326954267e-05	1100.77952	-4.073296388e-13	298.9202319	4.131226894	-3034.462564	317.0825994	289.8339708
	0.002448841034	1.335828863e-05	1093.507392	-4.387527719e-13	300.1271525	4.175510883	-2993.299521	317.9297704	291.2213908
	0.00252665956	1.344934022e-05	1086.108147	-4.713104144e-13	301.3529191	4.220949543	-2949.315924	318.7813118	292.634917
	0.002606715176	1.354187897e-05	1078.654522	-5.047419462e-13	302.5852532	4.267134847	-2902.730783	319.6277925	294.0608422
	0.002688381338	1.363509821e-05	1071.216397	-5.387811944e-13	303.8124197	4.313664525	-2853.811182	320.4604336	295.4859475
	0.002771018897	1.372821195e-05	1063.859891	-5.731586575e-13	305.0233829	4.360146484	-2802.873235	321.2712438	296.89767
	0.002853981103	1.382046279e-05	1056.646591	-6.076037114e-13	306.2079385	4.406202749	-2750.281696	322.0531285	298.284245
	0.002936618662	1.391112874e-05	1049.632953	-6.418467768e-13	307.3568158	4.451472867	-2696.448166	322.7999683	299.6348208
	0.003018284824	1.399952888e-05	1042.869852	-6.756214288e-13	308.4617502	4.495616728	-2641.827868	323.5066672	300.9395432
	0.00309834044	1.408502778e-05	1036.402315	-7.08666433e-13	309.5155252	4.538316782	-2586.915031	324.1691689	302.1896105
	0.003176158966	1.416703872e-05	1030.269415	-7.407276932e-13	310.5119844	4.57927965	-2532.236929	324.7844427	303.3772984
	0.003251131367	1.424502571e-05	1024.50432	-7.715600983e-13	311.4460141	4.61823715	-2478.346715	325.3504398	304.4959559
	0.00332267088	1.431850438e-05	1019.134506	-8.009292596e-13	312.3134995	4.654946752	-2425.815175	325.8660225	305.5399749
	0.003390217611	1.438704182e-05	1014.182086	-8.286131286e-13	313.111257	4.689191535	-2375.221605	326.330871	306.5047357
	0.003453242915	1.445025552e-05	1009.664261	-8.544034909e-13	313.8369466	4.720779678	-2327.144024	326.7453692	307.3865323
	0.00351125353	1.450781158e-05	1005.593863	-8.78107332e-13	314.4889684	4.749543585	-2282.148966	327.1104764	308.1824811
	0.003563795442	1.45594223e-05	1001.979951	-8.995480711e-13	315.066347	4.775338708	-2240.781095	327.4275881	308.890418
	0.003610457431	1.46048433e-05	998.8284584	-9.18566664e-13	315.568611	4.798042159	-2203.552933	327.6983928	309.5087884
	0.003650874292	1.46438705e-05	996.1428438	-9.350225718e-13	315.9956696	4.817551205	-2170.934955	327.9247276	310.0365347
	0.003684729679	1.467633695e-05	993.9247256	-9.48794598e-13	316.3476933	4.833781719	-2143.346317	328.108441	310.4729864
	0.003711758546	1.470210976e-05	992.1744788	-9.59781585e-13	316.6250027	4.846666688	-2121.146484	328.2512645	310.8177564
	0.003731749079	1.472108725e-05	990.8917724	-9.679029381e-13	316.8279685	4.856154785	-2104.62806	328.3546997	311.0706482
	0.003744543258	1.473319556e-05	990.0760797	-9.730986409e-13	316.9569174	4.862208707	-2094.011695	328.4199192	311.2315648
	0.00375	1.473835087e-05	989.7294328	-9.75314129e-13	317.0116885	4.864786307	-2089.473259	328.4475026	311.2999736

	0.00375	1.472863452e-05	991.327328	-8.549827971e-13	316.7864222	4.858124563	-2047.234217	327.8339157	311.2685932
	0.003755456742	1.473326446e-05	991.0211713	-8.561082648e-13	316.8356718	4.860426838	-2042.71039	327.8558894	311.3315347
	0.003768250921	1.474408822e-05	990.3057098	-8.58714361e-13	316.950769	4.865809022	-2032.123824	327.9071807	311.4786609
	0.003788241454	1.476091064e-05	989.1944751	-8.626944249e-13	317.1295491	4.874174017	-2015.63945	327.9866778	311.7072784
	0.003815270321	1.478348262e-05	987.7048947	-8.678976239e-13	317.3692271	4.885397875	-1993.461403	328.092916	312.0139394
	0.003849125708	1.481147432e-05	985.8600249	-8.741259724e-13	317.6661182	4.899316484	-1965.860714	328.2239608	312.3940801
	0.003889542569	1.484448163e-05	983.6880765	-8.811405669e-13	318.015713	4.91572877	-1933.171062	328.377454	312.8421111
	0.003936204558	1.488203495e-05	981.221772	-8.886693656e-13	318.4127799	4.934401088	-1895.782607	328.5506724	313.3515413
	0.00398874647	1.492360947e-05	978.4975999	-8.964160956e-13	318.8514837	4.955072322	-1854.134768	328.7405969	313.9151215
	0.004046757085	1.496863644e-05	975.5549929	-9.040699844e-13	319.3255163	4.977459515	-1808.70821	328.9439882	314.525003
	0.004109782389	1.501651529e-05	972.435454	-9.113160073e-13	319.8282361	5.001263871	-1760.016249	329.1574666	315.172906
	0.00417732912	1.5066626e-05	969.181654	-9.178453237e-13	320.352811	5.026176952	-1708.595903	329.3775944	315.8502947
	0.004248868633	1.511834167e-05	965.8365272	-9.233655716e-13	320.8923632	5.051886908	-1654.998822	329.6009581	316.5485516
	0.004323841034	1.517104077e-05	962.4423903	-9.276106935e-13	321.4401089	5.078084569	-1599.782308	329.8242477	317.2591491
	0.00440165956	1.522411873e-05	959.0401061	-9.303499816e-13	321.9894918	5.10446924	-1543.500645	330.0443319	317.9738114
	0.004481715176	1.52769987e-05	955.6683179	-9.313960538e-13	322.5343053	5.130754037	-1486.696945	330.2583252	318.6846648
	0.004563381338	1.532914112e-05	952.3627706	-9.306115047e-13	323.0688006	5.156670653	-1429.895695	330.4636474	319.3843699
	0.004646018897	1.538005184e-05	949.1557396	-9.279140183e-13	323.5877779	5.181973404	-1373.596149	330.6580715	320.0662347
	0.004728981103	1.542928871e-05	946.0755775	-9.232797763e-13	324.0866594	5.206442497	-1318.266715	330.8397611	320.7243052
	0.004811618662	1.547646639e-05	943.1463908	-9.167450478e-13	324.5615405	5.229886428	-1264.340423	331.0072943	321.3534312
	0.004893284824	1.552125935e-05	940.3878511	-9.08405906e-13	325.009221	5.252143482	-1212.21153	331.1596746	321.9493064
	0.00497334044	1.556340309e-05	937.8151429	-8.98416072e-13	325.4272136	5.273082316	-1162.233307	331.2963295	322.508483
	0.005051158966	1.560269348e-05	935.4390446	-8.869829483e-13	325.813732	5.292601651	-1114.716983	331.4170949	323.0283606
	0.005126131367	1.563898446e-05	933.2661371	-8.743619582e-13	326.1676581	5.310629107	-1069.931806	331.5221887	323.5071512
	0.00519767088	1.567218412e-05	931.299127	-8.60849362e-13	326.4884914	5.327119259	-1028.10614	331.6121722	323.9438218
	0.005265217611	1.570224943e-05	929.5372725	-8.467737683e-13	326.7762818	5.342051002	-989.4294988	331.6879029	324.3380178
	0.005328242915	1.572917981e-05	927.9768937	-8.324865991e-13	327.0315495	5.355424347	-954.055365	331.750479	324.68997
	0.00538625353	1.575300976e-05	926.6119464	-8.183518018e-13	327.255194	5.367256764	-922.1046528	331.8011775	325.000389
	0.005438795442	1.577380098e-05	925.4346407	-8.047351234e-13	327.4483969	5.377579232	-893.6696343	331.8413896	325.2703518
	0.005485457431	1.579163409e-05	924.4360786	-7.919932772e-13	327.6125205	5.386432136	-868.8181474	331.8725534	325.5011835
	0.005525874292	1.580660043e-05	923.6068897	-7.804633371e-13	327.7490078	5.393861162	-847.5979012	331.8960884	325.6943396
	0.005559729679	1.58187941e-05	922.9378418	-7.704526867e-13	327.8592859	5.399913349	-830.0406931	331.9133321	325.8512924
	0.005586758546	1.582830461e-05	922.4204049	-7.6222984e-13	327.9446764	5.404633423	-816.1663737	331.9254819	325.9734267
	0.005606749079	1.583521037e-05	922.0472508	-7.560164466e-13	328.0063168	5.408060549	-805.9864398	331.9335445	326.0619459
	0.005619543258	1.583957293e-05	921.8126859	-7.519809931e-13	328.0450915	5.410225464	-799.5075326	331.9382924	326.117791
	0.005625	1.584141999e-05	921.7136545	-7.502459017e-13	328.0614686	5.41114204	-796.7529019	331.9402196	326.1414172

	0.005625	1.584884587e-05	921.3455108	-7.902537453e-13	328.1328319	5.414856226	-786.5506218	331.9452132	326.2461224
	0.005630456742	1.585062778e-05	921.2394181	-7.890444192e-13	328.1496243	5.415744995	-784.4484202	331.9514816	326.2682011
	0.005643250921	1.585479125e-05	920.9916046	-7.862361403e-13	328.1888516	5.417821539	-779.5321039	331.9660959	326.3197916
	0.005663241454	1.586125589e-05	920.6070335	-7.819245564e-13	328.2497358	5.421045553	-771.8859292	331.9886977	326.3999049
	0.005690270321	1.586991774e-05	920.0921623	-7.762428343e-13	328.3312664	5.425364885	-761.6163608	332.0188059	326.507264
	0.005724125708	1.588063934e-05	919.4555265	-7.693659928e-13	328.4321075	5.430710565	-748.8644902	332.0557867	326.6401801
	0.005764542569	1.589325258e-05	918.7075534	-7.615056989e-13	328.5506267	5.436998269	-733.8034583	332.0988688	326.7965875
	0.005811204558	1.590756261e-05	917.8603137	-7.529037122e-13	328.6849337	5.444130274	-716.6348669	332.1471653	326.9740912
	0.00586374647	1.592335237e-05	916.9272333	-7.438243697e-13	328.8329252	5.451997739	-697.5845983	332.1996971	327.1700223
	0.005921757085	1.594038756e-05	915.9227759	-7.345463633e-13	328.9923339	5.460483209	-676.898192	332.2554196	327.3814987
	0.005984782389	1.595842191e-05	914.8621066	-7.253540725e-13	329.1607813	5.469463282	-654.8359112	332.3132506	327.60549
	0.00605232912	1.597720267e-05	913.7607444	-7.165287222e-13	329.3358312	5.478811352	-631.6676332	332.3720992	327.8388835
	0.006123868633	1.599647606e-05	912.634216	-7.083396433e-13	329.515044	5.48840036	-607.6677003	332.4308936	328.0785521
	0.006198841034	1.601599258e-05	911.4977177	-7.010359081e-13	329.6960293	5.498105478	-583.1098665	332.4886095	328.3214183
	0.00627665956	1.603551209e-05	910.3657977	-6.94838601e-13	329.8764951	5.507806631	-558.2624706	332.5442951	328.5645168
	0.006356715176	1.605480834e-05	909.2520656	-6.899339669e-13	330.0542933	5.517390826	-533.3839572	332.5970943	328.8050503
	0.006438381338	1.607367312e-05	908.1689371	-6.864676498e-13	330.2274595	5.526754185	-508.7188547	332.6462666	329.0404396
	0.006521018897	1.609191964e-05	907.1274213	-6.845402021e-13	330.3942464	5.535803668	-484.4943055	332.6912032	329.2683655
	0.006603981103	1.610938519e-05	906.1369559	-6.842040029e-13	330.5531494	5.544458414	-460.9172225	332.7314386	329.486802
	0.006686618662	1.61259331e-05	905.2052926	-6.854616835e-13	330.7029248	5.552650686	-438.1721283	332.7666581	329.6940395
	0.006768284824	1.614145373e-05	904.3384366	-6.882661065e-13	330.8425998	5.560326407	-416.4197115	332.7966996	329.8886984
	0.00684834044	1.615586477e-05	903.54064	-6.925218998e-13	330.9714732	5.567445264	-395.7961098	332.821552	330.0697321
	0.006926158966	1.616911064e-05	902.8144474	-6.980884974e-13	331.0891094	5.573980408	-376.4129106	332.8413482	330.2364203
	0.007001131367	1.618116113e-05	902.1607915	-7.047845907e-13	331.1953233	5.579917764	-358.357834	332.8563533	330.3883534
	0.00707267088	1.619200934e-05	901.5791346	-7.123938507e-13	331.2901591	5.58525498	-341.6960455	332.8669501	330.5254068
	0.007140217611	1.620166903e-05	901.067649	-7.206717432e-13	331.3738626	5.590000069	-326.4720245	332.87362	330.6477095
	0.007203242915	1.621017139e-05	900.6234311	-7.293532217e-13	331.4468483	5.594169791	-312.7119013	332.8769216	330.755605
	0.00726125353	1.621756149e-05	900.2427395	-7.381610593e-13	331.5096627	5.597787834	-300.4261587	332.8774677	330.8496083
	0.007313795442	1.622389442e-05	899.9212499	-7.468145561e-13	331.5629452	5.600882876	-289.6125873	332.8759001	330.9303591
	0.007360457431	1.622923134e-05	899.6543175	-7.550383532e-13	331.6073877	5.603486573	-280.2593764	332.8728644	330.9985741
	0.007400874292	1.623363557e-05	899.4372366	-7.625710735e-13	331.6436947	5.605631568	-272.3482202	332.8689854	331.054999
	0.007434729679	1.623716873e-05	899.2654902	-7.691735212e-13	331.6725445	5.60734958	-265.8573224	332.8648434	331.1003629
	0.007461758546	1.623988734e-05	899.1349794	-7.746361777e-13	331.6945543	5.608669635	-260.764188	332.8609524	331.1353359
	0.007481749079	1.624183969e-05	899.0422263	-7.787857409e-13	331.7102485	5.609616508	-257.0481175	332.8577408	331.1604913
	0.007494543258	1.624306318e-05	898.9845467	-7.814903246e-13	331.7200322	5.61020938	-254.6924617	332.8555365	331.1762741
	0.0075	1.624357882e-05	898.960346	-7.826554245e-13	331.7241431	5.610459122	-253.6931533	332.854561	331.1829302

	0.0075	1.624907368e-05	898.5351078	-2.874176166e-13	331.7922921	5.613510018	-254.466316	332.94723	331.2389726
	0.007505456742	1.62496388e-05	898.5025514	-2.900466117e-13	331.7973017	5.613790279	-253.7584742	332.9490214	331.2455907
	0.007518250921	1.625095901e-05	898.4265158	-2.961714208e-13	331.8090024	5.61444498	-252.1033405	332.9531955	331.2610531
	0.007538241454	1.625300836e-05	898.3085486	-3.056310142e-13	331.8271578	5.615461158	-249.529905	332.9596443	331.2850592
	0.007565270321	1.625575321e-05	898.1506687	-3.182073963e-13	331.8514603	5.616821978	-246.0749603	332.9682218	331.3172199
	0.007599125708	1.625914905e-05	897.955544	-3.336133923e-13	331.8815028	5.618505188	-241.7872466	332.9787359	331.3570206
	0.007639542569	1.62631415e-05	897.7264326	-3.515002617e-13	331.9167886	5.620483591	-236.7265348	332.9909528	331.4038321
	0.007686204558	1.626766756e-05	897.4671037	-3.714674836e-13	331.9567425	5.622725694	-230.9623589	333.0046043	331.4569254
	0.00773874647	1.62726571e-05	897.1817473	-3.930740154e-13	332.0007251	5.625196452	-224.572542	333.0193947	331.5154886
	0.007796757085	1.627803451e-05	896.8748729	-4.158506363e-13	332.0480478	5.627858084	-217.6415657	333.0350092	331.5786456
	0.007859782389	1.628372038e-05	896.5512042	-4.393129952e-13	332.0979891	5.630670953	-210.2588329	333.0511227	331.6454759
	0.00792732912	1.628963336e-05	896.2155688	-4.629749643e-13	332.1498111	5.633594455	-202.5168697	333.0674086	331.7150356
	0.007998868633	1.62956919e-05	895.8727893	-4.863618944e-13	332.2027762	5.636587923	-194.5095156	333.0835473	331.7863771
	0.008073841034	1.630181599e-05	895.5275764	-5.090233741e-13	332.2561629	5.639611499	-186.3301504	333.0992353	331.8585701
	0.00815165956	1.630792883e-05	895.1844292	-5.30545108e-13	332.3092817	5.642626962	-178.0700039	333.1141928	331.9307197
	0.008231715176	1.631395832e-05	894.8475434	-5.505595627e-13	332.3614885	5.645598477	-169.8165915	333.1281707	332.0019841
	0.008313381338	1.631983836e-05	894.5207316	-5.687550635e-13	332.4121967	5.648493261	-161.6523149	333.1409567	332.0715897
	0.008396018897	1.632551002e-05	894.2073566	-5.848830777e-13	332.4608877	5.651282137	-153.6532608	333.1523805	332.1388441
	0.008478981103	1.633092233e-05	893.9102799	-5.987634752e-13	332.5071186	5.653939967	-145.8882242	333.1623169	332.2031458
	0.008561618662	1.633603294e-05	893.6318264	-6.102876232e-13	332.5505277	5.656445948	-138.4179773	333.1706881	332.2639916
	0.008643284824	1.634080841e-05	893.3737666	-6.194192358e-13	332.5908369	5.658783782	-131.2947931	333.1774643	332.3209803
	0.00872334044	1.63452243e-05	893.1373151	-6.261929739e-13	332.6278527	5.660941692	-124.5622301	333.1826629	332.3738137
	0.008801158966	1.634926496e-05	892.9231465	-6.307108584e-13	332.6614631	5.662912317	-118.2551722	333.1863461	332.4222941
	0.008876131367	1.635292301e-05	892.7314268	-6.331366271e-13	332.6916335	5.664692467	-112.4001124	333.1886169	332.4663192
	0.00894767088	1.63561987e-05	892.5618592	-6.336882333e-13	332.7183997	5.666282769	-107.0156592	333.1896147	332.5058742
	0.009015217611	1.635909898e-05	892.4137426	-6.326287368e-13	332.741859	5.667687207	-102.1132421	333.189509	332.5410217
	0.009078242915	1.636163643e-05	892.2860407	-6.302558913e-13	332.7621597	5.668912575	-97.69798124	333.1884925	332.5718897
	0.00913625353	1.636382805e-05	892.1774583	-6.268907699e-13	332.7794902	5.669967872	-93.76968625	333.1867738	332.5986576
	0.009188795442	1.636569399e-05	892.0865234	-6.228658012e-13	332.7940659	5.670863647	-90.32394346	333.1845693	332.621542
	0.009235457431	1.636725623e-05	892.0116714	-6.18512604e-13	332.8061171	5.671611329	-87.35324893	333.1820952	332.6407815
	0.009275874292	1.636853723e-05	891.9513279	-6.141500159e-13	332.8158762	5.672222567	-84.84814447	333.1795597	332.6566219
	0.009309729679	1.636955872e-05	891.9039892	-6.100727019e-13	332.8235656	5.672708582	-82.79831419	333.1771554	332.669302
	0.009336758546	1.637034051e-05	891.8682955	-6.065407136e-13	332.829387	5.673079589	-81.19360208	333.1750523	332.67904
	0.009356749079	1.637089945e-05	891.8430957	-6.037703481e-13	332.8335111	5.67334427	-80.02491868	333.173392	332.6860221
	0.009369543258	1.637124858e-05	891.8275028	-6.019267243e-13	332.8360697	5.673509334	-79.28505169	333.1722827	332.6903925
	0.009375	1.637139544e-05	891.8209794	-6.01123663e-13	332.8371417	5.673578705	-78.97142119	333.1717984	332.6922332

	0.009375	1.637342177e-05	891.6558327	-6.48725485e-13	332.8626912	5.674716513	-79.70142744	333.21091	332.711077
	0.009380456742	1.637359267e-05	891.6460901	-6.519212058e-13	332.8641356	5.674800392	-79.48282615	333.2114097	332.7129824
	0.009393250921	1.637399192e-05	891.6233365	-6.593642005e-13	332.8675091	5.674996334	-78.97168822	333.2125737	332.7174339
	0.009413241454	1.637461165e-05	891.5880358	-6.708536953e-13	332.8727434	5.675300445	-78.17699838	333.2143711	332.7243449
	0.009440270321	1.637544165e-05	891.5407933	-6.861170317e-13	332.8797495	5.675707672	-77.11016786	333.2167599	332.733603
	0.009474125708	1.637646844e-05	891.4824087	-7.0479512e-13	332.8884095	5.67621133	-75.78631238	333.2196849	332.7450596
	0.009514542569	1.637767551e-05	891.4138588	-7.264520913e-13	332.8985798	5.676803252	-74.22396651	333.223079	332.7585332
	0.009561204558	1.637904378e-05	891.3362735	-7.505876708e-13	332.9100939	5.677473983	-72.44468933	333.2268652	332.7738131
	0.00961374647	1.638055197e-05	891.2509087	-7.766514086e-13	332.922767	5.678212999	-70.47260549	333.2309587	332.7906652
	0.009671757085	1.638217716e-05	891.159116	-8.040582775e-13	332.9363998	5.679008962	-68.33389815	333.2352694	332.8088365
	0.009734782389	1.63838953e-05	891.0623112	-8.322051551e-13	332.9507838	5.679849974	-66.05626837	333.2397043	332.8280615
	0.00980232912	1.638568172e-05	890.9619407	-8.604876854e-13	332.9657056	5.680723852	-63.66837587	333.24417	332.8480678
	0.009873868633	1.638751172e-05	890.8594496	-8.883170081e-13	332.9809521	5.681618398	-61.19927622	333.2485756	332.8685821
	0.009948841034	1.638936107e-05	890.7562488	-9.151358498e-13	332.9963148	5.682521661	-58.6778696	333.2528348	332.8893363
	0.01002665956	1.639120651e-05	890.6536859	-9.404334912e-13	333.0115947	5.683422184	-56.13237536	333.2568684	332.9100723
	0.01010671518	1.639302624e-05	890.553017	-9.637591639e-13	333.0266058	5.684309234	-53.58984609	333.2606063	332.9305475
	0.01018838134	1.639480025e-05	890.4553831	-9.847334758e-13	333.0411791	5.685172997	-51.07573309	333.2639892	332.9505394
	0.0102710189	1.639651073e-05	890.3617899	-1.00305753e-12	333.0551651	5.686004749	-48.61351367	333.2669701	332.9698487
	0.0103539811	1.63981423e-05	890.2730929	-1.018519475e-12	333.0684364	5.686796983	-46.2243887	333.2695152	332.9883024
	0.01043661866	1.639968219e-05	890.1899862	-1.0309983e-12	333.0808892	5.687543496	-43.92705634	333.2716046	333.0057563
	0.01051828482	1.640112034e-05	890.1129975	-1.040464782e-12	333.0924439	5.688239447	-41.73756566	333.2732324	333.0220954
	0.01059834044	1.640244944e-05	890.0424874	-1.046979577e-12	333.1030455	5.688881351	-39.66925145	333.2744063	333.0372345
	0.01067615897	1.640366482e-05	889.9786548	-1.050688536e-12	333.1126626	5.689467057	-37.73274854	333.2751473	333.0511178
	0.01075113137	1.640476435e-05	889.9215457	-1.05181541e-12	333.1212862	5.689995666	-35.93608206	333.275488	333.0637168
	0.01082267088	1.64057482e-05	889.8710675	-1.050652206e-12	333.1289278	5.690467428	-34.28482746	333.2754718	333.0750283
	0.01089021761	1.640661858e-05	889.8270061	-1.047547498e-12	333.1356167	5.690883601	-32.782332	333.2751504	333.0850716
	0.01095324291	1.640737941e-05	889.789047	-1.042893096e-12	333.1413968	5.691246288	-31.42998772	333.2745825	333.0938848
	0.01101125353	1.640803594e-05	889.7567984	-1.037109493e-12	333.1463237	5.69155825	-30.22754449	333.2738311	333.1015207
	0.01106379544	1.640859438e-05	889.7298155	-1.030630581e-12	333.1504607	5.691822713	-29.17345051	333.2729613	333.1080431
	0.01111045743	1.640906146e-05	889.7076257	-1.023888104e-12	333.1538754	5.692043163	-28.26520693	333.272038	333.1135217
	0.01115087429	1.64094441e-05	889.6897543	-1.017296386e-12	333.156636	5.692223148	-27.49972335	333.2711237	333.1180285
	0.01118472968	1.640974895e-05	889.6757476	-1.011237781e-12	333.1588075	5.692366083	-26.87366084	333.2702759	333.1216332
	0.01121175855	1.640998206e-05	889.6651956	-1.006049366e-12	333.160449	5.692475071	-26.38375015	333.2695455	333.1243995
	0.01123174908	1.641014862e-05	889.6577516	-1.002011277e-12	333.1616103	5.692552752	-26.02707517	333.2689747	333.1263817
	0.01124454326	1.64102526e-05	889.653148	-9.993372707e-13	333.1623301	5.692601162	-25.80132594	333.2685956	333.1276219
	0.01125	1.641029633e-05	889.6512227	-9.981755326e-13	333.1626316	5.692621498	-25.70564344	333.2684308	333.1281441

	0.01125	1.641092613e-05	889.5993821	-1.996446834e-12	333.1704436	5.692973457	-25.95548771	333.2808103	333.1337034
	0.01125545674	1.641097766e-05	889.5964561	-1.992469668e-12	333.170866	5.692998552	-25.88845211	333.2809482	333.1342546
	0.01126825092	1.641109803e-05	889.5896225	-1.983147592e-12	333.1718525	5.693057172	-25.73169772	333.2812693	333.1355424
	0.01128824145	1.641128487e-05	889.5790208	-1.968590554e-12	333.1733834	5.693148154	-25.4879551	333.2817649	333.1375417
	0.01131527032	1.64115351e-05	889.5648329	-1.948924584e-12	333.1754327	5.693269986	-25.16068599	333.2824232	333.1402203
	0.01134912571	1.641184463e-05	889.5472994	-1.924318231e-12	333.1779663	5.693420668	-24.75447665	333.2832285	333.1435353
	0.01138954257	1.641220847e-05	889.5267138	-1.894981588e-12	333.1809425	5.693597758	-24.27495226	333.2841621	333.1474344
	0.01143620456	1.641262087e-05	889.5034158	-1.861164211e-12	333.1843129	5.693798428	-23.72865829	333.2852022	333.1518569
	0.01148874647	1.641307537e-05	889.4777829	-1.823152568e-12	333.1880239	5.694019531	-23.12292247	333.286325	333.1567353
	0.01154675709	1.641356507e-05	889.4502216	-1.781267122e-12	333.1920176	5.694257674	-22.4657022	333.287505	333.1619968
	0.01160978239	1.641408268e-05	889.4211573	-1.73585911e-12	333.1962334	5.694509299	-21.76542179	333.2887161	333.1675647
	0.01167732912	1.641462077e-05	889.3910247	-1.68730706e-12	333.2006092	5.694770762	-21.03080408	333.2899321	333.1733605
	0.01174886863	1.641517186e-05	889.3602582	-1.636013109e-12	333.2050829	5.695038414	-20.27070088	333.2911276	333.1793054
	0.01182384103	1.641572864e-05	889.3292818	-1.582399164e-12	333.209594	5.69530868	-19.49392673	333.2922784	333.1853219
	0.01190165956	1.641628409e-05	889.2985003	-1.526902959e-12	333.2140844	5.695578133	-18.70910042	333.2933623	333.1913355
	0.01198171518	1.641683163e-05	889.2682911	-1.469974061e-12	333.2184997	5.695843562	-17.92449816	333.29436	333.1972762
	0.01206338134	1.641736523e-05	889.2389969	-1.41206988e-12	333.2227907	5.696102031	-17.14792217	333.295255	333.2030795
	0.0121460189	1.641787952e-05	889.2109197	-1.353651717e-12	333.2269134	5.69635093	-16.38658768	333.2960346	333.2086878
	0.0122289811	1.641836988e-05	889.1843161	-1.295180899e-12	333.2308305	5.696588012	-15.64703092	333.2966895	333.2140509
	0.01231161866	1.641883246e-05	889.1593945	-1.237115039e-12	333.2345113	5.696811423	-14.93503994	333.2972147	333.2191268
	0.01239328482	1.641926424e-05	889.1363129	-1.179904456e-12	333.2379322	5.697019711	-14.25560926	333.297609	333.2238821
	0.01247334044	1.641966306e-05	889.1151792	-1.123988779e-12	333.2410766	5.697211835	-13.61291889	333.2978753	333.2282917
	0.01255115897	1.642002751e-05	889.0960525	-1.069793761e-12	333.2439347	5.697387148	-13.01033713	333.2980199	333.2323392
	0.01262613137	1.642035699e-05	889.078946	-1.017728317e-12	333.2465033	5.697545382	-12.4504461	333.2980528	333.2360159
	0.01269767088	1.642065158e-05	889.0638313	-9.681817971e-13	333.2487851	5.69768661	-11.93508826	333.2979869	333.2393203
	0.01276521761	1.642091198e-05	889.0506434	-9.215215116e-13	333.2507878	5.697811206	-11.46543128	333.2978373	333.2422576
	0.01282824291	1.642113939e-05	889.0392871	-8.780904903e-13	333.2525236	5.697919798	-11.04204848	333.2976212	333.2448382
	0.01288625353	1.642133545e-05	889.0296439	-8.382054929e-13	333.2540079	5.698013211	-10.66501123	333.2973571	333.2470769
	0.01293879544	1.642150205e-05	889.0215794	-8.02155253e-13	333.2552585	5.698092408	-10.33398975	333.297064	333.2489916
	0.01298545743	1.642164126e-05	889.0149512	-7.701989511e-13	333.2562944	5.698158431	-10.04835815	333.2967606	333.250602
	0.01302587429	1.642175518e-05	889.0096158	-7.425649065e-13	333.2571349	5.698212341	-9.807299899	333.2964651	333.2519284
	0.01305972968	1.642184586e-05	889.0054365	-7.194494776e-13	333.2577982	5.698255157	-9.609909572	333.2961942	333.2529905
	0.01308675855	1.642191515e-05	889.0022897	-7.01016171e-13	333.2583013	5.698287807	-9.455287407	333.2959627	333.2538065
	0.01310674908	1.642196462e-05	889.0000706	-6.873950081e-13	333.2586582	5.698311079	-9.34262354	333.2957827	333.2543917
	0.01311954326	1.642199549e-05	888.9986988	-6.786827012e-13	333.2588798	5.698325583	-9.271273543	333.2956636	333.2547581
	0.013125	1.642200846e-05	888.9981252	-6.749681676e-13	333.2589727	5.698331677	-9.241022181	333.2956119	333.2549124

	0.013125	1.642214852e-05	888.9824219	-1.269249916e-12	333.2618643	5.698429718	-9.331963258	333.300073	333.257056
	0.01313045674	1.642216505e-05	888.9815338	-1.283755468e-12	333.2619791	5.698437419	-9.310014369	333.3000956	333.2572049
	0.01314325092	1.642220363e-05	888.9794622	-1.317389349e-12	333.2622478	5.698455399	-9.258669738	333.3001485	333.2575536
	0.01316324145	1.642226334e-05	888.9762553	-1.368884198e-12	333.2626662	5.698483274	-9.178776284	333.3002304	333.2580968
	0.01319027032	1.642234299e-05	888.9719772	-1.436459634e-12	333.2632292	5.698520541	-9.071395614	333.3003397	333.2588281
	0.01322412571	1.642244101e-05	888.9667123	-1.517777442e-12	333.26393	5.698566538	-8.937935624	333.3004743	333.2597392
	0.01326454257	1.642255547e-05	888.9605637	-1.610013469e-12	333.2647603	5.698620452	-8.780126177	333.3006315	333.2608195
	0.01331120456	1.642268415e-05	888.95365	-1.709947678e-12	333.2657103	5.69868135	-8.599984762	333.3008083	333.2620569
	0.01336374647	1.642282461e-05	888.9461023	-1.814067309e-12	333.2667689	5.698748191	-8.39977639	333.3010015	333.2634376
	0.01342175709	1.642297422e-05	888.938061	-1.91867966e-12	333.2679241	5.698819861	-8.181969198	333.3012074	333.2649465
	0.01348478239	1.642313027e-05	888.9296717	-2.020030898e-12	333.269163	5.698895196	-7.949186984	333.3014224	333.2665673
	0.01355232912	1.642329e-05	888.921082	-2.114427128e-12	333.270472	5.698973009	-7.70415996	333.3016427	333.2682829
	0.01362386863	1.64234507e-05	888.9124376	-2.19835394e-12	333.2718373	5.69905212	-7.449675011	333.3018647	333.2700759
	0.01369884103	1.642360976e-05	888.9038782	-2.268590631e-12	333.2732448	5.699131382	-7.188526723	333.3020847	333.2719282
	0.01377665956	1.642376473e-05	888.8955352	-2.322315515e-12	333.2746805	5.699209708	-6.923470426	333.3022996	333.273822
	0.01385671518	1.642391339e-05	888.8875275	-2.357198996e-12	333.2761307	5.699286092	-6.657178405	333.3025061	333.2757396
	0.01393838134	1.642405379e-05	888.8799599	-2.371481448e-12	333.277582	5.69935963	-6.392200303	333.3027017	333.2776637
	0.0140210189	1.64241843e-05	888.8729204	-2.364033433e-12	333.2790217	5.699429537	-6.130928619	333.302884	333.2795778
	0.0141039811	1.642430361e-05	888.8664785	-2.334396337e-12	333.280438	5.699495161	-5.875570033	333.3030514	333.2814661
	0.01418661866	1.642441081e-05	888.8606847	-2.282802111e-12	333.2818197	5.699555987	-5.628123073	333.3032025	333.2833137
	0.01426828482	1.642450532e-05	888.8555697	-2.210171455e-12	333.2831567	5.699611646	-5.390362474	333.3033364	333.2851072
	0.01434834044	1.642458693e-05	888.851145	-2.11809046e-12	333.2844398	5.699661911	-5.16383035	333.3034529	333.2868338
	0.01442615897	1.642465581e-05	888.8474031	-2.0087664e-12	333.285661	5.699706695	-4.949834077	333.3035521	333.2884824
	0.01450113137	1.64247124e-05	888.8443194	-1.884964012e-12	333.2868133	5.69974604	-4.749450609	333.3036346	333.2900429
	0.01457267088	1.642475748e-05	888.841854	-1.749924204e-12	333.2878905	5.699780106	-4.563536732	333.3037012	333.2915065
	0.01464021761	1.642479204e-05	888.8399539	-1.60726771e-12	333.2888877	5.699809153	-4.392744581	333.3037535	333.2928656
	0.01470324291	1.642481728e-05	888.8385555	-1.460886644e-12	333.2898006	5.699833525	-4.237541631	333.3037928	333.2941138
	0.01476125353	1.642483453e-05	888.8375879	-1.314827319e-12	333.2906261	5.699853628	-4.098234192	333.3038209	333.2952457
	0.01481379544	1.642484521e-05	888.836976	-1.173167952e-12	333.2913614	5.699869908	-3.974993392	333.3038398	333.2962568
	0.01486045743	1.642485075e-05	888.8366433	-1.039895047e-12	333.2920045	5.699882831	-3.867882567	333.3038512	333.2971434
	0.01490087429	1.642485255e-05	888.8365152	-9.187822952e-13	333.2925542	5.699892856	-3.776884922	333.3038571	333.2979029
	0.01493472968	1.642485191e-05	888.8365225	-8.132757539e-13	333.2930092	5.699900419	-3.701930405	333.3038592	333.298533
	0.01496175855	1.642485001e-05	888.8366031	-7.263889431e-13	333.2933691	5.699905912	-3.642920769	333.3038589	333.299032
	0.01498174908	1.64248478e-05	888.8367056	-6.606114134e-13	333.2936332	5.699909662	-3.599752057	333.3038577	333.2993989
	0.01499454326	1.642484602e-05	888.8367902	-6.178364465e-13	333.2938013	5.699911923	-3.572335441	333.3038564	333.2996326
	0.015	1.642484518e-05	888.8368309	-5.994322049e-13	333.2938728	5.699912854	-3.560692506	333.3038557	333.299732
