1.0000e+00 1.0000e+00 0.0000e+00 1.3205e-04 3.8667e+00 -4.5586e+00 6.8464e-01 2.7528e+02 3.5052e+01 -3.0305e+00 -1.1906e+01 7.7878e+00 -4.4868e-01 -1.3562e-02 7.4132e+00 8.9638e-02 7.4896e+00 7.5635e+00 1.0000e+00 1.0000e+00 0.0000e+00 0.0000e+00
9.9497e-01 9.9497e-01 5.0251e-03 1.3058e-04 4.1839e+00 -4.4669e+00 6.1117e-01 2.7524e+02 3.3690e+01 -2.6621e+00 -1.1138e+01 7.6893e+00 -4.3963e-01 -1.8437e-02 7.3352e+00 8.3377e-02 7.4110e+00 7.4785e+00 9.9497e-01 9.9497e-01 5.0251e-03 8.7038e-06
9.8995e-01 9.8995e-01 1.0050e-02 1.2929e-04 4.3926e+00 -4.4231e+00 5.4288e-01 2.7521e+02 3.2609e+01 -2.2909e+00 -1.0518e+01 7.6045e+00 -4.3011e-01 -2.2025e-02 7.2662e+00 7.8352e-02 7.3415e+00 7.4041e+00 9.8995e-01 9.8995e-01 1.0050e-02 1.7408e-05
9.8492e-01 9.8492e-01 1.5075e-02 1.2818e-04 4.4903e+00 -4.4211e+00 4.7929e-01 2.7519e+02 3.1830e+01 -1.9366e+00 -1.0023e+01 7.5327e+00 -4.2014e-01 -2.4758e-02 7.2055e+00 7.4371e-02 7.2808e+00 7.3396e+00 9.8492e-01 9.8492e-01 1.5075e-02 2.6111e-05
9.7990e-01 9.7990e-01 2.0101e-02 1.2724e-04 4.4857e+00 -4.4522e+00 4.2140e-01 2.7517e+02 3.1339e+01 -1.6192e+00 -9.6304e+00 7.4738e+00 -4.1003e-01 -2.6947e-02 7.1527e+00 7.1264e-02 7.2289e+00 7.2851e+00 9.7990e-01 9.7990e-01 2.0101e-02 3.4815e-05
9.7487e-01 9.7487e-01 2.5126e-02 1.2642e-04 4.3752e+00 -4.5144e+00 3.6570e-01 2.7516e+02 3.1145e+01 -1.3375e+00 -9.3125e+00 7.4250e+00 -3.9944e-01 -2.8963e-02 7.1054e+00 6.8785e-02 7.1836e+00 7.2380e+00 9.7487e-01 9.7487e-01 2.5126e-02 4.3519e-05
9.6985e-01 9.6985e-01 3.0151e-02 1.2571e-04 4.1870e+00 -4.5961e+00 3.1298e-01 2.7515e+02 3.1173e+01 -1.0970e+00 -9.0440e+00 7.3847e+00 -3.8876e-01 -3.0962e-02 7.0627e+00 6.6735e-02 7.1442e+00 7.1972e+00 9.6985e-01 9.6985e-01 3.0151e-02 5.2223e-05
9.6482e-01 9.6482e-01 3.5176e-02 1.2510e-04 3.9482e+00 -4.6885e+00 2.6375e-01 2.7514e+02 3.1347e+01 -8.9502e-01 -8.8064e+00 7.3512e+00 -3.7829e-01 -3.2964e-02 7.0243e+00 6.4963e-02 7.1098e+00 7.1618e+00 9.6482e-01 9.6482e-01 3.5176e-02 6.0926e-05
9.5980e-01 9.5980e-01 4.0201e-02 1.2456e-04 3.6318e+00 -4.7984e+00 2.1537e-01 2.7514e+02 3.1738e+01 -7.3437e-01 -8.5964e+00 7.3246e+00 -3.6762e-01 -3.5171e-02 6.9891e+00 6.3441e-02 7.0799e+00 7.1312e+00 9.5980e-01 9.5980e-01 4.0201e-02 6.9630e-05
9.5477e-01 9.5477e-01 4.5226e-02 1.2409e-04 3.2966e+00 -4.9094e+00 1.7023e-01 2.7514e+02 3.2178e+01 -6.0294e-01 -8.3932e+00 7.3021e+00 -3.5743e-01 -3.7394e-02 6.9570e+00 6.2004e-02 7.0534e+00 7.1041e+00 9.5477e-01 9.5477e-01 4.5226e-02 7.8334e-05
9.4975e-01 9.4975e-01 5.0251e-02 1.2367e-04 2.9533e+00 -5.0198e+00 1.2781e-01 2.7514e+02 3.2634e+01 -4.9163e-01 -8.1908e+00 7.2825e+00 -3.4775e-01 -3.9579e-02 6.9275e+00 6.0604e-02 7.0295e+00 7.0798e+00 9.4975e-01 9.4975e-01 5.0251e-02 8.7038e-05
9.4472e-01 9.4472e-01 5.5276e-02 1.2329e-04 2.5825e+00 -5.1346e+00 8.6463e-02 2.7514e+02 3.3157e+01 -4.0179e-01 -7.9897e+00 7.2662e+00 -3.3826e-01 -4.1843e-02 6.8999e+00 5.9246e-02 7.0081e+00 7.0581e+00 9.4472e-01 9.4472e-01 5.5276e-02 9.5742e-05
9.3970e-01 9.3970e-01 6.0302e-02 1.2294e-04 2.2501e+00 -5.2377e+00 4.9538e-02 2.7514e+02 3.3556e+01 -3.1347e-01 -7.7760e+00 7.2506e+00 -3.2977e-01 -4.3795e-02 6.8750e+00 5.7832e-02 6.9884e+00 7.0380e+00 9.3970e-01 9.3970e-01 6.0302e-02 1.0445e-04
9.3467e-01 9.3467e-01 6.5327e-02 1.2261e-04 1.9373e+00 -5.3348e+00 1.5149e-02 2.7514e+02 3.3887e+01 -2.2369e-01 -7.5537e+00 7.2358e+00 -3.2187e-01 -4.5525e-02 6.8518e+00 5.6390e-02 6.9699e+00 7.0192e+00 9.3467e-01 9.3467e-01 6.5327e-02 1.1315e-04
9.2965e-01 9.2965e-01 7.0352e-02 1.2230e-04 1.6344e+00 -5.4285e+00 -1.7480e-02 2.7514e+02 3.4175e+01 -1.3272e-01 -7.3238e+00 7.2217e+00 -3.1439e-01 -4.7088e-02 6.8301e+00 5.4932e-02 6.9526e+00 7.0015e+00 9.2965e-01 9.2965e-01 7.0352e-02 1.2185e-04
9.2462e-01 9.2462e-01 7.5377e-02 1.2200e-04 1.4175e+00 -5.5008e+00 -4.4169e-02 2.7513e+02 3.4203e+01 -1.1682e-02 -7.0740e+00 7.2057e+00 -3.0822e-01 -4.7941e-02 6.8109e+00 5.3391e-02 6.9357e+00 6.9841e+00 9.2462e-01 9.2462e-01 7.5377e-02 1.3056e-04
9.1960e-01 9.1960e-01 8.0402e-02 1.2171e-04 1.2258e+00 -5.5665e+00 -6.8678e-02 2.7512e+02 3.4151e+01 1.2376e-01 -6.8155e+00 7.1894e+00 -3.0249e-01 -4.8488e-02 6.7930e+00 5.1843e-02 6.9193e+00 6.9672e+00 9.1960e-01 9.1960e-01 8.0402e-02 1.3926e-04
9.1457e-01 9.1457e-01 8.5427e-02 1.2143e-04 1.0736e+00 -5.6220e+00 -9.0238e-02 2.7510e+02 3.3979e+01 2.7996e-01 -6.5463e+00 7.1722e+00 -2.9731e-01 -4.8629e-02 6.7764e+00 5.0283e-02 6.9033e+00 6.9506e+00 9.1457e-01 9.1457e-01 8.5427e-02 1.4796e-04
9.0955e-01 9.0955e-01 9.0452e-02 1.2114e-04 1.0076e+00 -5.6557e+00 -1.0625e-01 2.7508e+02 3.3562e+01 4.7723e-01 -6.2594e+00 7.1523e+00 -2.9315e-01 -4.8015e-02 6.7618e+00 4.8695e-02 6.8871e+00 6.9337e+00 9.0955e-01 9.0955e-01 9.0452e-02 1.5667e-04
9.0452e-01 9.0452e-01 9.5477e-02 1.2087e-04 9.6089e-01 -5.6826e+00 -1.2041e-01 2.7505e+02 3.3097e+01 6.9199e-01 -5.9645e+00 7.1319e+00 -2.8916e-01 -4.7116e-02 6.7482e+00 4.7143e-02 6.8713e+00 6.9171e+00 9.0452e-01 9.0452e-01 9.5477e-02 1.6537e-04
8.9950e-01 8.9950e-01 1.0050e-01 1.2059e-04 9.6240e-01 -5.6952e+00 -1.3117e-01 2.7501e+02 3.2510e+01 9.3402e-01 -5.6570e+00 7.1098e+00 -2.8564e-01 -4.5744e-02 6.7358e+00 4.5613e-02 6.8554e+00 6.9003e+00 8.9950e-01 8.9950e-01 1.0050e-01 1.7408e-04
8.9447e-01 8.9447e-01 1.0553e-01 1.2031e-04 1.0209e+00 -5.6897e+00 -1.3803e-01 2.7496e+02 3.1788e+01 1.2058e+00 -5.3344e+00 7.0857e+00 -2.8261e-01 -4.3845e-02 6.7247e+00 4.4114e-02 6.8395e+00 6.8833e+00 8.9447e-01 8.9447e-01 1.0553e-01 1.8278e-04
8.8945e-01 8.8945e-01 1.1055e-01 1.2005e-04 1.0727e+00 -5.6793e+00 -1.4447e-01 2.7491e+02 3.1119e+01 1.4815e+00 -5.0028e+00 7.0617e+00 -2.7933e-01 -4.1854e-02 6.7141e+00 4.2700e-02 6.8240e+00 6.8666e+00 8.8945e-01 8.8945e-01 1.1055e-01 1.9148e-04
8.8442e-01 8.8442e-01 1.1558e-01 1.1978e-04 1.1576e+00 -5.6532e+00 -1.4853e-01 2.7485e+02 3.0405e+01 1.7712e+00 -4.6552e+00 7.0364e+00 -2.7622e-01 -3.9520e-02 6.7045e+00 4.1347e-02 6.8087e+00 6.8499e+00 8.8442e-01 8.8442e-01 1.1558e-01 2.0019e-04
8.7940e-01 8.7940e-01 1.2060e-01 1.1952e-04 1.2493e+00 -5.6156e+00 -1.5187e-01 2.7477e+02 2.9730e+01 2.0592e+00 -4.2920e+00 7.0109e+00 -2.7300e-01 -3.7027e-02 6.6955e+00 4.0074e-02 6.7938e+00 6.8334e+00 8.7940e-01 8.7940e-01 1.2060e-01 2.0889e-04
8.7437e-01 8.7437e-01 1.2563e-01 1.1923e-04 1.2998e+00 -5.5698e+00 -7.9147e-02 2.7468e+02 2.6537e+01 2.6904e+00 -3.6234e+00 6.9782e+00 -2.6506e-01 -3.3807e-02 6.6840e+00 3.9992e-02 6.7804e+00 6.8142e+00 8.7437e-01 8.7437e-01 1.2563e-01 2.1759e-04
8.6935e-01 8.6935e-01 1.3065e-01 1.1900e-04 1.2339e+00 -5.5251e+00 -6.5070e-02 2.7467e+02 2.6791e+01 2.5529e+00 -3.6322e+00 6.9596e+00 -2.6355e-01 -3.2299e-02 6.6753e+00 3.8533e-02 6.7670e+00 6.8007e+00 8.6935e-01 8.6935e-01 1.3065e-01 2.2630e-04
8.6432e-01 8.6432e-01 1.3568e-01 1.1877e-04 1.1605e+00 -5.4835e+00 -5.1471e-02 2.7466e+02 2.7049e+01 2.4286e+00 -3.6441e+00 6.9417e+00 -2.6171e-01 -3.0865e-02 6.6669e+00 3.7169e-02 6.7543e+00 6.7876e+00 8.6432e-01 8.6432e-01 1.3568e-01 2.3500e-04
8.5930e-01 8.5930e-01 1.4070e-01 1.1856e-04 1.0784e+00 -5.4450e+00 -3.8202e-02 2.7464e+02 2.7315e+01 2.3157e+00 -3.6588e+00 6.9245e+00 -2.5955e-01 -2.9499e-02 6.6588e+00 3.5886e-02 6.7420e+00 6.7751e+00 8.5930e-01 8.5930e-01 1.4070e-01 2.4371e-04
8.5427e-01 8.5427e-01 1.4573e-01 1.1835e-04 9.9436e-01 -5.4081e+00 -2.6030e-02 2.7463e+02 2.7575e+01 2.2115e+00 -3.6748e+00 6.9080e+00 -2.5717e-01 -2.8237e-02 6.6510e+00 3.4690e-02 6.7303e+00 6.7631e+00 8.5427e-01 8.5427e-01 1.4573e-01 2.5241e-04
8.4925e-01 8.4925e-01 1.5075e-01 1.1816e-04 9.0441e-01 -5.3730e+00 -1.4324e-02 2.7463e+02 2.7841e+01 2.1128e+00 -3.6926e+00 6.8922e+00 -2.5457e-01 -2.7043e-02 6.6434e+00 3.3551e-02 6.7191e+00 6.7516e+00 8.4925e-01 8.4925e-01 1.5075e-01 2.6111e-04
8.4422e-01 8.4422e-01 1.5578e-01 1.1796e-04 8.1032e-01 -5.3392e+00 -3.2332e-03 2.7462e+02 2.8111e+01 2.0181e+00 -3.7115e+00 6.8770e+00 -2.5180e-01 -2.5921e-02 6.6361e+00 3.2464e-02 6.7083e+00 6.7405e+00 8.4422e-01 8.4422e-01 1.5578e-01 2.6982e-04
8.3920e-01 8.3920e-01 1.6080e-01 1.1778e-04 7.1777e-01 -5.3051e+00 6.6363e-03 2.7462e+02 2.8374e+01 1.9226e+00 -3.7305e+00 6.8624e+00 -2.4896e-01 -2.4890e-02 6.6290e+00 3.1428e-02 6.6980e+00 6.7298e+00 8.3920e-01 8.3920e-01 1.6080e-01 2.7852e-04
8.3417e-01 8.3417e-01 1.6583e-01 1.1760e-04 6.2067e-01 -5.2718e+00 1.5905e-02 2.7461e+02 2.8642e+01 1.8278e+00 -3.7501e+00 6.8483e+00 -2.4596e-01 -2.3928e-02 6.6222e+00 3.0433e-02 6.6880e+00 6.7195e+00 8.3417e-01 8.3417e-01 1.6583e-01 2.8722e-04
8.2915e-01 8.2915e-01 1.7085e-01 1.1743e-04 5.2384e-01 -5.2381e+00 2.4208e-02 2.7461e+02 2.8906e+01 1.7303e+00 -3.7695e+00 6.8348e+00 -2.4292e-01 -2.3037e-02 6.6155e+00 2.9471e-02 6.6783e+00 6.7095e+00 8.2915e-01 8.2915e-01 1.7085e-01 2.9593e-04
8.2412e-01 8.2412e-01 1.7588e-01 1.1726e-04 4.3055e-01 -5.2028e+00 3.1232e-02 2.7461e+02 2.9160e+01 1.6275e+00 -3.7880e+00 6.8217e+00 -2.3991e-01 -2.2224e-02 6.6091e+00 2.8539e-02 6.6690e+00 6.7000e+00 8.2412e-01 8.2412e-01 1.7588e-01 3.0463e-04
8.1910e-01 8.1910e-01 1.8090e-01 1.1710e-04 3.3388e-01 -5.1677e+00 3.7484e-02 2.7461e+02 2.9417e+01 1.5223e+00 -3.8064e+00 6.8092e+00 -2.3680e-01 -2.1477e-02 6.6028e+00 2.7638e-02 6.6601e+00 6.6907e+00 8.1910e-01 8.1910e-01 1.8090e-01 3.1334e-04
8.1407e-01 8.1407e-01 1.8593e-01 1.1694e-04 2.4152e-01 -5.1305e+00 4.2405e-02 2.7461e+02 2.9661e+01 1.4109e+00 -3.8233e+00 6.7971e+00 -2.3375e-01 -2.0801e-02 6.5967e+00 2.6761e-02 6.6514e+00 6.6817e+00 8.1407e-01 8.1407e-01 1.8593e-01 3.2204e-04
8.0905e-01 8.0905e-01 1.9095e-01 1.1679e-04 1.5283e-01 -5.0913e+00 4.6046e-02 2.7461e+02 2.9892e+01 1.2939e+00 -3.8389e+00 6.7854e+00 -2.3076e-01 -2.0190e-02 6.5908e+00 2.5907e-02 6.6429e+00 6.6731e+00 8.0905e-01 8.0905e-01 1.9095e-01 3.3074e-04
8.0402e-01 8.0402e-01 1.9598e-01 1.1664e-04 6.2751e-02 -5.0515e+00 4.8776e-02 2.7461e+02 3.0120e+01 1.1745e+00 -3.8534e+00 6.7742e+00 -2.2775e-01 -1.9638e-02 6.5850e+00 2.5076e-02 6.6348e+00 6.6647e+00 8.0402e-01 8.0402e-01 1.9598e-01 3.3945e-04
7.9899e-01 7.9899e-01 2.0101e-01 1.1650e-04 -2.0181e-02 -5.0087e+00 4.9815e-02 2.7462e+02 3.0324e+01 1.0493e+00 -3.8655e+00 6.7633e+00 -2.2486e-01 -1.9155e-02 6.5794e+00 2.4266e-02 6.6268e+00 6.6565e+00 7.9899e-01 7.9899e-01 2.0101e-01 3.4815e-04
7.9397e-01 7.9397e-01 2.0603e-01 1.1636e-04 -1.0045e-01 -4.9642e+00 4.9639e-02 2.7462e+02 3.0514e+01 9.2261e-01 -3.8757e+00 6.7527e+00 -2.2204e-01 -1.8727e-02 6.5740e+00 2.3477e-02 6.6191e+00 6.6486e+00 7.9397e-01 7.9397e-01 2.0603e-01 3.5685e-04
7.8894e-01 7.8894e-01 2.1106e-01 1.1622e-04 -1.8062e-01 -4.9187e+00 4.8476e-02 2.7462e+02 3.0694e+01 7.9681e-01 -3.8841e+00 6.7425e+00 -2.1922e-01 -1.8348e-02 6.5686e+00 2.2707e-02 6.6116e+00 6.6409e+00 7.8894e-01 7.8894e-01 2.1106e-01 3.6556e-04
7.8392e-01 7.8392e-01 2.1608e-01 1.1609e-04 -2.5166e-01 -4.8697e+00 4.5283e-02 2.7462e+02 3.0840e+01 6.7140e-01 -3.8887e+00 6.7327e+00 -2.1657e-01 -1.8036e-02 6.5635e+00 2.1962e-02 6.6043e+00 6.6335e+00 7.8392e-01 7.8392e-01 2.1608e-01 3.7426e-04
7.7889e-01 7.7889e-01 2.2111e-01 1.1597e-04 -3.2193e-01 -4.8197e+00 4.1018e-02 2.7462e+02 3.0970e+01 5.5204e-01 -3.8908e+00 6.7231e+00 -2.1395e-01 -1.7769e-02 6.5584e+00 2.1237e-02 6.5972e+00 6.6262e+00 7.7889e-01 7.7889e-01 2.2111e-01 3.8297e-04
7.7387e-01 7.7387e-01 2.2613e-01 1.1584e-04 -3.9032e-01 -4.7686e+00 3.5565e-02 2.7462e+02 3.1080e+01 4.4039e-01 -3.8899e+00 6.7138e+00 -2.1136e-01 -1.7548e-02 6.5534e+00 2.0532e-02 6.5903e+00 6.6192e+00 7.7387e-01 7.7387e-01 2.2613e-01 3.9167e-04
7.6884e-01 7.6884e-01 2.3116e-01 1.1573e-04 -4.5075e-01 -4.7147e+00 2.8150e-02 2.7461e+02 3.1151e+01 3.4122e-01 -3.8839e+00 6.7048e+00 -2.0891e-01 -1.7380e-02 6.5487e+00 1.9854e-02 6.5836e+00 6.6124e+00 7.6884e-01 7.6884e-01 2.3116e-01 4.0037e-04
7.6382e-01 7.6382e-01 2.3618e-01 1.1561e-04 -5.1208e-01 -4.6608e+00 1.9696e-02 2.7461e+02 3.1203e+01 2.5920e-01 -3.8741e+00 6.6961e+00 -2.0643e-01 -1.7254e-02 6.5440e+00 1.9200e-02 6.5771e+00 6.6057e+00 7.6382e-01 7.6382e-01 2.3618e-01 4.0908e-04
7.5879e-01 7.5879e-01 2.4121e-01 1.1550e-04 -5.7035e-01 -4.6060e+00 9.8421e-03 2.7460e+02 3.1224e+01 1.9685e-01 -3.8593e+00 6.6876e+00 -2.0400e-01 -1.7169e-02 6.5394e+00 1.8570e-02 6.5708e+00 6.5993e+00 7.5879e-01 7.5879e-01 2.4121e-01 4.1778e-04
7.5377e-01 7.5377e-01 2.4623e-01 1.1540e-04 -6.2334e-01 -4.5500e+00 -1.7482e-03 2.7459e+02 3.1204e+01 1.6129e-01 -3.8379e+00 6.6794e+00 -2.0163e-01 -1.7125e-02 6.5350e+00 1.7969e-02 6.5646e+00 6.5930e+00 7.5377e-01 7.5377e-01 2.4623e-01 4.2648e-04
7.4874e-01 7.4874e-01 2.5126e-01 1.1532e-04 -7.1902e-01 -4.5318e+00 -4.0777e-02 2.7452e+02 3.1599e+01 4.3774e-01 -3.6606e+00 6.6716e+00 -1.9794e-01 -1.7311e-02 6.5306e+00 1.7719e-02 6.5595e+00 6.5872e+00 7.4874e-01 7.4874e-01 2.5126e-01 4.3519e-04
7.4372e-01 7.4372e-01 2.5628e-01 1.1519e-04 -7.5828e-01 -4.4524e+00 -3.4658e-02 2.7452e+02 3.1034e+01 2.7050e-01 -3.5599e+00 6.6605e+00 -1.9553e-01 -1.6738e-02 6.5262e+00 1.6970e-02 6.5524e+00 6.5797e+00 7.4372e-01 7.4372e-01 2.5628e-01 4.4389e-04
7.3869e-01 7.3869e-01 2.6131e-01 1.1507e-04 -8.0545e-01 -4.3742e+00 -3.0612e-02 2.7451e+02 3.0527e+01 1.2700e-01 -3.4420e+00 6.6496e+00 -1.9300e-01 -1.6172e-02 6.5220e+00 1.6255e-02 6.5455e+00 6.5724e+00 7.3869e-01 7.3869e-01 2.6131e-01 4.5260e-04
7.3367e-01 7.3367e-01 2.6633e-01 1.1495e-04 -8.6162e-01 -4.2976e+00 -2.8454e-02 2.7450e+02 3.0076e+01 7.7129e-03 -3.3091e+00 6.6389e+00 -1.9031e-01 -1.5614e-02 6.5178e+00 1.5575e-02 6.5388e+00 6.5652e+00 7.3367e-01 7.3367e-01 2.6633e-01 4.6130e-04
7.2864e-01 7.2864e-01 2.7136e-01 1.1483e-04 -9.2356e-01 -4.2212e+00 -2.7607e-02 2.7448e+02 2.9671e+01 -9.3340e-02 -3.1671e+00 6.6285e+00 -1.8753e-01 -1.5064e-02 6.5136e+00 1.4920e-02 6.5323e+00 6.5581e+00 7.2864e-01 7.2864e-01 2.7136e-01 4.7000e-04
7.2362e-01 7.2362e-01 2.7638e-01 1.1472e-04 -9.9075e-01 -4.1451e+00 -2.7658e-02 2.7446e+02 2.9302e+01 -1.7982e-01 -3.0196e+00 6.6182e+00 -1.8465e-01 -1.4522e-02 6.5095e+00 1.4284e-02 6.5259e+00 6.5512e+00 7.2362e-01 7.2362e-01 2.7638e-01 4.7871e-04
7.1859e-01 7.1859e-01 2.8141e-01 1.1461e-04 -1.0635e+00 -4.0694e+00 -2.8457e-02 2.7443e+02 2.8967e+01 -2.5201e-01 -2.8683e+00 6.6082e+00 -1.8167e-01 -1.3988e-02 6.5054e+00 1.3668e-02 6.5197e+00 6.5444e+00 7.1859e-01 7.1859e-01 2.8141e-01 4.8741e-04
7.1357e-01 7.1357e-01 2.8643e-01 1.1451e-04 -1.1389e+00 -3.9927e+00 -2.9522e-02 2.7440e+02 2.8658e+01 -3.1588e-01 -2.7181e+00 6.5984e+00 -1.7863e-01 -1.3464e-02 6.5014e+00 1.3064e-02 6.5136e+00 6.5378e+00 7.1357e-01 7.1357e-01 2.8643e-01 4.9612e-04
7.0854e-01 7.0854e-01 2.9146e-01 1.1441e-04 -1.2177e+00 -3.9156e+00 -3.0779e-02 2.7437e+02 2.8370e+01 -3.7173e-01 -2.5693e+00 6.5888e+00 -1.7552e-01 -1.2947e-02 6.4973e+00 1.2472e-02 6.5076e+00 6.5313e+00 7.0854e-01 7.0854e-01 2.9146e-01 5.0482e-04
7.0352e-01 7.0352e-01 2.9648e-01 1.1431e-04 -1.2993e+00 -3.8379e+00 -3.2065e-02 2.7434e+02 2.8100e+01 -4.2147e-01 -2.4233e+00 6.5794e+00 -1.7235e-01 -1.2438e-02 6.4933e+00 1.1888e-02 6.5018e+00 6.5248e+00 7.0352e-01 7.0352e-01 2.9648e-01 5.1352e-04
6.9849e-01 6.9849e-01 3.0151e-01 1.1421e-04 -1.3808e+00 -3.7583e+00 -3.2949e-02 2.7431e+02 2.7839e+01 -4.7174e-01 -2.2844e+00 6.5702e+00 -1.6916e-01 -1.1935e-02 6.4893e+00 1.1308e-02 6.4960e+00 6.5185e+00 6.9849e-01 6.9849e-01 3.0151e-01 5.2223e-04
6.9347e-01 6.9347e-01 3.0653e-01 1.1412e-04 -1.4648e+00 -3.6780e+00 -3.3657e-02 2.7427e+02 2.7591e+01 -5.1839e-01 -2.1503e+00 6.5612e+00 -1.6591e-01 -1.1440e-02 6.4853e+00 1.0736e-02 6.4904e+00 6.5123e+00 6.9347e-01 6.9347e-01 3.0653e-01 5.3093e-04
6.8844e-01 6.8844e-01 3.1156e-01 1.1402e-04 -1.5490e+00 -3.5961e+00 -3.3960e-02 2.7424e+02 2.7350e+01 -5.6613e-01 -2.0229e+00 6.5525e+00 -1.6263e-01 -1.0950e-02 6.4813e+00 1.0168e-02 6.4848e+00 6.5062e+00 6.8844e-01 6.8844e-01 3.1156e-01 5.3963e-04
6.8342e-01 6.8342e-01 3.1658e-01 1.1393e-04 -1.6318e+00 -3.5120e+00 -3.3662e-02 2.7420e+02 2.7109e+01 -6.1947e-01 -1.9039e+00 6.5439e+00 -1.5935e-01 -1.0464e-02 6.4773e+00 9.6001e-03 6.4794e+00 6.5002e+00 6.8342e-01 6.8342e-01 3.1658e-01 5.4834e-04
6.7839e-01 6.7839e-01 3.2161e-01 1.1384e-04 -1.7162e+00 -3.4269e+00 -3.3044e-02 2.7416e+02 2.6879e+01 -6.7233e-01 -1.7911e+00 6.5355e+00 -1.5601e-01 -9.9844e-03 6.4732e+00 9.0398e-03 6.4740e+00 6.4942e+00 6.7839e-01 6.7839e-01 3.2161e-01 5.5704e-04
6.7337e-01 6.7337e-01 3.2663e-01 1.1376e-04 -1.7990e+00 -3.3395e+00 -3.1861e-02 2.7413e+02 2.6648e+01 -7.3188e-01 -1.6862e+00 6.5273e+00 -1.5268e-01 -9.5086e-03 6.4692e+00 8.4811e-03 6.4687e+00 6.4884e+00 6.7337e-01 6.7337e-01 3.2663e-01 5.6575e-04
6.6834e-01 6.6834e-01 3.3166e-01 1.1367e-04 -1.8801e+00 -3.2501e+00 -3.0184e-02 2.7409e+02 2.6417e+01 -7.9819e-01 -1.5885e+00 6.5193e+00 -1.4935e-01 -9.0359e-03 6.4652e+00 7.9251e-03 6.4634e+00 6.4826e+00 6.6834e-01 6.6834e-01 3.3166e-01 5.7445e-04
6.6332e-01 6.6332e-01 3.3668e-01 1.1359e-04 -1.9622e+00 -3.1595e+00 -2.8255e-02 2.7405e+02 2.6197e+01 -8.6602e-01 -1.4962e+00 6.5114e+00 -1.4597e-01 -8.5696e-03 6.4611e+00 7.3780e-03 6.4582e+00 6.4769e+00 6.6332e-01 6.6332e-01 3.3668e-01 5.8315e-04
6.5829e-01 6.5829e-01 3.4171e-01 1.1350e-04 -2.0415e+00 -3.0663e+00 -2.5849e-02 2.7402e+02 2.5975e+01 -9.4336e-01 -1.4109e+00 6.5038e+00 -1.4261e-01 -8.1061e-03 6.4570e+00 6.8347e-03 6.4531e+00 6.4713e+00 6.5829e-01 6.5829e-01 3.4171e-01 5.9186e-04
6.5327e-01 6.5327e-01 3.4673e-01 1.1342e-04 -2.1198e+00 -2.9716e+00 -2.3237e-02 2.7398e+02 2.5761e+01 -1.0254e+00 -1.3303e+00 6.4963e+00 -1.3924e-01 -7.6472e-03 6.4529e+00 6.2995e-03 6.4480e+00 6.4657e+00 6.5327e-01 6.5327e-01 3.4673e-01 6.0056e-04
6.4824e-01 6.4824e-01 3.5176e-01 1.1334e-04 -2.1987e+00 -2.8758e+00 -2.0578e-02 2.7395e+02 2.5558e+01 -1.1089e+00 -1.2530e+00 6.4889e+00 -1.3583e-01 -7.1952e-03 6.4488e+00 5.7757e-03 6.4431e+00 6.4603e+00 6.4824e-01 6.4824e-01 3.5176e-01 6.0926e-04
6.4322e-01 6.4322e-01 3.5678e-01 1.1326e-04 -2.2745e+00 -2.7777e+00 -1.7744e-02 2.7391e+02 2.5362e+01 -1.2011e+00 -1.1804e+00 6.4818e+00 -1.3244e-01 -6.7479e-03 6.4447e+00 5.2623e-03 6.4381e+00 6.4549e+00 6.4322e-01 6.4322e-01 3.5678e-01 6.1797e-04
6.3819e-01 6.3819e-01 3.6181e-01 1.1318e-04 -2.3507e+00 -2.6787e+00 -1.5066e-02 2.7388e+02 2.5183e+01 -1.2933e+00 -1.1096e+00 6.4747e+00 -1.2901e-01 -6.3089e-03 6.4405e+00 4.7637e-03 6.4333e+00 6.4495e+00 6.3819e-01 6.3819e-01 3.6181e-01 6.2667e-04
6.3317e-01 6.3317e-01 3.6683e-01 1.1310e-04 -2.4271e+00 -2.5790e+00 -1.2595e-02 2.7385e+02 2.5021e+01 -1.3849e+00 -1.0401e+00 6.4679e+00 -1.2554e-01 -5.8794e-03 6.4364e+00 4.2812e-03 6.4285e+00 6.4443e+00 6.3317e-01 6.3317e-01 3.6683e-01 6.3538e-04
6.2814e-01 6.2814e-01 3.7186e-01 1.1302e-04 -2.5015e+00 -2.4779e+00 -1.0390e-02 2.7381e+02 2.4880e+01 -1.4787e+00 -9.7192e-01 6.4612e+00 -1.2208e-01 -5.4593e-03 6.4323e+00 3.8174e-03 6.4238e+00 6.4391e+00 6.2814e-01 6.2814e-01 3.7186e-01 6.4408e-04
6.2312e-01 6.2312e-01 3.7688e-01 1.1295e-04 -2.6240e+00 -2.3826e+00 -8.1466e-03 2.7377e+02 2.4960e+01 -1.5018e+00 -9.1670e-01 6.4549e+00 -1.1735e-01 -5.0314e-03 6.4282e+00 3.3545e-03 6.4194e+00 6.4342e+00 6.2312e-01 6.2312e-01 3.7688e-01 6.5278e-04
6.1809e-01 6.1809e-01 3.8191e-01 1.1287e-04 -2.6934e+00 -2.2726e+00 -7.1309e-03 2.7374e+02 2.4765e+01 -1.6376e+00 -8.3856e-01 6.4479e+00 -1.1425e-01 -4.6275e-03 6.4239e+00 2.9528e-03 6.4147e+00 6.4288e+00 6.1809e-01 6.1809e-01 3.8191e-01 6.6149e-04
6.1307e-01 6.1307e-01 3.8693e-01 1.1279e-04 -2.7601e+00 -2.1666e+00 -6.9358e-03 2.7371e+02 2.4553e+01 -1.7352e+00 -7.6107e-01 6.4412e+00 -1.1118e-01 -4.2673e-03 6.4197e+00 2.5920e-03 6.4101e+00 6.4237e+00 6.1307e-01 6.1307e-01 3.8693e-01 6.7019e-04
6.0804e-01 6.0804e-01 3.9196e-01 1.1272e-04 -2.8260e+00 -2.0644e+00 -7.3496e-03 2.7368e+02 2.4332e+01 -1.7983e+00 -6.8535e-01 6.4348e+00 -1.0810e-01 -3.9447e-03 6.4156e+00 2.2672e-03 6.4056e+00 6.4187e+00 6.0804e-01 6.0804e-01 3.9196e-01 6.7889e-04
6.0302e-01 6.0302e-01 3.9698e-01 1.1264e-04 -2.8897e+00 -1.9648e+00 -8.0983e-03 2.7365e+02 2.4099e+01 -1.8365e+00 -6.1259e-01 6.4286e+00 -1.0506e-01 -3.6550e-03 6.4115e+00 1.9685e-03 6.4013e+00 6.4138e+00 6.0302e-01 6.0302e-01 3.9698e-01 6.8760e-04
5.9799e-01 5.9799e-01 4.0201e-01 1.1257e-04 -2.9512e+00 -1.8670e+00 -8.9980e-03 2.7362e+02 2.3858e+01 -1.8564e+00 -5.4365e-01 6.4227e+00 -1.0203e-01 -3.3933e-03 6.4074e+00 1.6904e-03 6.3971e+00 6.4091e+00 5.9799e-01 5.9799e-01 4.0201e-01 6.9630e-04
5.9296e-01 5.9296e-01 4.0704e-01 1.1250e-04 -3.0121e+00 -1.7711e+00 -9.9624e-03 2.7359e+02 2.3613e+01 -1.8580e+00 -4.7905e-01 6.4170e+00 -9.9009e-02 -3.1574e-03 6.4034e+00 1.4322e-03 6.3929e+00 6.4044e+00 5.9296e-01 5.9296e-01 4.0704e-01 7.0501e-04
5.8794e-01 5.8794e-01 4.1206e-01 1.1244e-04 -3.0704e+00 -1.6759e+00 -1.0805e-02 2.7356e+02 2.3363e+01 -1.8518e+00 -4.1976e-01 6.4115e+00 -9.6017e-02 -2.9440e-03 6.3993e+00 1.1872e-03 6.3889e+00 6.3999e+00 5.8794e-01 5.8794e-01 4.1206e-01 7.1371e-04
5.8291e-01 5.8291e-01 4.1709e-01 1.1237e-04 -3.1274e+00 -1.5809e+00 -1.1474e-02 2.7353e+02 2.3111e+01 -1.8411e+00 -3.6542e-01 6.4063e+00 -9.3034e-02 -2.7475e-03 6.3952e+00 9.5297e-04 6.3850e+00 6.3955e+00 5.8291e-01 5.8291e-01 4.1709e-01 7.2241e-04
5.7789e-01 5.7789e-01 4.2211e-01 1.1231e-04 -3.1839e+00 -1.4864e+00 -1.1948e-02 2.7350e+02 2.2863e+01 -1.8263e+00 -3.1596e-01 6.4012e+00 -9.0046e-02 -2.5662e-03 6.3911e+00 7.2919e-04 6.3811e+00 6.3911e+00 5.7789e-01 5.7789e-01 4.2211e-01 7.3112e-04
5.7286e-01 5.7286e-01 4.2714e-01 1.1224e-04 -3.2378e+00 -1.3907e+00 -1.2065e-02 2.7347e+02 2.2617e+01 -1.8195e+00 -2.7274e-01 6.3964e+00 -8.7088e-02 -2.3978e-03 6.3869e+00 5.1264e-04 6.3773e+00 6.3869e+00 5.7286e-01 5.7286e-01 4.2714e-01 7.3982e-04
5.6784e-01 5.6784e-01 4.3216e-01 1.1218e-04 -3.2913e+00 -1.2945e+00 -1.1928e-02 2.7345e+02 2.2378e+01 -1.8177e+00 -2.3414e-01 6.3917e+00 -8.4124e-02 -2.2384e-03 6.3827e+00 3.0385e-04 6.3735e+00 6.3826e+00 5.6784e-01 5.6784e-01 4.3216e-01 7.4852e-04
5.6281e-01 5.6281e-01 4.3719e-01 1.1212e-04 -3.3442e+00 -1.1976e+00 -1.1536e-02 2.7342e+02 2.2148e+01 -1.8229e+00 -1.9998e-01 6.3872e+00 -8.1153e-02 -2.0865e-03 6.3784e+00 1.0265e-04 6.3698e+00 6.3785e+00 5.6281e-01 5.6281e-01 4.3719e-01 7.5723e-04
5.5779e-01 5.5779e-01 4.4221e-01 1.1206e-04 -3.3952e+00 -1.0983e+00 -1.0809e-02 2.7339e+02 2.1929e+01 -1.8481e+00 -1.7100e-01 6.3829e+00 -7.8201e-02 -1.9383e-03 6.3740e+00 -9.1625e-05 6.3662e+00 6.3744e+00 5.5779e-01 5.5779e-01 4.4221e-01 7.6593e-04
5.5276e-01 5.5276e-01 4.4724e-01 1.1199e-04 -3.4465e+00 -9.9796e-01 -9.8975e-03 2.7337e+02 2.1726e+01 -1.8843e+00 -1.4563e-01 6.3787e+00 -7.5226e-02 -1.7941e-03 6.3696e+00 -2.7591e-04 6.3626e+00 6.3703e+00 5.5276e-01 5.5276e-01 4.4724e-01 7.7464e-04
5.4774e-01 5.4774e-01 4.5226e-01 1.1193e-04 -3.4974e+00 -8.9595e-01 -8.8188e-03 2.7335e+02 2.1538e+01 -1.9373e+00 -1.2355e-01 6.3746e+00 -7.2243e-02 -1.6513e-03 6.3651e+00 -4.5070e-04 6.3590e+00 6.3662e+00 5.4774e-01 5.4774e-01 4.5226e-01 7.8334e-04
5.4271e-01 5.4271e-01 4.5729e-01 1.1187e-04 -3.5474e+00 -7.9142e-01 -7.6107e-03 2.7333e+02 2.1369e+01 -2.0148e+00 -1.0441e-01 6.3707e+00 -6.9260e-02 -1.5061e-03 6.3604e+00 -6.1452e-04 6.3555e+00 6.3622e+00 5.4271e-01 5.4271e-01 4.5729e-01 7.9204e-04
5.3769e-01 5.3769e-01 4.6231e-01 1.1181e-04 -3.5984e+00 -6.8567e-01 -6.4132e-03 2.7331e+02 2.1224e+01 -2.1077e+00 -8.7313e-02 6.3669e+00 -6.6239e-02 -1.3618e-03 6.3558e+00 -7.6210e-04 6.3520e+00 6.3582e+00 5.3769e-01 5.3769e-01 4.6231e-01 8.0075e-04
5.3266e-01 5.3266e-01 4.6734e-01 1.1174e-04 -3.6492e+00 -5.7770e-01 -5.2655e-03 2.7330e+02 2.1103e+01 -2.2242e+00 -7.1630e-02 6.3631e+00 -6.3203e-02 -1.2137e-03 6.3510e+00 -8.9454e-04 6.3485e+00 6.3542e+00 5.3266e-01 5.3266e-01 4.6734e-01 8.0945e-04
5.2764e-01 5.2764e-01 4.7236e-01 1.1168e-04 -3.7002e+00 -4.6763e-01 -4.2698e-03 2.7328e+02 2.1009e+01 -2.3645e+00 -5.6589e-02 6.3595e+00 -6.0147e-02 -1.0607e-03 6.3461e+00 -1.0090e-03 6.3451e+00 6.3502e+00 5.2764e-01 5.2764e-01 4.7236e-01 8.1815e-04
5.2261e-01 5.2261e-01 4.7739e-01 1.1161e-04 -3.7530e+00 -3.5654e-01 -3.5728e-03 2.7327e+02 2.0945e+01 -2.5213e+00 -4.1391e-02 6.3560e+00 -5.7039e-02 -9.0642e-04 6.3412e+00 -1.0998e-03 6.3417e+00 6.3463e+00 5.2261e-01 5.2261e-01 4.7739e-01 8.2686e-04
5.1759e-01 5.1759e-01 4.8241e-01 1.1155e-04 -3.8062e+00 -2.4328e-01 -3.2498e-03 2.7326e+02 2.0916e+01 -2.7050e+00 -2.5336e-02 6.3525e+00 -5.3903e-02 -7.4481e-04 6.3362e+00 -1.1662e-03 6.3383e+00 6.3423e+00 5.1759e-01 5.1759e-01 4.8241e-01 8.3556e-04
5.1256e-01 5.1256e-01 4.8744e-01 1.1148e-04 -3.8608e+00 -1.2884e-01 -3.4017e-03 2.7325e+02 2.0921e+01 -2.9079e+00 -7.6855e-03 6.3490e+00 -5.0723e-02 -5.7826e-04 6.3312e+00 -1.2060e-03 6.3350e+00 6.3384e+00 5.1256e-01 5.1256e-01 4.8744e-01 8.4427e-04
5.0754e-01 5.0754e-01 4.9246e-01 1.1142e-04 -3.9177e+00 -1.3945e-02 -4.1360e-03 2.7324e+02 2.0962e+01 -3.1249e+00 1.2172e-02 6.3456e+00 -4.7481e-02 -4.0973e-04 6.3261e+00 -1.2162e-03 6.3317e+00 6.3345e+00 5.0754e-01 5.0754e-01 4.9246e-01 8.5297e-04
5.0251e-01 5.0251e-01 4.9749e-01 1.1135e-04 -3.9760e+00 1.0236e-01 -5.6707e-03 2.7323e+02 2.1049e+01 -3.3674e+00 3.5500e-02 6.3423e+00 -4.4191e-02 -2.3164e-04 6.3209e+00 -1.1894e-03 6.3284e+00 6.3305e+00 5.0251e-01 5.0251e-01 4.9749e-01 8.6167e-04
4.9749e-01 4.9749e-01 5.0251e-01 1.1130e-04 -4.0763e+00 2.0127e-01 -8.0883e-03 2.7322e+02 2.1519e+01 -3.5339e+00 6.5885e-02 6.3389e+00 -3.9824e-02 -5.2044e-07 6.3165e+00 -1.1501e-03 6.3254e+00 6.3270e+00 4.9749e-01 4.9749e-01 5.0251e-01 8.7038e-04
4.9246e-01 4.9246e-01 5.0754e-01 1.1123e-04 -4.1166e+00 3.1595e-01 -1.0772e-02 2.7321e+02 2.1468e+01 -3.7751e+00 8.9198e-02 6.3357e+00 -3.7191e-02 1.3458e-04 6.3114e+00 -1.0715e-03 6.3222e+00 6.3231e+00 4.9246e-01 4.9246e-01 5.0754e-01 8.7908e-04
4.8744e-01 4.8744e-01 5.1256e-01 1.1117e-04 -4.1497e+00 4.2133e-01 -1.3623e-02 2.7320e+02 2.1372e+01 -3.9460e+00 1.1125e-01 6.3328e+00 -3.4717e-02 2.2000e-04 6.3064e+00 -9.7233e-04 6.3192e+00 6.3195e+00 4.8744e-01 4.8744e-01 5.1256e-01 8.8778e-04
4.8241e-01 4.8241e-01 5.1759e-01 1.1112e-04 -4.1787e+00 5.1981e-01 -1.6524e-02 2.7319e+02 2.1251e+01 -4.0668e+00 1.3146e-01 6.3301e+00 -3.2334e-02 2.7001e-04 6.3017e+00 -8.5792e-04 6.3163e+00 6.3160e+00 4.8241e-01 4.8241e-01 5.1759e-01 8.9649e-04
4.7739e-01 4.7739e-01 5.2261e-01 1.1106e-04 -4.2029e+00 6.1186e-01 -1.9308e-02 2.7317e+02 2.1100e+01 -4.1413e+00 1.4883e-01 6.3276e+00 -3.0059e-02 2.8681e-04 6.2970e+00 -7.3302e-04 6.3135e+00 6.3127e+00 4.7739e-01 4.7739e-01 5.2261e-01 9.0519e-04
4.7236e-01 4.7236e-01 5.2764e-01 1.1102e-04 -4.2210e+00 6.9778e-01 -2.1825e-02 2.7315e+02 2.0915e+01 -4.1719e+00 1.6236e-01 6.3253e+00 -2.7921e-02 2.7150e-04 6.2925e+00 -6.0083e-04 6.3108e+00 6.3095e+00 4.7236e-01 4.7236e-01 5.2764e-01 9.1390e-04
4.6734e-01 4.6734e-01 5.3266e-01 1.1097e-04 -4.2352e+00 7.7812e-01 -2.4016e-02 2.7313e+02 2.0708e+01 -4.1654e+00 1.7138e-01 6.3232e+00 -2.5870e-02 2.2933e-04 6.2880e+00 -4.6233e-04 6.3082e+00 6.3065e+00 4.6734e-01 4.6734e-01 5.3266e-01 9.2260e-04
4.6231e-01 4.6231e-01 5.3769e-01 1.1093e-04 -4.2444e+00 8.5385e-01 -2.5795e-02 2.7311e+02 2.0475e+01 -4.1283e+00 1.7569e-01 6.3214e+00 -2.3934e-02 1.6437e-04 6.2837e+00 -3.2124e-04 6.3057e+00 6.3036e+00 4.6231e-01 4.6231e-01 5.3769e-01 9.3130e-04
4.5729e-01 4.5729e-01 5.4271e-01 1.1089e-04 -4.2488e+00 9.2559e-01 -2.7131e-02 2.7309e+02 2.0218e+01 -4.0665e+00 1.7511e-01 6.3196e+00 -2.2110e-02 8.0477e-05 6.2794e+00 -1.7854e-04 6.3033e+00 6.3008e+00 4.5729e-01 4.5729e-01 5.4271e-01 9.4001e-04
4.5226e-01 4.5226e-01 5.4774e-01 1.1085e-04 -4.2499e+00 9.9326e-01 -2.7950e-02 2.7306e+02 1.9946e+01 -3.9817e+00 1.6874e-01 6.3181e+00 -2.0362e-02 -2.0468e-05 6.2752e+00 -3.4607e-05 6.3009e+00 6.2980e+00 4.5226e-01 4.5226e-01 5.4774e-01 9.4871e-04
4.4724e-01 4.4724e-01 5.5276e-01 1.1081e-04 -4.2461e+00 1.0578e+00 -2.8254e-02 2.7304e+02 1.9652e+01 -3.8807e+00 1.5695e-01 6.3167e+00 -1.8730e-02 -1.3494e-04 6.2710e+00 1.0956e-04 6.2986e+00 6.2954e+00 4.4724e-01 4.4724e-01 5.5276e-01 9.5742e-04
4.4221e-01 4.4221e-01 5.5779e-01 1.1078e-04 -4.2387e+00 1.1197e+00 -2.8092e-02 2.7301e+02 1.9345e+01 -3.7684e+00 1.4009e-01 6.3154e+00 -1.7181e-02 -2.5906e-04 6.2669e+00 2.5449e-04 6.2963e+00 6.2928e+00 4.4221e-01 4.4221e-01 5.5779e-01 9.6612e-04
4.3719e-01 4.3719e-01 5.6281e-01 1.1074e-04 -4.2289e+00 1.1789e+00 -2.7439e-02 2.7299e+02 1.9031e+01 -3.6461e+00 1.1778e-01 6.3142e+00 -1.5693e-02 -3.9156e-04 6.2628e+00 4.0008e-04 6.2941e+00 6.2904e+00 4.3719e-01 4.3719e-01 5.6281e-01 9.7482e-04
4.3216e-01 4.3216e-01 5.6784e-01 1.1071e-04 -4.2146e+00 1.2361e+00 -2.6329e-02 2.7296e+02 1.8703e+01 -3.5205e+00 9.0315e-02 6.3132e+00 -1.4313e-02 -5.2970e-04 6.2587e+00 5.4839e-04 6.2919e+00 6.2879e+00 4.3216e-01 4.3216e-01 5.6784e-01 9.8353e-04
4.2714e-01 4.2714e-01 5.7286e-01 1.1068e-04 -4.1982e+00 1.2915e+00 -2.4852e-02 2.7294e+02 1.8373e+01 -3.3929e+00 5.8370e-02 6.3123e+00 -1.2987e-02 -6.7145e-04 6.2546e+00 6.9983e-04 6.2898e+00 6.2855e+00 4.2714e-01 4.2714e-01 5.7286e-01 9.9223e-04
4.2211e-01 4.2211e-01 5.7789e-01 1.1065e-04 -4.1800e+00 1.3451e+00 -2.3035e-02 2.7291e+02 1.8043e+01 -3.2648e+00 2.2121e-02 6.3114e+00 -1.1709e-02 -8.1594e-04 6.2505e+00 8.5509e-04 6.2877e+00 6.2832e+00 4.2211e-01 4.2211e-01 5.7789e-01 1.0009e-03
4.1709e-01 4.1709e-01 5.8291e-01 1.1062e-04 -4.1586e+00 1.3976e+00 -2.1008e-02 2.7289e+02 1.7712e+01 -3.1445e+00 -1.7636e-02 6.3107e+00 -1.0512e-02 -9.6017e-04 6.2465e+00 1.0195e-03 6.2856e+00 6.2809e+00 4.1709e-01 4.1709e-01 5.8291e-01 1.0096e-03
4.1206e-01 4.1206e-01 5.8794e-01 1.1059e-04 -4.1365e+00 1.4486e+00 -1.8792e-02 2.7287e+02 1.7389e+01 -3.0281e+00 -6.0809e-02 6.3100e+00 -9.3415e-03 -1.1053e-03 6.2424e+00 1.1918e-03 6.2836e+00 6.2787e+00 4.1206e-01 4.1206e-01 5.8794e-01 1.0183e-03
4.0704e-01 4.0704e-01 5.9296e-01 1.1056e-04 -4.1132e+00 1.4984e+00 -1.6506e-02 2.7285e+02 1.7075e+01 -2.9193e+00 -1.0641e-01 6.3094e+00 -8.2056e-03 -1.2500e-03 6.2384e+00 1.3746e-03 6.2816e+00 6.2765e+00 4.0704e-01 4.0704e-01 5.9296e-01 1.0270e-03
4.0201e-01 4.0201e-01 5.9799e-01 1.1053e-04 -4.0886e+00 1.5474e+00 -1.4346e-02 2.7282e+02 1.6774e+01 -2.8236e+00 -1.5307e-01 6.3088e+00 -7.1120e-03 -1.3927e-03 6.2344e+00 1.5738e-03 6.2796e+00 6.2743e+00 4.0201e-01 4.0201e-01 5.9799e-01 1.0357e-03
3.9698e-01 3.9698e-01 6.0302e-01 1.1050e-04 -4.0644e+00 1.5949e+00 -1.2270e-02 2.7280e+02 1.6493e+01 -2.7360e+00 -2.0151e-01 6.3083e+00 -6.0174e-03 -1.5364e-03 6.2304e+00 1.7885e-03 6.2776e+00 6.2721e+00 3.9698e-01 3.9698e-01 6.0302e-01 1.0445e-03
3.9196e-01 3.9196e-01 6.0804e-01 1.1047e-04 -4.0403e+00 1.6413e+00 -1.0506e-02 2.7279e+02 1.6231e+01 -2.6615e+00 -2.4969e-01 6.3078e+00 -4.9369e-03 -1.6797e-03 6.2264e+00 2.0230e-03 6.2757e+00 6.2700e+00 3.9196e-01 3.9196e-01 6.0804e-01 1.0532e-03
3.8693e-01 3.8693e-01 6.1307e-01 1.1044e-04 -4.0166e+00 1.6867e+00 -9.2062e-03 2.7277e+02 1.5995e+01 -2.6013e+00 -2.9653e-01 6.3074e+00 -3.8597e-03 -1.8232e-03 6.2225e+00 2.2811e-03 6.2738e+00 6.2679e+00 3.8693e-01 3.8693e-01 6.1307e-01 1.0619e-03
3.8191e-01 3.8191e-01 6.1809e-01 1.1041e-04 -3.9948e+00 1.7302e+00 -8.3587e-03 2.7275e+02 1.5791e+01 -2.5507e+00 -3.4265e-01 6.3069e+00 -2.7511e-03 -1.9713e-03 6.2186e+00 2.5632e-03 6.2719e+00 6.2658e+00 3.8191e-01 3.8191e-01 6.1809e-01 1.0706e-03
3.7688e-01 3.7688e-01 6.2312e-01 1.1038e-04 -3.9746e+00 1.7724e+00 -8.2969e-03 2.7274e+02 1.5622e+01 -2.5160e+00 -3.8522e-01 6.3065e+00 -1.6267e-03 -2.1227e-03 6.2147e+00 2.8765e-03 6.2701e+00 6.2638e+00 3.7688e-01 3.7688e-01 6.2312e-01 1.0793e-03
3.7186e-01 3.7186e-01 6.2814e-01 1.1036e-04 -3.9815e+00 1.7999e+00 -8.0169e-03 2.7272e+02 1.5691e+01 -2.4464e+00 -4.2587e-01 6.3062e+00 1.1716e-04 -2.4311e-03 6.2117e+00 3.1718e-03 6.2686e+00 6.2622e+00 3.7186e-01 3.7186e-01 6.2814e-01 1.0880e-03
3.6683e-01 3.6683e-01 6.3317e-01 1.1032e-04 -3.9468e+00 1.8430e+00 -1.2776e-02 2.7271e+02 1.5458e+01 -2.4547e+00 -4.3129e-01 6.3056e+00 8.0973e-04 -2.5705e-03 6.2079e+00 3.5889e-03 6.2668e+00 6.2601e+00 3.6683e-01 3.6683e-01 6.3317e-01 1.0967e-03
3.6181e-01 3.6181e-01 6.3819e-01 1.1029e-04 -3.9106e+00 1.8805e+00 -1.7070e-02 2.7270e+02 1.5230e+01 -2.4463e+00 -4.3809e-01 6.3050e+00 1.4508e-03 -2.7298e-03 6.2043e+00 3.9956e-03 6.2650e+00 6.2581e+00 3.6181e-01 3.6181e-01 6.3819e-01 1.1054e-03
3.5678e-01 3.5678e-01 6.4322e-01 1.1026e-04 -3.8739e+00 1.9137e+00 -2.0947e-02 2.7269e+02 1.5009e+01 -2.4256e+00 -4.4677e-01 6.3045e+00 2.0644e-03 -2.9021e-03 6.2008e+00 4.3929e-03 6.2634e+00 6.2562e+00 3.5678e-01 3.5678e-01 6.4322e-01 1.1141e-03
3.5176e-01 3.5176e-01 6.4824e-01 1.1023e-04 -3.8366e+00 1.9430e+00 -2.4381e-02 2.7269e+02 1.4795e+01 -2.3939e+00 -4.5751e-01 6.3040e+00 2.6512e-03 -3.0859e-03 6.1974e+00 4.7793e-03 6.2617e+00 6.2544e+00 3.5176e-01 3.5176e-01 6.4824e-01 1.1228e-03
3.4673e-01 3.4673e-01 6.5327e-01 1.1021e-04 -3.7972e+00 1.9679e+00 -2.7302e-02 2.7268e+02 1.4581e+01 -2.3542e+00 -4.6995e-01 6.3037e+00 3.1735e-03 -3.2812e-03 6.1942e+00 5.1506e-03 6.2602e+00 6.2527e+00 3.4673e-01 3.4673e-01 6.5327e-01 1.1315e-03
3.4171e-01 3.4171e-01 6.5829e-01 1.1018e-04 -3.7572e+00 1.9895e+00 -2.9768e-02 2.7267e+02 1.4372e+01 -2.3075e+00 -4.8468e-01 6.3033e+00 3.6673e-03 -3.4835e-03 6.1910e+00 5.5093e-03 6.2587e+00 6.2510e+00 3.4171e-01 3.4171e-01 6.5829e-01 1.1402e-03
3.3668e-01 3.3668e-01 6.6332e-01 1.1015e-04 -3.7160e+00 2.0080e+00 -3.1795e-02 2.7267e+02 1.4165e+01 -2.2561e+00 -5.0131e-01 6.3030e+00 4.1199e-03 -3.6916e-03 6.1880e+00 5.8547e-03 6.2572e+00 6.2494e+00 3.3668e-01 3.3668e-01 6.6332e-01 1.1489e-03
3.3166e-01 3.3166e-01 6.6834e-01 1.1013e-04 -3.6726e+00 2.0234e+00 -3.3406e-02 2.7266e+02 1.3956e+01 -2.2031e+00 -5.1941e-01 6.3028e+00 4.5093e-03 -3.9032e-03 6.1851e+00 6.1858e-03 6.2557e+00 6.2479e+00 3.3166e-01 3.3166e-01 6.6834e-01 1.1576e-03
3.2663e-01 3.2663e-01 6.7337e-01 1.1010e-04 -3.6285e+00 2.0358e+00 -3.4564e-02 2.7266e+02 1.3751e+01 -2.1467e+00 -5.3985e-01 6.3025e+00 4.8670e-03 -4.1174e-03 6.1823e+00 6.5031e-03 6.2543e+00 6.2464e+00 3.2663e-01 3.2663e-01 6.7337e-01 1.1663e-03
3.2161e-01 3.2161e-01 6.7839e-01 1.1008e-04 -3.5826e+00 2.0458e+00 -3.5376e-02 2.7265e+02 1.3544e+01 -2.0903e+00 -5.6158e-01 6.3023e+00 5.1712e-03 -4.3319e-03 6.1796e+00 6.8078e-03 6.2530e+00 6.2450e+00 3.2161e-01 3.2161e-01 6.7839e-01 1.1750e-03
3.1658e-01 3.1658e-01 6.8342e-01 1.1006e-04 -3.5347e+00 2.0535e+00 -3.5896e-02 2.7265e+02 1.3334e+01 -2.0353e+00 -5.8428e-01 6.3021e+00 5.4183e-03 -4.5451e-03 6.1769e+00 7.1011e-03 6.2517e+00 6.2436e+00 3.1658e-01 3.1658e-01 6.8342e-01 1.1837e-03
3.1156e-01 3.1156e-01 6.8844e-01 1.1003e-04 -3.4860e+00 2.0586e+00 -3.6046e-02 2.7265e+02 1.3126e+01 -1.9790e+00 -6.0882e-01 6.3019e+00 5.6330e-03 -4.7571e-03 6.1744e+00 7.3815e-03 6.2504e+00 6.2422e+00 3.1156e-01 3.1156e-01 6.8844e-01 1.1924e-03
3.0653e-01 3.0653e-01 6.9347e-01 1.1001e-04 -3.4352e+00 2.0616e+00 -3.5988e-02 2.7265e+02 1.2914e+01 -1.9255e+00 -6.3370e-01 6.3017e+00 5.7854e-03 -4.9653e-03 6.1719e+00 7.6520e-03 6.2491e+00 6.2409e+00 3.0653e-01 3.0653e-01 6.9347e-01 1.2011e-03
3.0151e-01 3.0151e-01 6.9849e-01 1.0999e-04 -3.3828e+00 2.0625e+00 -3.5744e-02 2.7265e+02 1.2701e+01 -1.8735e+00 -6.5901e-01 6.3015e+00 5.8910e-03 -5.1697e-03 6.1696e+00 7.9135e-03 6.2478e+00 6.2396e+00 3.0151e-01 3.0151e-01 6.9849e-01 1.2098e-03
2.9648e-01 2.9648e-01 7.0352e-01 1.0997e-04 -3.3296e+00 2.0611e+00 -3.5278e-02 2.7265e+02 1.2489e+01 -1.8210e+00 -6.8513e-01 6.3012e+00 5.9662e-03 -5.3707e-03 6.1673e+00 8.1654e-03 6.2466e+00 6.2384e+00 2.9648e-01 2.9648e-01 7.0352e-01 1.2185e-03
2.9146e-01 2.9146e-01 7.0854e-01 1.0995e-04 -3.2742e+00 2.0576e+00 -3.4746e-02 2.7265e+02 1.2273e+01 -1.7716e+00 -7.1047e-01 6.3010e+00 5.9754e-03 -5.5652e-03 6.1651e+00 8.4097e-03 6.2454e+00 6.2372e+00 2.9146e-01 2.9146e-01 7.0854e-01 1.2272e-03
2.8643e-01 2.8643e-01 7.1357e-01 1.0992e-04 -3.2179e+00 2.0519e+00 -3.4112e-02 2.7265e+02 1.2058e+01 -1.7219e+00 -7.3565e-01 6.3007e+00 5.9520e-03 -5.7554e-03 6.1631e+00 8.6469e-03 6.2443e+00 6.2360e+00 2.8643e-01 2.8643e-01 7.1357e-01 1.2359e-03
2.8141e-01 2.8141e-01 7.1859e-01 1.0990e-04 -3.1609e+00 2.0442e+00 -3.3381e-02 2.7265e+02 1.1845e+01 -1.6710e+00 -7.6061e-01 6.3005e+00 5.9013e-03 -5.9417e-03 6.1611e+00 8.8768e-03 6.2431e+00 6.2349e+00 2.8141e-01 2.8141e-01 7.1859e-01 1.2446e-03
2.7638e-01 2.7638e-01 7.2362e-01 1.0988e-04 -3.1021e+00 2.0341e+00 -3.2704e-02 2.7265e+02 1.1629e+01 -1.6213e+00 -7.8367e-01 6.3002e+00 5.7920e-03 -6.1210e-03 6.1592e+00 9.1010e-03 6.2420e+00 6.2338e+00 2.7638e-01 2.7638e-01 7.2362e-01 1.2533e-03
2.7136e-01 2.7136e-01 7.2864e-01 1.0986e-04 -3.0430e+00 2.0216e+00 -3.1960e-02 2.7265e+02 1.1418e+01 -1.5684e+00 -8.0610e-01 6.2998e+00 5.6660e-03 -6.2972e-03 6.1574e+00 9.3177e-03 6.2409e+00 6.2327e+00 2.7136e-01 2.7136e-01 7.2864e-01 1.2620e-03
2.6633e-01 2.6633e-01 7.3367e-01 1.0984e-04 -2.9835e+00 2.0069e+00 -3.1206e-02 2.7266e+02 1.1210e+01 -1.5129e+00 -8.2729e-01 6.2995e+00 5.5160e-03 -6.4698e-03 6.1556e+00 9.5276e-03 6.2398e+00 6.2316e+00 2.6633e-01 2.6633e-01 7.3367e-01 1.2708e-03
2.6131e-01 2.6131e-01 7.3869e-01 1.0983e-04 -2.9231e+00 1.9898e+00 -3.0517e-02 2.7266e+02 1.1006e+01 -1.4552e+00 -8.4626e-01 6.2991e+00 5.3309e-03 -6.6381e-03 6.1540e+00 9.7310e-03 6.2387e+00 6.2306e+00 2.6131e-01 2.6131e-01 7.3869e-01 1.2795e-03
2.5628e-01 2.5628e-01 7.4372e-01 1.0981e-04 -2.8633e+00 1.9699e+00 -2.9730e-02 2.7266e+02 1.0810e+01 -1.3910e+00 -8.6432e-01 6.2987e+00 5.1459e-03 -6.8055e-03 6.1525e+00 9.9235e-03 6.2377e+00 6.2297e+00 2.5628e-01 2.5628e-01 7.4372e-01 1.2882e-03
2.5126e-01 2.5126e-01 7.4874e-01 1.0979e-04 -2.8036e+00 1.9475e+00 -2.8925e-02 2.7266e+02 1.0621e+01 -1.3222e+00 -8.8063e-01 6.2983e+00 4.9480e-03 -6.9714e-03 6.1511e+00 1.0106e-02 6.2366e+00 6.2287e+00 2.5126e-01 2.5126e-01 7.4874e-01 1.2969e-03
2.4623e-01 2.4623e-01 7.5377e-01 1.0979e-04 -2.7412e+00 1.9055e+00 -2.4484e-02 2.7265e+02 1.0485e+01 -1.1682e+00 -8.8100e-01 6.2980e+00 4.7610e-03 -7.3747e-03 6.1506e+00 1.0173e-02 6.2361e+00 6.2282e+00 2.4623e-01 2.4623e-01 7.5377e-01 1.3056e-03
2.4121e-01 2.4121e-01 7.5879e-01 1.0977e-04 -2.6679e+00 1.8864e+00 -2.6341e-02 2.7265e+02 1.0255e+01 -1.1302e+00 -8.7476e-01 6.2972e+00 4.2194e-03 -7.5136e-03 6.1492e+00 1.0402e-02 6.2350e+00 6.2271e+00 2.4121e-01 2.4121e-01 7.5879e-01 1.3143e-03
2.3618e-01 2.3618e-01 7.6382e-01 1.0975e-04 -2.5957e+00 1.8644e+00 -2.7645e-02 2.7264e+02 1.0033e+01 -1.0776e+00 -8.7378e-01 6.2963e+00 3.7279e-03 -7.6528e-03 6.1480e+00 1.0614e-02 6.2340e+00 6.2261e+00 2.3618e-01 2.3618e-01 7.6382e-01 1.3230e-03
2.3116e-01 2.3116e-01 7.6884e-01 1.0974e-04 -2.5246e+00 1.8400e+00 -2.8479e-02 2.7264e+02 9.8164e+00 -1.0127e+00 -8.7735e-01 6.2955e+00 3.2811e-03 -7.7907e-03 6.1468e+00 1.0811e-02 6.2330e+00 6.2251e+00 2.3116e-01 2.3116e-01 7.6884e-01 1.3317e-03
2.2613e-01 2.2613e-01 7.7387e-01 1.0972e-04 -2.4550e+00 1.8133e+00 -2.8826e-02 2.7264e+02 9.6074e+00 -9.3784e-01 -8.8526e-01 6.2946e+00 2.8807e-03 -7.9263e-03 6.1457e+00 1.0991e-02 6.2321e+00 6.2241e+00 2.2613e-01 2.2613e-01 7.7387e-01 1.3404e-03
2.2111e-01 2.2111e-01 7.7889e-01 1.0971e-04 -2.3861e+00 1.7840e+00 -2.8794e-02 2.7263e+02 9.3985e+00 -8.4819e-01 -8.9789e-01 6.2937e+00 2.5196e-03 -8.0580e-03 6.1448e+00 1.1159e-02 6.2312e+00 6.2232e+00 2.2111e-01 2.2111e-01 7.7889e-01 1.3491e-03
2.1608e-01 2.1608e-01 7.8392e-01 1.0969e-04 -2.3179e+00 1.7528e+00 -2.8444e-02 2.7263e+02 9.1918e+00 -7.4869e-01 -9.1403e-01 6.2929e+00 2.1931e-03 -8.1849e-03 6.1439e+00 1.1314e-02 6.2303e+00 6.2224e+00 2.1608e-01 2.1608e-01 7.8392e-01 1.3578e-03
2.1106e-01 2.1106e-01 7.8894e-01 1.0968e-04 -2.2507e+00 1.7199e+00 -2.7789e-02 2.7263e+02 8.9872e+00 -6.4024e-01 -9.3345e-01 6.2920e+00 1.8997e-03 -8.3066e-03 6.1431e+00 1.1458e-02 6.2294e+00 6.2215e+00 2.1106e-01 2.1106e-01 7.8894e-01 1.3665e-03
2.0603e-01 2.0603e-01 7.9397e-01 1.0966e-04 -2.1836e+00 1.6848e+00 -2.6958e-02 2.7262e+02 8.7774e+00 -5.1740e-01 -9.5635e-01 6.2911e+00 1.6350e-03 -8.4192e-03 6.1425e+00 1.1593e-02 6.2286e+00 6.2207e+00 2.0603e-01 2.0603e-01 7.9397e-01 1.3752e-03
2.0101e-01 2.0101e-01 7.9899e-01 1.0965e-04 -2.1173e+00 1.6481e+00 -2.5912e-02 2.7262e+02 8.5679e+00 -3.8650e-01 -9.8178e-01 6.2901e+00 1.3986e-03 -8.5241e-03 6.1419e+00 1.1718e-02 6.2278e+00 6.2199e+00 2.0101e-01 2.0101e-01 7.9899e-01 1.3839e-03
1.9598e-01 1.9598e-01 8.0402e-01 1.0964e-04 -2.0515e+00 1.6100e+00 -2.4722e-02 2.7262e+02 8.3562e+00 -2.4657e-01 -1.0095e+00 6.2891e+00 1.1860e-03 -8.6201e-03 6.1414e+00 1.1835e-02 6.2270e+00 6.2192e+00 1.9598e-01 1.9598e-01 8.0402e-01 1.3926e-03
1.9095e-01 1.9095e-01 8.0905e-01 1.0963e-04 -1.9857e+00 1.5703e+00 -2.3506e-02 2.7262e+02 8.1377e+00 -9.5076e-02 -1.0391e+00 6.2881e+00 9.9250e-04 -8.7039e-03 6.1411e+00 1.1947e-02 6.2262e+00 6.2185e+00 1.9095e-01 1.9095e-01 8.0905e-01 1.4013e-03
1.8593e-01 1.8593e-01 8.1407e-01 1.0962e-04 -1.9208e+00 1.5293e+00 -2.2133e-02 2.7261e+02 7.9185e+00 6.3485e-02 -1.0706e+00 6.2871e+00 8.2475e-04 -8.7766e-03 6.1408e+00 1.2049e-02 6.2254e+00 6.2178e+00 1.8593e-01 1.8593e-01 8.1407e-01 1.4100e-03
1.8090e-01 1.8090e-01 8.1910e-01 1.0961e-04 -1.8561e+00 1.4871e+00 -2.0738e-02 2.7261e+02 7.6941e+00 2.3061e-01 -1.1034e+00 6.2860e+00 6.7396e-04 -8.8369e-03 6.1406e+00 1.2146e-02 6.2247e+00 6.2171e+00 1.8090e-01 1.8090e-01 8.1910e-01 1.4187e-03
1.7588e-01 1.7588e-01 8.2412e-01 1.0959e-04 -1.7915e+00 1.4438e+00 -1.9364e-02 2.7261e+02 7.4635e+00 4.0616e-01 -1.1370e+00 6.2849e+00 5.3785e-04 -8.8833e-03 6.1405e+00 1.2240e-02 6.2240e+00 6.2165e+00 1.7588e-01 1.7588e-01 8.2412e-01 1.4274e-03
1.7085e-01 1.7085e-01 8.2915e-01 1.0958e-04 -1.7280e+00 1.3995e+00 -1.7846e-02 2.7261e+02 7.2324e+00 5.8691e-01 -1.1721e+00 6.2837e+00 4.2621e-04 -8.9162e-03 6.1405e+00 1.2323e-02 6.2233e+00 6.2158e+00 1.7085e-01 1.7085e-01 8.2915e-01 1.4361e-03
1.6583e-01 1.6583e-01 8.3417e-01 1.0957e-04 -1.6647e+00 1.3543e+00 -1.6357e-02 2.7261e+02 6.9951e+00 7.7479e-01 -1.2077e+00 6.2825e+00 3.2804e-04 -8.9335e-03 6.1407e+00 1.2403e-02 6.2226e+00 6.2153e+00 1.6583e-01 1.6583e-01 8.3417e-01 1.4448e-03
1.6080e-01 1.6080e-01 8.3920e-01 1.0956e-04 -1.6020e+00 1.3084e+00 -1.4825e-02 2.7261e+02 6.7541e+00 9.6749e-01 -1.2439e+00 6.2813e+00 2.4578e-04 -8.9362e-03 6.1409e+00 1.2477e-02 6.2219e+00 6.2147e+00 1.6080e-01 1.6080e-01 8.3920e-01 1.4535e-03
1.5578e-01 1.5578e-01 8.4422e-01 1.0955e-04 -1.5404e+00 1.2619e+00 -1.3132e-02 2.7261e+02 6.5133e+00 1.1626e+00 -1.2812e+00 6.2801e+00 1.8531e-04 -8.9249e-03 6.1412e+00 1.2540e-02 6.2212e+00 6.2142e+00 1.5578e-01 1.5578e-01 8.4422e-01 1.4622e-03
1.5075e-01 1.5075e-01 8.4925e-01 1.0955e-04 -1.4793e+00 1.2148e+00 -1.1400e-02 2.7261e+02 6.2673e+00 1.3620e+00 -1.3189e+00 6.2788e+00 1.4016e-04 -8.8953e-03 6.1416e+00 1.2598e-02 6.2206e+00 6.2137e+00 1.5075e-01 1.5075e-01 8.4925e-01 1.4709e-03
1.4573e-01 1.4573e-01 8.5427e-01 1.0954e-04 -1.4194e+00 1.1674e+00 -9.4832e-03 2.7261e+02 6.0215e+00 1.5619e+00 -1.3575e+00 6.2774e+00 1.1476e-04 -8.8514e-03 6.1422e+00 1.2645e-02 6.2200e+00 6.2132e+00 1.4573e-01 1.4573e-01 8.5427e-01 1.4796e-03
1.4070e-01 1.4070e-01 8.5930e-01 1.0953e-04 -1.3607e+00 1.1198e+00 -7.3237e-03 2.7262e+02 5.7774e+00 1.7611e+00 -1.3972e+00 6.2761e+00 1.1091e-04 -8.7940e-03 6.1428e+00 1.2679e-02 6.2194e+00 6.2127e+00 1.4070e-01 1.4070e-01 8.5930e-01 1.4883e-03
1.3568e-01 1.3568e-01 8.6432e-01 1.0952e-04 -1.3033e+00 1.0720e+00 -4.9324e-03 2.7262e+02 5.5316e+00 1.9596e+00 -1.4379e+00 6.2747e+00 1.2768e-04 -8.7169e-03 6.1435e+00 1.2702e-02 6.2188e+00 6.2123e+00 1.3568e-01 1.3568e-01 8.6432e-01 1.4970e-03
1.3065e-01 1.3065e-01 8.6935e-01 1.0951e-04 -1.2475e+00 1.0244e+00 -2.1498e-03 2.7262e+02 5.2903e+00 2.1540e+00 -1.4803e+00 6.2733e+00 1.6991e-04 -8.6268e-03 6.1443e+00 1.2706e-02 6.2182e+00 6.2119e+00 1.3065e-01 1.3065e-01 8.6935e-01 1.5058e-03
1.2563e-01 1.2563e-01 8.7437e-01 1.0950e-04 -1.1934e+00 9.7702e-01 1.0388e-03 2.7262e+02 5.0530e+00 2.3437e+00 -1.5243e+00 6.2719e+00 2.3665e-04 -8.5227e-03 6.1452e+00 1.2693e-02 6.2176e+00 6.2116e+00 1.2563e-01 1.2563e-01 8.7437e-01 1.5145e-03
1.2060e-01 1.2060e-01 8.7940e-01 1.0949e-04 -1.1115e+00 8.6861e-01 1.3378e-02 2.7264e+02 4.5532e+00 2.6394e+00 -1.5594e+00 6.2697e+00 9.9249e-05 -8.3112e-03 6.1478e+00 1.1858e-02 6.2171e+00 6.2115e+00 1.2060e-01 1.2060e-01 8.7940e-01 1.5232e-03
1.1558e-01 1.1558e-01 8.8442e-01 1.0949e-04 -1.0399e+00 8.0941e-01 1.7164e-02 2.7265e+02 4.2340e+00 2.7747e+00 -1.5716e+00 6.2675e+00 -1.5944e-04 -8.0517e-03 6.1495e+00 1.1627e-02 6.2166e+00 6.2112e+00 1.1558e-01 1.1558e-01 8.8442e-01 1.5319e-03
1.1055e-01 1.1055e-01 8.8945e-01 1.0948e-04 -9.7050e-01 7.5247e-01 2.1354e-02 2.7266e+02 3.9348e+00 2.8938e+00 -1.5836e+00 6.2653e+00 -4.0138e-04 -7.7937e-03 6.1512e+00 1.1397e-02 6.2161e+00 6.2109e+00 1.1055e-01 1.1055e-01 8.8945e-01 1.5406e-03
1.0553e-01 1.0553e-01 8.9447e-01 1.0947e-04 -9.0332e-01 6.9858e-01 2.5593e-02 2.7267e+02 3.6563e+00 2.9949e+00 -1.5943e+00 6.2630e+00 -6.2841e-04 -7.5421e-03 6.1529e+00 1.1170e-02 6.2157e+00 6.2105e+00 1.0553e-01 1.0553e-01 8.9447e-01 1.5493e-03
1.0050e-01 1.0050e-01 8.9950e-01 1.0946e-04 -8.3924e-01 6.4704e-01 3.0170e-02 2.7268e+02 3.3981e+00 3.0824e+00 -1.6051e+00 6.2607e+00 -8.3626e-04 -7.2853e-03 6.1545e+00 1.0936e-02 6.2152e+00 6.2102e+00 1.0050e-01 1.0050e-01 8.9950e-01 1.5580e-03
9.5477e-02 9.5477e-02 9.0452e-01 1.0945e-04 -7.7770e-01 5.9923e-01 3.4385e-02 2.7269e+02 3.1606e+00 3.1512e+00 -1.6133e+00 6.2584e+00 -1.0315e-03 -7.0395e-03 6.1562e+00 1.0705e-02 6.2148e+00 6.2098e+00 9.5477e-02 9.5477e-02 9.0452e-01 1.5667e-03
9.0452e-02 9.0452e-02 9.0955e-01 1.0944e-04 -7.1883e-01 5.5484e-01 3.8210e-02 2.7270e+02 2.9420e+00 3.2042e+00 -1.6189e+00 6.2561e+00 -1.2145e-03 -6.8030e-03 6.1578e+00 1.0474e-02 6.2144e+00 6.2094e+00 9.0452e-02 9.0452e-02 9.0955e-01 1.5754e-03
8.5427e-02 8.5427e-02 9.1457e-01 1.0943e-04 -6.6304e-01 5.1322e-01 4.1868e-02 2.7271e+02 2.7415e+00 3.2448e+00 -1.6232e+00 6.2538e+00 -1.3832e-03 -6.5687e-03 6.1594e+00 1.0238e-02 6.2140e+00 6.2090e+00 8.5427e-02 8.5427e-02 9.1457e-01 1.5841e-03
8.0402e-02 8.0402e-02 9.1960e-01 1.0942e-04 -6.1021e-01 4.7613e-01 4.4602e-02 2.7271e+02 2.5622e+00 3.2662e+00 -1.6229e+00 6.2514e+00 -1.5424e-03 -6.3555e-03 6.1610e+00 1.0008e-02 6.2136e+00 6.2087e+00 8.0402e-02 8.0402e-02 9.1960e-01 1.5928e-03
7.5377e-02 7.5377e-02 9.2462e-01 1.0941e-04 -5.6022e-01 4.4206e-01 4.6802e-02 2.7272e+02 2.3996e+00 3.2756e+00 -1.6200e+00 6.2491e+00 -1.6917e-03 -6.1531e-03 6.1625e+00 9.7791e-03 6.2132e+00 6.2083e+00 7.5377e-02 7.5377e-02 9.2462e-01 1.6015e-03
7.0352e-02 7.0352e-02 9.2965e-01 1.0940e-04 -5.1308e-01 4.1058e-01 4.8578e-02 2.7273e+02 2.2525e+00 3.2751e+00 -1.6150e+00 6.2469e+00 -1.8309e-03 -5.9590e-03 6.1639e+00 9.5482e-03 6.2128e+00 6.2079e+00 7.0352e-02 7.0352e-02 9.2965e-01 1.6102e-03
6.5327e-02 6.5327e-02 9.3467e-01 1.0939e-04 -4.6911e-01 3.8359e-01 4.9145e-02 2.7273e+02 2.1261e+00 3.2576e+00 -1.6046e+00 6.2446e+00 -1.9643e-03 -5.7931e-03 6.1653e+00 9.3307e-03 6.2124e+00 6.2074e+00 6.5327e-02 6.5327e-02 9.3467e-01 1.6189e-03
6.0302e-02 6.0302e-02 9.3970e-01 1.0938e-04 -4.2797e-01 3.5869e-01 4.9301e-02 2.7274e+02 2.0138e+00 3.2331e+00 -1.5922e+00 6.2423e+00 -2.0891e-03 -5.6362e-03 6.1665e+00 9.1139e-03 6.2120e+00 6.2070e+00 6.0302e-02 6.0302e-02 9.3970e-01 1.6276e-03
5.5276e-02 5.5276e-02 9.4472e-01 1.0937e-04 -3.8954e-01 3.3609e-01 4.8897e-02 2.7274e+02 1.9159e+00 3.2010e+00 -1.5773e+00 6.2401e+00 -2.2071e-03 -5.4927e-03 6.1677e+00 8.9024e-03 6.2115e+00 6.2064e+00 5.5276e-02 5.5276e-02 9.4472e-01 1.6363e-03
5.0251e-02 5.0251e-02 9.4975e-01 1.0935e-04 -3.5393e-01 3.1646e-01 4.7591e-02 2.7275e+02 1.8346e+00 3.1590e+00 -1.5583e+00 6.2379e+00 -2.3214e-03 -5.3725e-03 6.1687e+00 8.7058e-03 6.2110e+00 6.2059e+00 5.0251e-02 5.0251e-02 9.4975e-01 1.6450e-03
4.5226e-02 4.5226e-02 9.5477e-01 1.0934e-04 -3.2123e-01 2.9797e-01 4.6103e-02 2.7275e+02 1.7663e+00 3.1145e+00 -1.5384e+00 6.2357e+00 -2.4262e-03 -5.2584e-03 6.1695e+00 8.5106e-03 6.2104e+00 6.2052e+00 4.5226e-02 4.5226e-02 9.5477e-01 1.6537e-03
4.0201e-02 4.0201e-02 9.5980e-01 1.0933e-04 -2.9102e-01 2.8096e-01 4.4190e-02 2.7276e+02 1.7109e+00 3.0661e+00 -1.5163e+00 6.2336e+00 -2.5253e-03 -5.1574e-03 6.1702e+00 8.3241e-03 6.2098e+00 6.2045e+00 4.0201e-02 4.0201e-02 9.5980e-01 1.6624e-03
3.5176e-02 3.5176e-02 9.6482e-01 1.0931e-04 -2.6322e-01 2.6516e-01 4.1907e-02 2.7276e+02 1.6683e+00 3.0149e+00 -1.4922e+00 6.2314e+00 -2.6190e-03 -5.0695e-03 6.1706e+00 8.1480e-03 6.2090e+00 6.2037e+00 3.5176e-02 3.5176e-02 9.6482e-01 1.6711e-03
3.0151e-02 3.0151e-02 9.6985e-01 1.0929e-04 -2.3826e-01 2.4911e-01 3.9889e-02 2.7276e+02 1.6372e+00 2.9669e+00 -1.4687e+00 6.2292e+00 -2.6980e-03 -4.9800e-03 6.1708e+00 7.9658e-03 6.2081e+00 6.2027e+00 3.0151e-02 3.0151e-02 9.6985e-01 1.6798e-03
2.5126e-02 2.5126e-02 9.7487e-01 1.0927e-04 -2.1553e-01 2.3324e-01 3.7842e-02 2.7277e+02 1.6174e+00 2.9200e+00 -1.4443e+00 6.2270e+00 -2.7670e-03 -4.8973e-03 6.1707e+00 7.7858e-03 6.2071e+00 6.2016e+00 2.5126e-02 2.5126e-02 9.7487e-01 1.6885e-03
2.0101e-02 2.0101e-02 9.7990e-01 1.0925e-04 -1.9495e-01 2.1668e-01 3.6110e-02 2.7277e+02 1.6075e+00 2.8772e+00 -1.4202e+00 6.2247e+00 -2.8211e-03 -4.8137e-03 6.1703e+00 7.5975e-03 6.2059e+00 6.2003e+00 2.0101e-02 2.0101e-02 9.7990e-01 1.6972e-03
1.5075e-02 1.5075e-02 9.8492e-01 1.0922e-04 -1.7667e-01 1.9851e-01 3.5086e-02 2.7278e+02 1.6062e+00 2.8423e+00 -1.3981e+00 6.2224e+00 -2.8511e-03 -4.7202e-03 6.1695e+00 7.3841e-03 6.2045e+00 6.1988e+00 1.5075e-02 1.5075e-02 9.8492e-01 1.7059e-03
1.0050e-02 1.0050e-02 9.8995e-01 1.0919e-04 -1.6046e-01 1.7863e-01 3.4704e-02 2.7278e+02 1.6148e+00 2.8149e+00 -1.3769e+00 6.2200e+00 -2.8551e-03 -4.6210e-03 6.1683e+00 7.1423e-03 6.2028e+00 6.1970e+00 1.0050e-02 1.0050e-02 9.8995e-01 1.7146e-03
5.0251e-03 5.0251e-03 9.9497e-01 1.0915e-04 -1.4608e-01 1.5627e-01 3.5288e-02 2.7278e+02 1.6305e+00 2.7975e+00 -1.3580e+00 6.2174e+00 -2.8249e-03 -4.5075e-03 6.1666e+00 6.8527e-03 6.2008e+00 6.1949e+00 5.0251e-03 5.0251e-03 9.9497e-01 1.7233e-03
0.0000e+00 0.0000e+00 1.0000e+00 1.0910e-04 -1.3346e-01 1.3110e-01 3.6956e-02 2.7278e+02 1.6522e+00 2.7912e+00 -1.3418e+00 6.2147e+00 -2.7529e-03 -4.3769e-03 6.1645e+00 6.5002e-03 6.1986e+00 6.1926e+00 0.0000e+00 0.0000e+00 1.0000e+00 1.7321e-03
