1.0000e-03 1.0000e-03 0.0000e+00 6.4000e+03 9.8750e-04 9.8750e-04 1.0000e-03 1.0000e-03 3.6168e+01 2.0243e+22 1.3421e-03 4.0792e+00 -4.7956e+00 2.7534e+02 7.6956e+01 -3.7848e+00 7.2629e-01 -4.4702e-01 7.9276e+01 7.5136e+01 7.6456e+01 3.5454e+02 -3.1923e+01 -9.9491e+01 1.0000e+00 1.0000e+00 0.0000e+00 6.7172e-11
9.9497e-04 9.9497e-04 5.0251e-06 7.6702e+03 9.8499e-04 9.8499e-04 9.9749e-04 9.9749e-04 3.5778e+01 2.0025e+22 1.3277e-03 4.2432e+00 -4.7990e+00 2.7533e+02 7.6123e+01 -3.6643e+00 6.6940e-01 -4.5494e-01 7.8325e+01 7.4402e+01 7.5642e+01 3.4002e+02 -2.2863e+01 -9.7400e+01 9.9497e-01 9.9497e-01 5.0251e-03 8.7038e-06
9.8995e-04 9.8995e-04 1.0050e-05 8.9403e+03 9.8247e-04 9.8247e-04 9.9497e-04 9.9497e-04 3.5436e+01 1.9834e+22 1.3150e-03 4.1300e+00 -4.9082e+00 2.7532e+02 7.5394e+01 -3.5114e+00 6.2078e-01 -4.5566e-01 7.7540e+01 7.3712e+01 7.4931e+01 3.3060e+02 -1.5371e+01 -9.5698e+01 9.8995e-01 9.8995e-01 1.0050e-02 1.7407e-05
9.8492e-04 9.8492e-04 1.5075e-05 1.0861e+04 9.7867e-04 9.7867e-04 9.9117e-04 9.9117e-04 3.5040e+01 1.9612e+22 1.3003e-03 3.8802e+00 -5.1054e+00 2.7529e+02 7.4543e+01 -3.2958e+00 5.7337e-01 -4.5239e-01 7.6641e+01 7.2882e+01 7.4105e+01 3.2046e+02 -7.7933e+00 -9.1554e+01 9.8492e-01 9.8492e-01 1.5075e-02 2.6111e-05
9.7990e-04 9.7990e-04 2.0101e-05 1.3402e+04 9.7365e-04 9.7365e-04 9.8615e-04 9.8615e-04 3.4614e+01 1.9374e+22 1.2845e-03 3.3757e+00 -5.4056e+00 2.7524e+02 7.3623e+01 -3.0122e+00 5.2762e-01 -4.5377e-01 7.5712e+01 7.1943e+01 7.3213e+01 3.1387e+02 -5.8372e-01 -8.4854e+01 9.7990e-01 9.7990e-01 2.0101e-02 3.4815e-05
9.7487e-04 9.7487e-04 2.5126e-05 1.5942e+04 9.6862e-04 9.6862e-04 9.8112e-04 9.8112e-04 3.4286e+01 1.9190e+22 1.2723e-03 2.3282e+00 -5.8401e+00 2.7523e+02 7.2924e+01 -2.6831e+00 4.9025e-01 -4.7081e-01 7.5129e+01 7.1118e+01 7.2523e+01 3.2252e+02 4.2418e+00 -7.7883e+01 9.7487e-01 9.7487e-01 2.5126e-02 4.3519e-05
9.6985e-04 9.6985e-04 3.0151e-05 1.8482e+04 9.6360e-04 9.6360e-04 9.7610e-04 9.7610e-04 3.4005e+01 1.9033e+22 1.2619e-03 2.3836e+00 -6.0190e+00 2.7517e+02 7.2308e+01 -2.5399e+00 4.6037e-01 -4.3738e-01 7.4406e+01 7.0564e+01 7.1953e+01 3.1277e+02 1.4852e+01 -7.2321e+01 9.6985e-01 9.6985e-01 3.0151e-02 5.2223e-05
9.6482e-04 9.6482e-04 3.5176e-05 2.1023e+04 9.5857e-04 9.5857e-04 9.7107e-04 9.7107e-04 3.3766e+01 1.8899e+22 1.2530e-03 2.1244e+00 -6.2708e+00 2.7512e+02 7.1788e+01 -2.3543e+00 4.3462e-01 -4.1272e-01 7.3853e+01 7.0045e+01 7.1465e+01 3.0766e+02 2.2489e+01 -6.7091e+01 9.6482e-01 9.6482e-01 3.5176e-02 6.0926e-05
9.5980e-04 9.5980e-04 4.0201e-05 2.3563e+04 9.5355e-04 9.5355e-04 9.6605e-04 9.6605e-04 3.3553e+01 1.8780e+22 1.2451e-03 1.9701e+00 -6.4572e+00 2.7508e+02 7.1324e+01 -2.2053e+00 4.1805e-01 -3.9637e-01 7.3332e+01 6.9622e+01 7.1019e+01 3.0076e+02 2.8054e+01 -6.5003e+01 9.5980e-01 9.5980e-01 4.0201e-02 6.9630e-05
9.5477e-04 9.5477e-04 4.5226e-05 2.6103e+04 9.4852e-04 9.4852e-04 9.6102e-04 9.6102e-04 3.3362e+01 1.8673e+22 1.2380e-03 1.9112e+00 -6.5806e+00 2.7504e+02 7.0906e+01 -2.0878e+00 4.0832e-01 -3.8412e-01 7.2828e+01 6.9275e+01 7.0615e+01 2.9244e+02 3.2031e+01 -6.5126e+01 9.5477e-01 9.5477e-01 4.5226e-02 7.8334e-05
9.4975e-04 9.4975e-04 5.0251e-05 2.8644e+04 9.4350e-04 9.4350e-04 9.5600e-04 9.5600e-04 3.3191e+01 1.8577e+22 1.2317e-03 1.6946e+00 -6.7275e+00 2.7502e+02 7.0538e+01 -1.9492e+00 3.9779e-01 -3.6987e-01 7.2398e+01 6.8941e+01 7.0274e+01 2.8669e+02 3.4692e+01 -6.4080e+01 9.4975e-01 9.4975e-01 5.0251e-02 8.7038e-05
9.4472e-04 9.4472e-04 5.5276e-05 3.1184e+04 9.3847e-04 9.3847e-04 9.5097e-04 9.5097e-04 3.3034e+01 1.8489e+22 1.2258e-03 1.7098e+00 -6.8250e+00 2.7501e+02 7.0202e+01 -1.8700e+00 3.7579e-01 -3.5939e-01 7.1987e+01 6.8660e+01 6.9960e+01 2.7295e+02 3.5995e+01 -5.9650e+01 9.4472e-01 9.4472e-01 5.5276e-02 9.5742e-05
9.3970e-04 9.3970e-04 6.0302e-05 3.3724e+04 9.3345e-04 9.3345e-04 9.4595e-04 9.4595e-04 3.2892e+01 1.8410e+22 1.2206e-03 1.5952e+00 -6.9956e+00 2.7499e+02 6.9896e+01 -1.7700e+00 3.5574e-01 -3.4855e-01 7.1632e+01 6.8389e+01 6.9668e+01 2.6351e+02 3.7892e+01 -5.6610e+01 9.3970e-01 9.3970e-01 6.0302e-02 1.0445e-04
9.3467e-04 9.3467e-04 6.5327e-05 3.6264e+04 9.2842e-04 9.2842e-04 9.4092e-04 9.4092e-04 3.2764e+01 1.8338e+22 1.2158e-03 1.5380e+00 -7.1072e+00 2.7495e+02 6.9615e+01 -1.6872e+00 3.4488e-01 -3.2890e-01 7.1296e+01 6.8147e+01 6.9402e+01 2.5527e+02 3.9904e+01 -5.6858e+01 9.3467e-01 9.3467e-01 6.5327e-02 1.1315e-04
9.2965e-04 9.2965e-04 7.0352e-05 3.8805e+04 9.2340e-04 9.2340e-04 9.3590e-04 9.3590e-04 3.2647e+01 1.8273e+22 1.2115e-03 1.5107e+00 -7.1779e+00 2.7491e+02 6.9355e+01 -1.6155e+00 3.4334e-01 -3.0383e-01 7.0976e+01 6.7928e+01 6.9160e+01 2.4796e+02 4.0721e+01 -5.8006e+01 9.2965e-01 9.2965e-01 7.0352e-02 1.2185e-04
9.2462e-04 9.2462e-04 7.5377e-05 4.1345e+04 9.1837e-04 9.1837e-04 9.3087e-04 9.3087e-04 3.2537e+01 1.8211e+22 1.2074e-03 1.4058e+00 -7.2847e+00 2.7486e+02 6.9110e+01 -1.5335e+00 3.4527e-01 -2.8265e-01 7.0680e+01 6.7717e+01 6.8934e+01 2.4248e+02 3.9204e+01 -5.5811e+01 9.2462e-01 9.2462e-01 7.5377e-02 1.3056e-04
9.1960e-04 9.1960e-04 8.0402e-05 4.3885e+04 9.1335e-04 9.1335e-04 9.2585e-04 9.2585e-04 3.2434e+01 1.8154e+22 1.2036e-03 1.3633e+00 -7.3487e+00 2.7484e+02 6.8887e+01 -1.4891e+00 3.2294e-01 -2.7345e-01 7.0401e+01 6.7552e+01 6.8707e+01 2.3852e+02 3.9847e+01 -4.9194e+01 9.1960e-01 9.1960e-01 8.0402e-02 1.3926e-04
9.1457e-04 9.1457e-04 8.5427e-05 4.6426e+04 9.0832e-04 9.0832e-04 9.2082e-04 9.2082e-04 3.2343e+01 1.8102e+22 1.2002e-03 1.2346e+00 -7.4457e+00 2.7480e+02 6.8682e+01 -1.4432e+00 3.0796e-01 -2.6624e-01 7.0152e+01 6.7393e+01 6.8500e+01 2.3488e+02 4.2908e+01 -4.4127e+01 9.1457e-01 9.1457e-01 8.5427e-02 1.4796e-04
9.0955e-04 9.0955e-04 9.0452e-05 4.8966e+04 9.0330e-04 9.0330e-04 9.1580e-04 9.1580e-04 3.2250e+01 1.8051e+22 1.1968e-03 1.1498e+00 -7.5191e+00 2.7477e+02 6.8477e+01 -1.3944e+00 3.0003e-01 -2.5998e-01 6.9898e+01 6.7232e+01 6.8301e+01 2.2992e+02 4.5263e+01 -4.3357e+01 9.0955e-01 9.0955e-01 9.0452e-02 1.5667e-04
9.0452e-04 9.0452e-04 9.5477e-05 5.1506e+04 8.9827e-04 8.9827e-04 9.1077e-04 9.1077e-04 3.2160e+01 1.8000e+22 1.1934e-03 1.0791e+00 -7.5603e+00 2.7473e+02 6.8278e+01 -1.3426e+00 2.9975e-01 -2.4829e-01 6.9644e+01 6.7075e+01 6.8113e+01 2.2506e+02 4.6014e+01 -4.5736e+01 9.0452e-01 9.0452e-01 9.5477e-02 1.6537e-04
8.9950e-04 8.9950e-04 1.0050e-04 5.4047e+04 8.9325e-04 8.9325e-04 9.0575e-04 9.0575e-04 3.2078e+01 1.7954e+22 1.1904e-03 9.6469e-01 -7.5827e+00 2.7470e+02 6.8094e+01 -1.2882e+00 3.0370e-01 -2.2622e-01 6.9409e+01 6.6932e+01 6.7941e+01 2.2213e+02 4.5183e+01 -4.8644e+01 8.9950e-01 8.9950e-01 1.0050e-01 1.7408e-04
8.9447e-04 8.9447e-04 1.0553e-04 5.6587e+04 8.8822e-04 8.8822e-04 9.0072e-04 9.0072e-04 3.1996e+01 1.7908e+22 1.1873e-03 9.5688e-01 -7.6239e+00 2.7469e+02 6.7919e+01 -1.2292e+00 2.8123e-01 -2.1051e-01 6.9176e+01 6.6802e+01 6.7778e+01 2.1806e+02 4.3269e+01 -5.0204e+01 8.9447e-01 8.9447e-01 1.0553e-01 1.8278e-04
8.8945e-04 8.8945e-04 1.1055e-04 5.9127e+04 8.8320e-04 8.8320e-04 8.9570e-04 8.9570e-04 3.1921e+01 1.7866e+22 1.1845e-03 8.9615e-01 -7.6858e+00 2.7466e+02 6.7751e+01 -1.1647e+00 2.6997e-01 -1.9832e-01 6.8962e+01 6.6667e+01 6.7625e+01 2.1588e+02 4.1376e+01 -5.1088e+01 8.8945e-01 8.8945e-01 1.1055e-01 1.9148e-04
8.8442e-04 8.8442e-04 1.1558e-04 6.1667e+04 8.7817e-04 8.7817e-04 8.9067e-04 8.9067e-04 3.1850e+01 1.7827e+22 1.1819e-03 8.3078e-01 -7.7217e+00 2.7465e+02 6.7598e+01 -1.1143e+00 2.5437e-01 -1.9525e-01 6.8768e+01 6.6539e+01 6.7486e+01 2.1150e+02 4.2025e+01 -4.7653e+01 8.8442e-01 8.8442e-01 1.1558e-01 2.0019e-04
8.7940e-04 8.7940e-04 1.2060e-04 6.4208e+04 8.7315e-04 8.7315e-04 8.8565e-04 8.8565e-04 3.1784e+01 1.7790e+22 1.1795e-03 7.4854e-01 -7.7392e+00 2.7465e+02 6.7458e+01 -1.0732e+00 2.3404e-01 -1.9564e-01 6.8591e+01 6.6424e+01 6.7358e+01 2.0537e+02 4.4271e+01 -4.2275e+01 8.7940e-01 8.7940e-01 1.2060e-01 2.0889e-04
8.7437e-04 8.7437e-04 1.2563e-04 6.6748e+04 8.6812e-04 8.6812e-04 8.8062e-04 8.8062e-04 3.1723e+01 1.7756e+22 1.1772e-03 6.3797e-01 -7.7580e+00 2.7464e+02 6.7326e+01 -1.0339e+00 2.1559e-01 -1.9270e-01 6.8423e+01 6.6321e+01 6.7233e+01 1.9923e+02 4.6023e+01 -3.8504e+01 8.7437e-01 8.7437e-01 1.2563e-01 2.1759e-04
8.6935e-04 8.6935e-04 1.3065e-04 6.9288e+04 8.6310e-04 8.6310e-04 8.7560e-04 8.7560e-04 3.1663e+01 1.7722e+22 1.1750e-03 5.6314e-01 -7.7794e+00 2.7461e+02 6.7191e+01 -1.0077e+00 2.2001e-01 -1.8967e-01 6.8250e+01 6.6226e+01 6.7097e+01 1.9490e+02 4.4433e+01 -3.7360e+01 8.6935e-01 8.6935e-01 1.3065e-01 2.2630e-04
8.6432e-04 8.6432e-04 1.3568e-04 7.1829e+04 8.5807e-04 8.5807e-04 8.7057e-04 8.7057e-04 3.1610e+01 1.7692e+22 1.1730e-03 4.4364e-01 -7.8206e+00 2.7458e+02 6.7070e+01 -9.7174e-01 2.2075e-01 -1.8527e-01 6.8100e+01 6.6133e+01 6.6977e+01 1.9266e+02 4.2407e+01 -3.5754e+01 8.6432e-01 8.6432e-01 1.3568e-01 2.3500e-04
8.5930e-04 8.5930e-04 1.4070e-04 7.4369e+04 8.5305e-04 8.5305e-04 8.6555e-04 8.6555e-04 3.1554e+01 1.7661e+22 1.1709e-03 3.6365e-01 -7.8164e+00 2.7454e+02 6.6943e+01 -9.3715e-01 2.1567e-01 -1.7684e-01 6.7936e+01 6.6043e+01 6.6848e+01 1.8877e+02 4.2033e+01 -3.5145e+01 8.5930e-01 8.5930e-01 1.4070e-01 2.4371e-04
8.5427e-04 8.5427e-04 1.4573e-04 7.6909e+04 8.4802e-04 8.4802e-04 8.6052e-04 8.6052e-04 3.1498e+01 1.7630e+22 1.1689e-03 2.9652e-01 -7.7802e+00 2.7451e+02 6.6816e+01 -9.0168e-01 2.0467e-01 -1.6983e-01 6.7770e+01 6.5955e+01 6.6724e+01 1.8467e+02 4.1172e+01 -3.5062e+01 8.5427e-01 8.5427e-01 1.4573e-01 2.5241e-04
8.4925e-04 8.4925e-04 1.5075e-04 7.9450e+04 8.4300e-04 8.4300e-04 8.5550e-04 8.5550e-04 3.1446e+01 1.7601e+22 1.1669e-03 2.1421e-01 -7.7383e+00 2.7448e+02 6.6699e+01 -8.6565e-01 1.9183e-01 -1.6760e-01 6.7618e+01 6.5865e+01 6.6616e+01 1.8160e+02 3.8359e+01 -3.5583e+01 8.4925e-01 8.4925e-01 1.5075e-01 2.6111e-04
8.4422e-04 8.4422e-04 1.5578e-04 8.1990e+04 8.3797e-04 8.3797e-04 8.5047e-04 8.5047e-04 3.1393e+01 1.7571e+22 1.1649e-03 1.5937e-01 -7.7063e+00 2.7450e+02 6.6591e+01 -8.4784e-01 1.9372e-01 -1.6087e-01 6.7476e+01 6.5786e+01 6.6512e+01 1.7648e+02 3.7200e+01 -4.0179e+01 8.4422e-01 8.4422e-01 1.5578e-01 2.6982e-04
8.3920e-04 8.3920e-04 1.6080e-04 8.4530e+04 8.3295e-04 8.3295e-04 8.4545e-04 8.4545e-04 3.1345e+01 1.7544e+22 1.1632e-03 7.3237e-02 -7.7058e+00 2.7454e+02 6.6498e+01 -8.2088e-01 1.9232e-01 -1.5662e-01 6.7345e+01 6.5722e+01 6.6426e+01 1.7036e+02 3.7008e+01 -4.1204e+01 8.3920e-01 8.3920e-01 1.6080e-01 2.7852e-04
8.3417e-04 8.3417e-04 1.6583e-04 8.7070e+04 8.2792e-04 8.2792e-04 8.4042e-04 8.4042e-04 3.1295e+01 1.7516e+22 1.1613e-03 -3.8890e-02 -7.7010e+00 2.7453e+02 6.6393e+01 -7.8993e-01 1.8573e-01 -1.4320e-01 6.7203e+01 6.5647e+01 6.6328e+01 1.6594e+02 3.9760e+01 -3.8545e+01 8.3417e-01 8.3417e-01 1.6583e-01 2.8722e-04
8.2915e-04 8.2915e-04 1.7085e-04 8.9611e+04 8.2290e-04 8.2290e-04 8.3540e-04 8.3540e-04 3.1248e+01 1.7490e+22 1.1596e-03 -1.6772e-01 -7.6925e+00 2.7450e+02 6.6284e+01 -7.5786e-01 1.7274e-01 -1.2812e-01 6.7060e+01 6.5568e+01 6.6224e+01 1.6374e+02 4.3700e+01 -3.4410e+01 8.2915e-01 8.2915e-01 1.7085e-01 2.9593e-04
8.2412e-04 8.2412e-04 1.7588e-04 9.2151e+04 8.1787e-04 8.1787e-04 8.3037e-04 8.3037e-04 3.1203e+01 1.7465e+22 1.1579e-03 -2.9574e-01 -7.6828e+00 2.7446e+02 6.6179e+01 -7.2910e-01 1.5753e-01 -1.1818e-01 6.6924e+01 6.5491e+01 6.6121e+01 1.6242e+02 4.6934e+01 -3.0976e+01 8.2412e-01 8.2412e-01 1.7588e-01 3.0463e-04
8.1910e-04 8.1910e-04 1.8090e-04 9.4691e+04 8.1285e-04 8.1285e-04 8.2535e-04 8.2535e-04 3.1160e+01 1.7440e+22 1.1563e-03 -3.8644e-01 -7.6664e+00 2.7443e+02 6.6080e+01 -7.1303e-01 1.5756e-01 -1.1176e-01 6.6793e+01 6.5424e+01 6.6021e+01 1.5664e+02 4.8567e+01 -2.9458e+01 8.1910e-01 8.1910e-01 1.8090e-01 3.1334e-04
8.1407e-04 8.1407e-04 1.8593e-04 9.7232e+04 8.0782e-04 8.0782e-04 8.2032e-04 8.2032e-04 3.1121e+01 1.7418e+22 1.1548e-03 -4.7326e-01 -7.6258e+00 2.7440e+02 6.5990e+01 -6.8931e-01 1.5980e-01 -1.0560e-01 6.6664e+01 6.5370e+01 6.5935e+01 1.5137e+02 5.1442e+01 -2.8734e+01 8.1407e-01 8.1407e-01 1.8593e-01 3.2204e-04
8.0905e-04 8.0905e-04 1.9095e-04 9.9772e+04 8.0280e-04 8.0280e-04 8.1530e-04 8.1530e-04 3.1084e+01 1.7398e+22 1.1535e-03 -5.6333e-01 -7.5642e+00 2.7438e+02 6.5907e+01 -6.6379e-01 1.5596e-01 -9.6715e-02 6.6549e+01 6.5317e+01 6.5855e+01 1.4979e+02 4.6820e+01 -2.6446e+01 8.0905e-01 8.0905e-01 1.9095e-01 3.3074e-04
8.0402e-04 8.0402e-04 1.9598e-04 1.0231e+05 7.9777e-04 7.9777e-04 8.1027e-04 8.1027e-04 3.1049e+01 1.7378e+22 1.1522e-03 -6.6694e-01 -7.5018e+00 2.7435e+02 6.5827e+01 -6.3579e-01 1.5041e-01 -8.5464e-02 6.6440e+01 6.5262e+01 6.5778e+01 1.4945e+02 3.9842e+01 -2.4220e+01 8.0402e-01 8.0402e-01 1.9598e-01 3.3945e-04
7.9899e-04 7.9899e-04 2.0101e-04 1.0485e+05 7.9274e-04 7.9274e-04 8.0525e-04 8.0525e-04 3.1015e+01 1.7359e+22 1.1509e-03 -7.8990e-01 -7.4465e+00 2.7433e+02 6.5748e+01 -6.0617e-01 1.4488e-01 -7.5423e-02 6.6333e+01 6.5206e+01 6.5705e+01 1.4819e+02 3.4972e+01 -2.3154e+01 7.9899e-01 7.9899e-01 2.0101e-01 3.4815e-04
7.9397e-04 7.9397e-04 2.0603e-04 1.0739e+05 7.8772e-04 7.8772e-04 8.0022e-04 8.0022e-04 3.0981e+01 1.7340e+22 1.1497e-03 -9.3051e-01 -7.3796e+00 2.7433e+02 6.5677e+01 -5.7980e-01 1.3382e-01 -7.5842e-02 6.6238e+01 6.5156e+01 6.5637e+01 1.4533e+02 3.3042e+01 -2.2720e+01 7.9397e-01 7.9397e-01 2.0603e-01 3.5685e-04
7.8894e-04 7.8894e-04 2.1106e-04 1.0993e+05 7.8269e-04 7.8269e-04 7.9519e-04 7.9519e-04 3.0948e+01 1.7322e+22 1.1484e-03 -1.0634e+00 -7.3060e+00 2.7427e+02 6.5594e+01 -5.4932e-01 1.2175e-01 -8.2282e-02 6.6130e+01 6.5091e+01 6.5561e+01 1.4127e+02 3.3713e+01 -2.3170e+01 7.8894e-01 7.8894e-01 2.1106e-01 3.6556e-04
7.8392e-04 7.8392e-04 2.1608e-04 1.1247e+05 7.7767e-04 7.7767e-04 7.9017e-04 7.9017e-04 3.0917e+01 1.7305e+22 1.1473e-03 -1.1752e+00 -7.2572e+00 2.7422e+02 6.5515e+01 -5.3654e-01 1.1888e-01 -8.3378e-02 6.6018e+01 6.5042e+01 6.5487e+01 1.4050e+02 3.2284e+01 -2.3745e+01 7.8392e-01 7.8392e-01 2.1608e-01 3.7426e-04
7.7889e-04 7.7889e-04 2.2111e-04 1.1501e+05 7.7264e-04 7.7264e-04 7.8514e-04 7.8514e-04 3.0889e+01 1.7289e+22 1.1462e-03 -1.3010e+00 -7.2285e+00 2.7419e+02 6.5447e+01 -5.2816e-01 1.1811e-01 -8.3380e-02 6.5914e+01 6.5004e+01 6.5424e+01 1.4245e+02 2.9340e+01 -2.5201e+01 7.7889e-01 7.7889e-01 2.2111e-01 3.8297e-04
7.7387e-04 7.7387e-04 2.2613e-04 1.1755e+05 7.6762e-04 7.6762e-04 7.8012e-04 7.8012e-04 3.0860e+01 1.7273e+22 1.1452e-03 -1.4450e+00 -7.1914e+00 2.7417e+02 6.5383e+01 -5.1214e-01 1.1591e-01 -8.2674e-02 6.5816e+01 6.4969e+01 6.5363e+01 1.4379e+02 2.6136e+01 -2.6430e+01 7.7387e-01 7.7387e-01 2.2613e-01 3.9167e-04
7.6884e-04 7.6884e-04 2.3116e-04 1.2009e+05 7.6259e-04 7.6259e-04 7.7509e-04 7.7509e-04 3.0826e+01 1.7254e+22 1.1439e-03 -1.5644e+00 -7.0874e+00 2.7413e+02 6.5301e+01 -4.8079e-01 1.1510e-01 -7.4947e-02 6.5707e+01 6.4923e+01 6.5274e+01 1.3763e+02 2.4455e+01 -2.3572e+01 7.6884e-01 7.6884e-01 2.3116e-01 4.0037e-04
7.6382e-04 7.6382e-04 2.3618e-04 1.2263e+05 7.5757e-04 7.5757e-04 7.7007e-04 7.7007e-04 3.0801e+01 1.7239e+22 1.1430e-03 -1.7112e+00 -6.9967e+00 2.7407e+02 6.5233e+01 -4.5450e-01 1.1000e-01 -6.6996e-02 6.5615e+01 6.4878e+01 6.5207e+01 1.3356e+02 2.4331e+01 -2.3535e+01 7.6382e-01 7.6382e-01 2.3618e-01 4.0908e-04
7.5879e-04 7.5879e-04 2.4121e-04 1.2517e+05 7.5254e-04 7.5254e-04 7.6504e-04 7.6504e-04 3.0771e+01 1.7223e+22 1.1419e-03 -1.8164e+00 -6.9067e+00 2.7408e+02 6.5173e+01 -4.4170e-01 1.0782e-01 -5.8890e-02 6.5539e+01 6.4835e+01 6.5145e+01 1.2930e+02 2.5088e+01 -2.2167e+01 7.5879e-01 7.5879e-01 2.4121e-01 4.1778e-04
7.5377e-04 7.5377e-04 2.4623e-04 1.2772e+05 7.4752e-04 7.4752e-04 7.6002e-04 7.6002e-04 3.0741e+01 1.7206e+22 1.1407e-03 -1.9090e+00 -6.8274e+00 2.7412e+02 6.5117e+01 -4.2953e-01 1.0671e-01 -5.2058e-02 6.5471e+01 6.4794e+01 6.5087e+01 1.2605e+02 2.5932e+01 -2.1397e+01 7.5377e-01 7.5377e-01 2.4623e-01 4.2648e-04
7.4874e-04 7.4874e-04 2.5126e-04 1.3026e+05 7.4249e-04 7.4249e-04 7.5499e-04 7.5499e-04 3.0710e+01 1.7189e+22 1.1396e-03 -2.0072e+00 -6.7543e+00 2.7414e+02 6.5058e+01 -4.1093e-01 1.0482e-01 -4.8309e-02 6.5395e+01 6.4754e+01 6.5027e+01 1.2378e+02 2.6548e+01 -2.0456e+01 7.4874e-01 7.4874e-01 2.5126e-01 4.3519e-04
7.4372e-04 7.4372e-04 2.5628e-04 1.3280e+05 7.3747e-04 7.3747e-04 7.4997e-04 7.4997e-04 3.0679e+01 1.7171e+22 1.1385e-03 -2.1152e+00 -6.6668e+00 2.7411e+02 6.4985e+01 -3.8566e-01 1.0059e-01 -4.9680e-02 6.5286e+01 6.4717e+01 6.4952e+01 1.2105e+02 2.7156e+01 -1.5633e+01 7.4372e-01 7.4372e-01 2.5628e-01 4.4389e-04
7.3869e-04 7.3869e-04 2.6131e-04 1.3534e+05 7.3244e-04 7.3244e-04 7.4494e-04 7.4494e-04 3.0645e+01 1.7152e+22 1.1372e-03 -2.2372e+00 -6.5866e+00 2.7411e+02 6.4913e+01 -3.4975e-01 9.4618e-02 -4.4340e-02 6.5179e+01 6.4675e+01 6.4885e+01 1.1837e+02 3.0032e+01 -9.0129e+00 7.3869e-01 7.3869e-01 2.6131e-01 4.5260e-04
7.3367e-04 7.3367e-04 2.6633e-04 1.3788e+05 7.2742e-04 7.2742e-04 7.3992e-04 7.3992e-04 3.0618e+01 1.7137e+22 1.1362e-03 -2.3686e+00 -6.4686e+00 2.7410e+02 6.4853e+01 -3.2465e-01 9.0977e-02 -3.2016e-02 6.5096e+01 6.4626e+01 6.4836e+01 1.1724e+02 2.9580e+01 -1.2085e+01 7.3367e-01 7.3367e-01 2.6633e-01 4.6130e-04
7.2864e-04 7.2864e-04 2.7136e-04 1.4042e+05 7.2239e-04 7.2239e-04 7.3489e-04 7.3489e-04 3.0593e+01 1.7123e+22 1.1353e-03 -2.5012e+00 -6.3368e+00 2.7409e+02 6.4799e+01 -3.0655e-01 9.1572e-02 -2.3672e-02 6.5026e+01 6.4583e+01 6.4788e+01 1.1491e+02 2.8406e+01 -1.8114e+01 7.2864e-01 7.2864e-01 2.7136e-01 4.7000e-04
7.2362e-04 7.2362e-04 2.7638e-04 1.4296e+05 7.1737e-04 7.1737e-04 7.2987e-04 7.2987e-04 3.0571e+01 1.7111e+22 1.1345e-03 -2.6319e+00 -6.2149e+00 2.7408e+02 6.4750e+01 -2.9327e-01 9.4729e-02 -2.6070e-02 6.4961e+01 6.4554e+01 6.4735e+01 1.1265e+02 2.6533e+01 -2.2107e+01 7.2362e-01 7.2362e-01 2.7638e-01 4.7871e-04
7.1859e-04 7.1859e-04 2.8141e-04 1.4550e+05 7.1234e-04 7.1234e-04 7.2484e-04 7.2484e-04 3.0556e+01 1.7103e+22 1.1339e-03 -2.7620e+00 -6.1230e+00 2.7401e+02 6.4702e+01 -2.8355e-01 9.5803e-02 -4.1393e-02 6.4889e+01 6.4534e+01 6.4682e+01 1.1465e+02 2.2027e+01 -2.0890e+01 7.1859e-01 7.1859e-01 2.8141e-01 4.8741e-04
7.1357e-04 7.1357e-04 2.8643e-04 1.4804e+05 7.0732e-04 7.0732e-04 7.1982e-04 7.1982e-04 3.0533e+01 1.7089e+22 1.1330e-03 -2.8935e+00 -6.0129e+00 2.7398e+02 6.4645e+01 -2.6578e-01 8.8951e-02 -4.6018e-02 6.4804e+01 6.4496e+01 6.4634e+01 1.1443e+02 1.6974e+01 -2.0027e+01 7.1357e-01 7.1357e-01 2.8643e-01 4.9612e-04
7.0854e-04 7.0854e-04 2.9146e-04 1.5058e+05 7.0229e-04 7.0229e-04 7.1479e-04 7.1479e-04 3.0513e+01 1.7078e+22 1.1323e-03 -3.0389e+00 -5.9171e+00 2.7394e+02 6.4593e+01 -2.4823e-01 7.4467e-02 -3.6516e-02 6.4737e+01 6.4455e+01 6.4588e+01 1.1280e+02 1.9217e+01 -1.7384e+01 7.0854e-01 7.0854e-01 2.9146e-01 5.0482e-04
7.0352e-04 7.0352e-04 2.9648e-04 1.5312e+05 6.9727e-04 6.9727e-04 7.0977e-04 7.0977e-04 3.0493e+01 1.7067e+22 1.1315e-03 -3.1763e+00 -5.8355e+00 2.7392e+02 6.4545e+01 -2.3425e-01 6.0808e-02 -2.2772e-02 6.4679e+01 6.4417e+01 6.4538e+01 1.1043e+02 2.1426e+01 -1.5835e+01 7.0352e-01 7.0352e-01 2.9648e-01 5.1352e-04
6.9849e-04 6.9849e-04 3.0151e-04 1.5566e+05 6.9224e-04 6.9224e-04 7.0474e-04 7.0474e-04 3.0472e+01 1.7055e+22 1.1308e-03 -3.2943e+00 -5.7430e+00 2.7392e+02 6.4500e+01 -2.2161e-01 5.4526e-02 -1.2169e-02 6.4625e+01 6.4387e+01 6.4487e+01 1.0775e+02 2.0628e+01 -1.6484e+01 6.9849e-01 6.9849e-01 3.0151e-01 5.2223e-04
6.9347e-04 6.9347e-04 3.0653e-04 1.5820e+05 6.8722e-04 6.8722e-04 6.9972e-04 6.9972e-04 3.0454e+01 1.7046e+22 1.1301e-03 -3.3912e+00 -5.6034e+00 2.7391e+02 6.4462e+01 -2.0488e-01 5.9493e-02 -9.6045e-03 6.4571e+01 6.4374e+01 6.4442e+01 1.0493e+02 1.6879e+01 -1.9173e+01 6.9347e-01 6.9347e-01 3.0653e-01 5.3093e-04
6.8844e-04 6.8844e-04 3.1156e-04 1.6074e+05 6.8219e-04 6.8219e-04 6.9469e-04 6.9469e-04 3.0442e+01 1.7039e+22 1.1297e-03 -3.5059e+00 -5.4417e+00 2.7389e+02 6.4431e+01 -1.8216e-01 5.9148e-02 -4.8499e-03 6.4522e+01 6.4364e+01 6.4407e+01 1.0088e+02 1.5551e+01 -2.1832e+01 6.8844e-01 6.8844e-01 3.1156e-01 5.3963e-04
6.8342e-04 6.8342e-04 3.1658e-04 1.6328e+05 6.7717e-04 6.7717e-04 6.8967e-04 6.8967e-04 3.0419e+01 1.7026e+22 1.1288e-03 -3.6384e+00 -5.2733e+00 2.7387e+02 6.4376e+01 -1.6199e-01 5.4286e-02 -1.9650e-04 6.4452e+01 6.4319e+01 6.4358e+01 1.0227e+02 1.5925e+01 -2.0010e+01 6.8342e-01 6.8342e-01 3.1658e-01 5.4834e-04
6.7839e-04 6.7839e-04 3.2161e-04 1.6582e+05 6.7214e-04 6.7214e-04 6.8464e-04 6.8464e-04 3.0396e+01 1.7013e+22 1.1280e-03 -3.7747e+00 -5.0915e+00 2.7382e+02 6.4318e+01 -1.4548e-01 5.2323e-02 5.6620e-03 6.4382e+01 6.4269e+01 6.4304e+01 1.0366e+02 1.5523e+01 -1.8131e+01 6.7839e-01 6.7839e-01 3.2161e-01 5.5704e-04
6.7337e-04 6.7337e-04 3.2663e-04 1.6836e+05 6.6712e-04 6.6712e-04 6.7962e-04 6.7962e-04 3.0378e+01 1.7003e+22 1.1273e-03 -3.8974e+00 -4.9230e+00 2.7378e+02 6.4267e+01 -1.2849e-01 5.1647e-02 1.2115e-02 6.4328e+01 6.4222e+01 6.4252e+01 1.0351e+02 1.3868e+01 -1.7442e+01 6.7337e-01 6.7337e-01 3.2663e-01 5.6575e-04
6.6834e-04 6.6834e-04 3.3166e-04 1.7090e+05 6.6209e-04 6.6209e-04 6.7459e-04 6.7459e-04 3.0363e+01 1.6994e+22 1.1267e-03 -3.9891e+00 -4.8011e+00 2.7374e+02 6.4229e+01 -1.0548e-01 4.7689e-02 1.7929e-02 6.4296e+01 6.4181e+01 6.4209e+01 1.0255e+02 1.1728e+01 -1.7552e+01 6.6834e-01 6.6834e-01 3.3166e-01 5.7445e-04
6.6332e-04 6.6332e-04 3.3668e-04 1.7344e+05 6.5707e-04 6.5707e-04 6.6957e-04 6.6957e-04 3.0351e+01 1.6987e+22 1.1263e-03 -4.0486e+00 -4.6838e+00 2.7369e+02 6.4190e+01 -8.0443e-02 4.6596e-02 2.4442e-02 6.4271e+01 6.4135e+01 6.4164e+01 1.0634e+02 1.2728e+01 -1.6156e+01 6.6332e-01 6.6332e-01 3.3668e-01 5.8315e-04
6.5829e-04 6.5829e-04 3.4171e-04 1.7598e+05 6.5204e-04 6.5204e-04 6.6454e-04 6.6454e-04 3.0330e+01 1.6976e+22 1.1255e-03 -4.1856e+00 -4.5704e+00 2.7372e+02 6.4154e+01 -6.4329e-02 4.2783e-02 1.8107e-02 6.4207e+01 6.4120e+01 6.4136e+01 1.0440e+02 1.3001e+01 -1.2845e+01 6.5829e-01 6.5829e-01 3.4171e-01 5.9186e-04
6.5327e-04 6.5327e-04 3.4673e-04 1.7852e+05 6.4702e-04 6.4702e-04 6.5952e-04 6.5952e-04 3.0310e+01 1.6965e+22 1.1248e-03 -4.3677e+00 -4.4327e+00 2.7376e+02 6.4122e+01 -4.5006e-02 4.4361e-02 1.2824e-02 6.4143e+01 6.4108e+01 6.4114e+01 1.0381e+02 1.1823e+01 -8.8074e+00 6.5327e-01 6.5327e-01 3.4673e-01 6.0056e-04
6.4824e-04 6.4824e-04 3.5176e-04 1.8106e+05 6.4199e-04 6.4199e-04 6.5449e-04 6.5449e-04 3.0292e+01 1.6955e+22 1.1241e-03 -4.5540e+00 -4.2756e+00 2.7378e+02 6.4087e+01 -2.2385e-02 4.6941e-02 1.2505e-02 6.4085e+01 6.4087e+01 6.4089e+01 1.0392e+02 1.0223e+01 -5.6872e+00 6.4824e-01 6.4824e-01 3.5176e-01 6.0926e-04
6.4322e-04 6.4322e-04 3.5678e-04 1.8360e+05 6.3697e-04 6.3697e-04 6.4947e-04 6.4947e-04 3.0275e+01 1.6945e+22 1.1235e-03 -4.7073e+00 -4.1152e+00 2.7376e+02 6.4047e+01 4.0477e-04 4.4057e-02 1.7294e-02 6.4028e+01 6.4054e+01 6.4058e+01 1.0194e+02 9.8102e+00 -4.5572e+00 6.4322e-01 6.4322e-01 3.5678e-01 6.1797e-04
6.3819e-04 6.3819e-04 3.6181e-04 1.8614e+05 6.3194e-04 6.3194e-04 6.4444e-04 6.4444e-04 3.0258e+01 1.6936e+22 1.1228e-03 -4.8373e+00 -3.9641e+00 2.7376e+02 6.4011e+01 2.5897e-02 4.2821e-02 2.5387e-02 6.3975e+01 6.4024e+01 6.4032e+01 9.7561e+01 1.1994e+01 -2.0343e+00 6.3819e-01 6.3819e-01 3.6181e-01 6.2667e-04
6.3317e-04 6.3317e-04 3.6683e-04 1.8868e+05 6.2692e-04 6.2692e-04 6.3942e-04 6.3942e-04 3.0248e+01 1.6930e+22 1.1224e-03 -4.9149e+00 -3.8351e+00 2.7373e+02 6.3983e+01 3.2950e-02 4.1605e-02 2.2343e-02 6.3940e+01 6.4007e+01 6.4003e+01 9.2892e+01 1.2241e+01 -4.4231e+00 6.3317e-01 6.3317e-01 3.6683e-01 6.3538e-04
6.2814e-04 6.2814e-04 3.7186e-04 1.9122e+05 6.2189e-04 6.2189e-04 6.3439e-04 6.3439e-04 3.0239e+01 1.6925e+22 1.1221e-03 -4.9872e+00 -3.7181e+00 2.7370e+02 6.3956e+01 3.8727e-02 3.8312e-02 2.0894e-02 6.3910e+01 6.3983e+01 6.3975e+01 9.0334e+01 9.8747e+00 -8.3261e+00 6.2814e-01 6.2814e-01 3.7186e-01 6.4408e-04
6.2312e-04 6.2312e-04 3.7688e-04 1.9376e+05 6.1687e-04 6.1687e-04 6.2937e-04 6.2937e-04 3.0227e+01 1.6918e+22 1.1217e-03 -5.0651e+00 -3.5867e+00 2.7367e+02 6.3925e+01 5.1303e-02 3.1744e-02 1.9165e-02 6.3877e+01 6.3960e+01 6.3937e+01 9.0463e+01 6.1710e+00 -9.8155e+00 6.2312e-01 6.2312e-01 3.7688e-01 6.5278e-04
6.1809e-04 6.1809e-04 3.8191e-04 1.9630e+05 6.1184e-04 6.1184e-04 6.2434e-04 6.2434e-04 3.0209e+01 1.6908e+22 1.1210e-03 -5.1486e+00 -3.4234e+00 2.7368e+02 6.3888e+01 7.3713e-02 2.3438e-02 1.4577e-02 6.3834e+01 6.3944e+01 6.3885e+01 9.2772e+01 3.0419e+00 -7.0703e+00 6.1809e-01 6.1809e-01 3.8191e-01 6.6149e-04
6.1307e-04 6.1307e-04 3.8693e-04 1.9884e+05 6.0682e-04 6.0682e-04 6.1932e-04 6.1932e-04 3.0196e+01 1.6901e+22 1.1205e-03 -5.2293e+00 -3.2661e+00 2.7367e+02 6.3858e+01 9.7498e-02 2.5606e-02 1.7074e-02 6.3799e+01 6.3933e+01 6.3841e+01 9.4530e+01 2.8168e+00 -7.8923e+00 6.1307e-01 6.1307e-01 3.8693e-01 6.7019e-04
6.0804e-04 6.0804e-04 3.9196e-04 2.0138e+05 6.0179e-04 6.0179e-04 6.1429e-04 6.1429e-04 3.0187e+01 1.6896e+22 1.1202e-03 -5.3281e+00 -3.1151e+00 2.7366e+02 6.3837e+01 1.1027e-01 2.6686e-02 6.3353e-03 6.3779e+01 6.3917e+01 6.3814e+01 9.0636e+01 3.7697e+00 -5.4218e+00 6.0804e-01 6.0804e-01 3.9196e-01 6.7889e-04
6.0302e-04 6.0302e-04 3.9698e-04 2.0392e+05 5.9677e-04 5.9677e-04 6.0927e-04 6.0927e-04 3.0174e+01 1.6889e+22 1.1197e-03 -5.4244e+00 -2.9669e+00 2.7366e+02 6.3810e+01 1.2288e-01 2.4412e-02 -6.9901e-03 6.3759e+01 6.3894e+01 6.3776e+01 8.6647e+01 3.5202e+00 -1.9791e+00 6.0302e-01 6.0302e-01 3.9698e-01 6.8760e-04
5.9799e-04 5.9799e-04 4.0201e-04 2.0646e+05 5.9174e-04 5.9174e-04 6.0424e-04 6.0424e-04 3.0161e+01 1.6881e+22 1.1192e-03 -5.5080e+00 -2.8095e+00 2.7364e+02 6.3776e+01 1.3702e-01 1.6197e-02 -9.9285e-03 6.3726e+01 6.3860e+01 6.3742e+01 8.3807e+01 8.6258e-01 4.9210e-01 5.9799e-01 5.9799e-01 4.0201e-01 6.9630e-04
5.9296e-04 5.9296e-04 4.0704e-04 2.0900e+05 5.8671e-04 5.8671e-04 5.9921e-04 5.9921e-04 3.0150e+01 1.6875e+22 1.1188e-03 -5.5734e+00 -2.6317e+00 2.7357e+02 6.3738e+01 1.5109e-01 1.1113e-03 2.7988e-03 6.3677e+01 6.3817e+01 6.3721e+01 8.2093e+01 -4.1021e+00 1.1005e+00 5.9296e-01 5.9296e-01 4.0704e-01 7.0501e-04
5.8794e-04 5.8794e-04 4.1206e-04 2.1155e+05 5.8169e-04 5.8169e-04 5.9419e-04 5.9419e-04 3.0137e+01 1.6868e+22 1.1183e-03 -5.6239e+00 -2.4287e+00 2.7354e+02 6.3703e+01 1.5787e-01 -1.7373e-02 1.1912e-02 6.3640e+01 6.3781e+01 6.3689e+01 7.9920e+01 -8.0785e+00 2.0066e+00 5.8794e-01 5.8794e-01 4.1206e-01 7.1371e-04
5.8291e-04 5.8291e-04 4.1709e-04 2.1409e+05 5.7666e-04 5.7666e-04 5.8916e-04 5.8916e-04 3.0124e+01 1.6861e+22 1.1179e-03 -5.7004e+00 -2.2873e+00 2.7355e+02 6.3679e+01 1.6889e-01 -1.0344e-02 9.4704e-03 6.3607e+01 6.3759e+01 6.3670e+01 7.8939e+01 -9.1740e+00 2.3501e+00 5.8291e-01 5.8291e-01 4.1709e-01 7.2241e-04
5.7789e-04 5.7789e-04 4.2211e-04 2.1663e+05 5.7164e-04 5.7164e-04 5.8414e-04 5.8414e-04 3.0112e+01 1.6854e+22 1.1174e-03 -5.7944e+00 -2.1221e+00 2.7355e+02 6.3653e+01 1.8138e-01 -6.7337e-03 6.8169e-03 6.3576e+01 6.3735e+01 6.3648e+01 8.0120e+01 -1.2958e+01 2.8829e+00 5.7789e-01 5.7789e-01 4.2211e-01 7.3112e-04
5.7286e-04 5.7286e-04 4.2714e-04 2.1917e+05 5.6661e-04 5.6661e-04 5.7911e-04 5.7911e-04 3.0102e+01 1.6848e+22 1.1171e-03 -5.8770e+00 -1.9590e+00 2.7353e+02 6.3629e+01 1.9311e-01 -6.7414e-03 5.8460e-03 6.3554e+01 6.3708e+01 6.3623e+01 8.0190e+01 -1.4815e+01 3.5655e+00 5.7286e-01 5.7286e-01 4.2714e-01 7.3982e-04
5.6784e-04 5.6784e-04 4.3216e-04 2.2171e+05 5.6159e-04 5.6159e-04 5.7409e-04 5.7409e-04 3.0096e+01 1.6845e+22 1.1168e-03 -5.9325e+00 -1.8156e+00 2.7351e+02 6.3609e+01 2.0295e-01 -7.0626e-03 6.3923e-03 6.3545e+01 6.3682e+01 6.3600e+01 7.7906e+01 -1.1870e+01 3.9763e+00 5.6784e-01 5.6784e-01 4.3216e-01 7.4852e-04
5.6281e-04 5.6281e-04 4.3719e-04 2.2425e+05 5.5656e-04 5.5656e-04 5.6906e-04 5.6906e-04 3.0090e+01 1.6841e+22 1.1166e-03 -5.9812e+00 -1.6577e+00 2.7349e+02 6.3592e+01 2.1196e-01 -4.4491e-03 6.2198e-03 6.3535e+01 6.3659e+01 6.3583e+01 7.7990e+01 -7.9864e+00 2.9800e+00 5.6281e-01 5.6281e-01 4.3719e-01 7.5723e-04
5.5779e-04 5.5779e-04 4.4221e-04 2.2679e+05 5.5154e-04 5.5154e-04 5.6404e-04 5.6404e-04 3.0076e+01 1.6834e+22 1.1161e-03 -6.0564e+00 -1.4931e+00 2.7350e+02 6.3566e+01 2.3768e-01 -2.0096e-04 5.5829e-03 6.3507e+01 6.3631e+01 6.3561e+01 7.6190e+01 -5.9270e+00 5.0547e-01 5.5779e-01 5.5779e-01 4.4221e-01 7.6593e-04
5.5276e-04 5.5276e-04 4.4724e-04 2.2933e+05 5.4651e-04 5.4651e-04 5.5901e-04 5.5901e-04 3.0062e+01 1.6826e+22 1.1156e-03 -6.1440e+00 -1.3187e+00 2.7350e+02 6.3536e+01 2.5714e-01 -3.0157e-03 7.0860e-03 6.3481e+01 6.3590e+01 6.3536e+01 7.5680e+01 -4.2591e+00 -8.9190e-01 5.5276e-01 5.5276e-01 4.4724e-01 7.7464e-04
5.4774e-04 5.4774e-04 4.5226e-04 2.3187e+05 5.4149e-04 5.4149e-04 5.5399e-04 5.5399e-04 3.0051e+01 1.6820e+22 1.1152e-03 -6.1984e+00 -1.1642e+00 2.7348e+02 6.3509e+01 2.6935e-01 -4.1076e-03 1.2195e-02 6.3459e+01 6.3556e+01 6.3511e+01 7.5031e+01 -5.3967e+00 -1.7055e+00 5.4774e-01 5.4774e-01 4.5226e-01 7.8334e-04
5.4271e-04 5.4271e-04 4.5729e-04 2.3441e+05 5.3646e-04 5.3646e-04 5.4896e-04 5.4896e-04 3.0044e+01 1.6816e+22 1.1149e-03 -6.2020e+00 -1.0392e+00 2.7346e+02 6.3488e+01 2.7616e-01 2.6005e-04 2.0268e-02 6.3441e+01 6.3537e+01 6.3486e+01 7.3429e+01 -9.8065e+00 -2.6942e+00 5.4271e-01 5.4271e-01 4.5729e-01 7.9204e-04
5.3769e-04 5.3769e-04 4.6231e-04 2.3695e+05 5.3144e-04 5.3144e-04 5.4394e-04 5.4394e-04 3.0035e+01 1.6811e+22 1.1145e-03 -6.1882e+00 -9.1452e-01 2.7347e+02 6.3472e+01 2.8092e-01 2.6429e-03 2.7298e-02 6.3427e+01 6.3527e+01 6.3460e+01 7.1763e+01 -1.4173e+01 -4.6620e+00 5.3769e-01 5.3769e-01 4.6231e-01 8.0075e-04
5.3266e-04 5.3266e-04 4.6734e-04 2.3949e+05 5.2641e-04 5.2641e-04 5.3891e-04 5.3891e-04 3.0027e+01 1.6807e+22 1.1143e-03 -6.2123e+00 -7.8291e-01 2.7346e+02 6.3453e+01 2.9039e-01 3.3960e-03 2.8460e-02 6.3413e+01 6.3500e+01 6.3445e+01 6.9741e+01 -1.7177e+01 -2.2085e+00 5.3266e-01 5.3266e-01 4.6734e-01 8.0945e-04
5.2764e-04 5.2764e-04 4.7236e-04 2.4203e+05 5.2139e-04 5.2139e-04 5.3389e-04 5.3389e-04 3.0020e+01 1.6802e+22 1.1140e-03 -6.2533e+00 -6.5421e-01 2.7343e+02 6.3432e+01 2.9911e-01 2.2845e-03 2.9831e-02 6.3402e+01 6.3474e+01 6.3419e+01 6.5944e+01 -1.8375e+01 -1.6313e+00 5.2764e-01 5.2764e-01 4.7236e-01 8.1815e-04
5.2261e-04 5.2261e-04 4.7739e-04 2.4457e+05 5.1636e-04 5.1636e-04 5.2886e-04 5.2886e-04 3.0012e+01 1.6798e+22 1.1137e-03 -6.2976e+00 -4.8878e-01 2.7342e+02 6.3412e+01 3.1200e-01 4.1292e-03 2.1104e-02 6.3387e+01 6.3452e+01 6.3396e+01 6.3762e+01 -1.8781e+01 -8.9785e-01 5.2261e-01 5.2261e-01 4.7739e-01 8.2686e-04
5.1759e-04 5.1759e-04 4.8241e-04 2.4711e+05 5.1134e-04 5.1134e-04 5.2384e-04 5.2384e-04 3.0005e+01 1.6794e+22 1.1134e-03 -6.3341e+00 -2.8835e-01 2.7341e+02 6.3395e+01 3.3018e-01 9.2410e-03 3.8673e-03 6.3367e+01 6.3434e+01 6.3383e+01 6.4422e+01 -1.9557e+01 9.8989e-01 5.1759e-01 5.1759e-01 4.8241e-01 8.3556e-04
5.1256e-04 5.1256e-04 4.8744e-04 2.4965e+05 5.0631e-04 5.0631e-04 5.1881e-04 5.1881e-04 2.9998e+01 1.6790e+22 1.1132e-03 -6.3557e+00 -1.1103e-01 2.7342e+02 6.3381e+01 3.4922e-01 1.1761e-02 -3.9376e-03 6.3353e+01 6.3419e+01 6.3372e+01 6.6054e+01 -2.1957e+01 3.1959e+00 5.1256e-01 5.1256e-01 4.8744e-01 8.4427e-04
5.0754e-04 5.0754e-04 4.9246e-04 2.5219e+05 5.0129e-04 5.0129e-04 5.1379e-04 5.1379e-04 2.9992e+01 1.6787e+22 1.1130e-03 -6.4136e+00 2.3186e-02 2.7335e+02 6.3354e+01 3.5768e-01 8.3728e-03 -3.3385e-03 6.3346e+01 6.3368e+01 6.3348e+01 6.7570e+01 -2.2588e+01 4.0712e+00 5.0754e-01 5.0754e-01 4.9246e-01 8.5297e-04
5.0251e-04 5.0251e-04 4.9749e-04 2.5473e+05 4.9626e-04 4.9626e-04 5.0876e-04 5.0876e-04 2.9987e+01 1.6784e+22 1.1128e-03 -6.4355e+00 1.6490e-01 2.7329e+02 6.3330e+01 3.6765e-01 5.1742e-03 -7.1915e-04 6.3338e+01 6.3326e+01 6.3326e+01 6.6727e+01 -2.3928e+01 5.5391e+00 5.0251e-01 5.0251e-01 4.9749e-01 8.6167e-04
4.9749e-04 4.9749e-04 5.0251e-04 2.5727e+05 4.9124e-04 4.9124e-04 5.0374e-04 5.0374e-04 2.9982e+01 1.6781e+22 1.1126e-03 -6.4353e+00 2.7490e-01 2.7326e+02 6.3310e+01 3.7282e-01 2.3381e-03 -1.3430e-03 6.3327e+01 6.3298e+01 6.3306e+01 6.5199e+01 -2.3485e+01 6.6532e+00 4.9749e-01 4.9749e-01 5.0251e-01 8.7038e-04
4.9246e-04 4.9246e-04 5.0754e-04 2.5981e+05 4.8621e-04 4.8621e-04 4.9871e-04 4.9871e-04 2.9974e+01 1.6777e+22 1.1123e-03 -6.4211e+00 3.6162e-01 2.7325e+02 6.3293e+01 3.7204e-01 1.2743e-03 -4.9197e-03 6.3315e+01 6.3277e+01 6.3286e+01 6.3099e+01 -2.1713e+01 7.6036e+00 4.9246e-01 4.9246e-01 5.0754e-01 8.7908e-04
4.8744e-04 4.8744e-04 5.1256e-04 2.6235e+05 4.8119e-04 4.8119e-04 4.9369e-04 4.9369e-04 2.9963e+01 1.6771e+22 1.1119e-03 -6.3948e+00 4.8072e-01 2.7327e+02 6.3273e+01 3.6967e-01 4.5211e-03 -5.7767e-03 6.3306e+01 6.3252e+01 6.3262e+01 5.9011e+01 -2.1977e+01 9.6557e+00 4.8744e-01 4.8744e-01 5.1256e-01 8.8778e-04
4.8241e-04 4.8241e-04 5.1759e-04 2.6489e+05 4.7616e-04 4.7616e-04 4.8866e-04 4.8866e-04 2.9957e+01 1.6767e+22 1.1116e-03 -6.4018e+00 5.8530e-01 2.7328e+02 6.3261e+01 3.7876e-01 4.0773e-03 -9.5891e-03 6.3302e+01 6.3225e+01 6.3258e+01 5.8168e+01 -2.1118e+01 7.0475e+00 4.8241e-01 4.8241e-01 5.1759e-01 8.9649e-04
4.7739e-04 4.7739e-04 5.2261e-04 2.6743e+05 4.7114e-04 4.7114e-04 4.8364e-04 4.8364e-04 2.9950e+01 1.6763e+22 1.1114e-03 -6.3852e+00 7.0051e-01 2.7324e+02 6.3240e+01 3.8551e-01 1.4370e-03 -1.4972e-02 6.3299e+01 6.3192e+01 6.3229e+01 5.6148e+01 -2.2514e+01 5.7902e+00 4.7739e-01 4.7739e-01 5.2261e-01 9.0519e-04
4.7236e-04 4.7236e-04 5.2764e-04 2.6997e+05 4.6611e-04 4.6611e-04 4.7861e-04 4.7861e-04 2.9944e+01 1.6760e+22 1.1112e-03 -6.3536e+00 8.1763e-01 2.7321e+02 6.3218e+01 3.9332e-01 -6.1274e-03 -1.6088e-02 6.3296e+01 6.3155e+01 6.3202e+01 5.5469e+01 -2.3003e+01 5.7662e+00 4.7236e-01 4.7236e-01 5.2764e-01 9.1390e-04
4.6734e-04 4.6734e-04 5.3266e-04 2.7251e+05 4.6109e-04 4.6109e-04 4.7359e-04 4.7359e-04 2.9936e+01 1.6756e+22 1.1109e-03 -6.3177e+00 9.3155e-01 2.7319e+02 6.3199e+01 4.0311e-01 -1.5327e-02 -1.4027e-02 6.3293e+01 6.3120e+01 6.3184e+01 5.5945e+01 -2.3238e+01 6.2838e+00 4.6734e-01 4.6734e-01 5.3266e-01 9.2260e-04
4.6231e-04 4.6231e-04 5.3769e-04 2.7505e+05 4.5606e-04 4.5606e-04 4.6856e-04 4.6856e-04 2.9929e+01 1.6751e+22 1.1106e-03 -6.2889e+00 1.0400e+00 2.7319e+02 6.3182e+01 4.1334e-01 -1.8440e-02 -1.5014e-02 6.3283e+01 6.3092e+01 6.3170e+01 5.5387e+01 -2.6395e+01 6.1667e+00 4.6231e-01 4.6231e-01 5.3769e-01 9.3130e-04
4.5729e-04 4.5729e-04 5.4271e-04 2.7759e+05 4.5104e-04 4.5104e-04 4.6354e-04 4.6354e-04 2.9927e+01 1.6750e+22 1.1106e-03 -6.2651e+00 1.1408e+00 2.7319e+02 6.3180e+01 4.0881e-01 -1.1075e-02 -2.1419e-02 6.3283e+01 6.3078e+01 6.3178e+01 5.3148e+01 -2.6969e+01 3.3099e+00 4.5729e-01 4.5729e-01 5.4271e-01 9.4001e-04
4.5226e-04 4.5226e-04 5.4774e-04 2.8013e+05 4.4601e-04 4.4601e-04 4.5851e-04 4.5851e-04 2.9924e+01 1.6749e+22 1.1104e-03 -6.2574e+00 1.2096e+00 2.7321e+02 6.3177e+01 4.0347e-01 -3.7170e-03 -3.0214e-02 6.3286e+01 6.3065e+01 6.3179e+01 5.1316e+01 -2.6042e+01 2.7071e+00 4.5226e-01 4.5226e-01 5.4774e-01 9.4871e-04
4.4724e-04 4.4724e-04 5.5276e-04 2.8267e+05 4.4099e-04 4.4099e-04 4.5349e-04 4.5349e-04 2.9922e+01 1.6747e+22 1.1104e-03 -6.2235e+00 1.3051e+00 2.7322e+02 6.3174e+01 4.0300e-01 -1.6109e-03 -3.0065e-02 6.3293e+01 6.3048e+01 6.3181e+01 4.9606e+01 -2.4240e+01 1.3091e+00 4.4724e-01 4.4724e-01 5.5276e-01 9.5742e-04
4.4221e-04 4.4221e-04 5.5779e-04 2.8521e+05 4.3596e-04 4.3596e-04 4.4846e-04 4.4846e-04 2.9921e+01 1.6747e+22 1.1103e-03 -6.1764e+00 1.4337e+00 2.7322e+02 6.3172e+01 4.0722e-01 -4.8538e-03 -2.3326e-02 6.3305e+01 6.3030e+01 6.3182e+01 4.8345e+01 -2.2149e+01 -1.1071e-01 4.4221e-01 4.4221e-01 5.5779e-01 9.6612e-04
4.3719e-04 4.3719e-04 5.6281e-04 2.8775e+05 4.3094e-04 4.3094e-04 4.4344e-04 4.4344e-04 2.9919e+01 1.6746e+22 1.1102e-03 -6.1522e+00 1.5698e+00 2.7323e+02 6.3170e+01 4.1259e-01 -9.3762e-03 -2.0299e-02 6.3316e+01 6.3015e+01 6.3178e+01 4.7940e+01 -2.0535e+01 9.4261e-01 4.3719e-01 4.3719e-01 5.6281e-01 9.7482e-04
4.3216e-04 4.3216e-04 5.6784e-04 2.9029e+05 4.2591e-04 4.2591e-04 4.3841e-04 4.3841e-04 2.9909e+01 1.6740e+22 1.1099e-03 -6.0741e+00 1.6646e+00 2.7322e+02 6.3149e+01 4.1720e-01 2.7023e-03 -3.0936e-02 6.3300e+01 6.2998e+01 6.3148e+01 4.5675e+01 -2.2412e+01 1.4482e+00 4.3216e-01 4.3216e-01 5.6784e-01 9.8353e-04
4.2714e-04 4.2714e-04 5.7286e-04 2.9283e+05 4.2089e-04 4.2089e-04 4.3339e-04 4.3339e-04 2.9905e+01 1.6738e+22 1.1097e-03 -6.0165e+00 1.7444e+00 2.7322e+02 6.3139e+01 4.1242e-01 1.2338e-02 -3.7477e-02 6.3292e+01 6.2993e+01 6.3133e+01 4.6270e+01 -2.5058e+01 6.2308e-01 4.2714e-01 4.2714e-01 5.7286e-01 9.9223e-04
4.2211e-04 4.2211e-04 5.7789e-04 2.9538e+05 4.1586e-04 4.1586e-04 4.2836e-04 4.2836e-04 2.9903e+01 1.6737e+22 1.1097e-03 -5.9765e+00 1.8116e+00 2.7320e+02 6.3130e+01 4.0411e-01 1.3593e-02 -3.3972e-02 6.3290e+01 6.2978e+01 6.3122e+01 4.8437e+01 -2.5450e+01 7.8441e-01 4.2211e-01 4.2211e-01 5.7789e-01 1.0009e-03
4.1709e-04 4.1709e-04 5.8291e-04 2.9792e+05 4.1084e-04 4.1084e-04 4.2334e-04 4.2334e-04 2.9902e+01 1.6736e+22 1.1096e-03 -5.9511e+00 1.8764e+00 2.7316e+02 6.3119e+01 3.9621e-01 8.0303e-03 -2.2264e-02 6.3291e+01 6.2954e+01 6.3113e+01 5.1018e+01 -2.3813e+01 2.4472e+00 4.1709e-01 4.1709e-01 5.8291e-01 1.0096e-03
4.1206e-04 4.1206e-04 5.8794e-04 3.0046e+05 4.0581e-04 4.0581e-04 4.1831e-04 4.1831e-04 2.9900e+01 1.6735e+22 1.1095e-03 -5.9320e+00 1.9491e+00 2.7314e+02 6.3110e+01 3.9230e-01 1.6693e-03 -9.2327e-03 6.3294e+01 6.2927e+01 6.3108e+01 5.2450e+01 -2.1668e+01 4.9772e+00 4.1206e-01 4.1206e-01 5.8794e-01 1.0183e-03
4.0704e-04 4.0704e-04 5.9296e-04 3.0300e+05 4.0079e-04 4.0079e-04 4.1329e-04 4.1329e-04 2.9898e+01 1.6734e+22 1.1095e-03 -5.8776e+00 2.0104e+00 2.7311e+02 6.3100e+01 3.9941e-01 8.4898e-03 -1.2886e-02 6.3295e+01 6.2902e+01 6.3103e+01 4.7775e+01 -1.9243e+01 4.8727e+00 4.0704e-01 4.0704e-01 5.9296e-01 1.0270e-03
4.0201e-04 4.0201e-04 5.9799e-04 3.0554e+05 3.9576e-04 3.9576e-04 4.0826e-04 4.0826e-04 2.9894e+01 1.6732e+22 1.1093e-03 -5.8202e+00 2.0597e+00 2.7310e+02 6.3088e+01 4.0327e-01 1.4300e-02 -1.7195e-02 6.3295e+01 6.2875e+01 6.3093e+01 4.3156e+01 -1.7827e+01 4.0784e+00 4.0201e-01 4.0201e-01 5.9799e-01 1.0357e-03
3.9698e-04 3.9698e-04 6.0302e-04 3.0808e+05 3.9073e-04 3.9073e-04 4.0323e-04 4.0323e-04 2.9891e+01 1.6730e+22 1.1092e-03 -5.7302e+00 2.1119e+00 2.7310e+02 6.3082e+01 3.9556e-01 1.0299e-02 -2.6019e-02 6.3299e+01 6.2856e+01 6.3092e+01 4.0680e+01 -1.9617e+01 1.5263e+00 3.9698e-01 3.9698e-01 6.0302e-01 1.0445e-03
3.9196e-04 3.9196e-04 6.0804e-04 3.1062e+05 3.8571e-04 3.8571e-04 3.9821e-04 3.9821e-04 2.9888e+01 1.6729e+22 1.1091e-03 -5.6079e+00 2.1695e+00 2.7312e+02 6.3081e+01 3.7740e-01 -1.2905e-03 -3.5845e-02 6.3309e+01 6.2843e+01 6.3092e+01 3.8872e+01 -2.3229e+01 -8.0781e-01 3.9196e-01 3.9196e-01 6.0804e-01 1.0532e-03
3.8693e-04 3.8693e-04 6.1307e-04 3.1316e+05 3.8068e-04 3.8068e-04 3.9318e-04 3.9318e-04 2.9885e+01 1.6727e+22 1.1090e-03 -5.4737e+00 2.2264e+00 2.7314e+02 6.3079e+01 3.5574e-01 -1.2215e-02 -4.1968e-02 6.3323e+01 6.2832e+01 6.3082e+01 3.6305e+01 -2.5846e+01 -7.2069e-01 3.8693e-01 3.8693e-01 6.1307e-01 1.0619e-03
3.8191e-04 3.8191e-04 6.1809e-04 3.1570e+05 3.7566e-04 3.7566e-04 3.8816e-04 3.8816e-04 2.9875e+01 1.6721e+22 1.1086e-03 -5.4025e+00 2.2524e+00 2.7316e+02 6.3063e+01 3.5100e-01 -1.1941e-03 -4.6347e-02 6.3316e+01 6.2813e+01 6.3061e+01 3.8483e+01 -2.3330e+01 -1.3159e-01 3.8191e-01 3.8191e-01 6.1809e-01 1.0706e-03
3.7688e-04 3.7688e-04 6.2312e-04 3.1824e+05 3.7063e-04 3.7063e-04 3.8313e-04 3.8313e-04 2.9876e+01 1.6722e+22 1.1087e-03 -5.3014e+00 2.3139e+00 2.7314e+02 6.3061e+01 3.4234e-01 9.1604e-03 -4.6343e-02 6.3328e+01 6.2799e+01 6.3055e+01 3.8447e+01 -2.4262e+01 7.5511e-01 3.7688e-01 3.7688e-01 6.2312e-01 1.0793e-03
3.7186e-04 3.7186e-04 6.2814e-04 3.2078e+05 3.6561e-04 3.6561e-04 3.7811e-04 3.7811e-04 2.9875e+01 1.6721e+22 1.1086e-03 -5.2567e+00 2.3555e+00 2.7312e+02 6.3055e+01 3.4422e-01 1.4527e-02 -4.3336e-02 6.3330e+01 6.2784e+01 6.3050e+01 4.0720e+01 -2.4691e+01 1.7311e+00 3.7186e-01 3.7186e-01 6.2814e-01 1.0880e-03
3.6683e-04 3.6683e-04 6.3317e-04 3.2332e+05 3.6058e-04 3.6058e-04 3.7308e-04 3.7308e-04 2.9872e+01 1.6720e+22 1.1085e-03 -5.2419e+00 2.3930e+00 2.7312e+02 6.3048e+01 3.4822e-01 1.8276e-02 -3.6712e-02 6.3329e+01 6.2767e+01 6.3048e+01 4.3621e+01 -2.4139e+01 3.2593e+00 3.6683e-01 3.6683e-01 6.3317e-01 1.0967e-03
3.6181e-04 3.6181e-04 6.3819e-04 3.2586e+05 3.5556e-04 3.5556e-04 3.6806e-04 3.6806e-04 2.9869e+01 1.6718e+22 1.1084e-03 -5.2025e+00 2.4402e+00 2.7315e+02 6.3047e+01 3.4512e-01 2.3418e-02 -2.8365e-02 6.3336e+01 6.2753e+01 6.3052e+01 4.3766e+01 -2.2840e+01 5.1940e+00 3.6181e-01 3.6181e-01 6.3819e-01 1.1054e-03
3.5678e-04 3.5678e-04 6.4322e-04 3.2840e+05 3.5053e-04 3.5053e-04 3.6303e-04 3.6303e-04 2.9871e+01 1.6719e+22 1.1085e-03 -5.0787e+00 2.4325e+00 2.7316e+02 6.3053e+01 3.4356e-01 2.3929e-02 -3.1749e-02 6.3359e+01 6.2748e+01 6.3052e+01 3.6360e+01 -2.0612e+01 4.3293e+00 3.5678e-01 3.5678e-01 6.4322e-01 1.1141e-03
3.5176e-04 3.5176e-04 6.4824e-04 3.3094e+05 3.4551e-04 3.4551e-04 3.5801e-04 3.5801e-04 2.9871e+01 1.6719e+22 1.1085e-03 -4.9759e+00 2.4237e+00 2.7316e+02 6.3053e+01 3.4117e-01 3.2947e-02 -3.8617e-02 6.3375e+01 6.2745e+01 6.3038e+01 3.0435e+01 -1.8304e+01 2.8314e+00 3.5176e-01 3.5176e-01 6.4824e-01 1.1228e-03
3.4673e-04 3.4673e-04 6.5327e-04 3.3348e+05 3.4048e-04 3.4048e-04 3.5298e-04 3.5298e-04 2.9869e+01 1.6718e+22 1.1084e-03 -4.8808e+00 2.4257e+00 2.7308e+02 6.3032e+01 3.4421e-01 3.7016e-02 -4.6784e-02 6.3359e+01 6.2722e+01 6.3016e+01 2.9314e+01 -1.6992e+01 1.9664e-01 3.4673e-01 3.4673e-01 6.5327e-01 1.1315e-03
3.4171e-04 3.4171e-04 6.5829e-04 3.3602e+05 3.3546e-04 3.3546e-04 3.4796e-04 3.4796e-04 2.9867e+01 1.6717e+22 1.1083e-03 -4.7864e+00 2.4225e+00 2.7300e+02 6.3007e+01 3.4754e-01 4.3639e-02 -5.2640e-02 6.3332e+01 6.2696e+01 6.2993e+01 2.9340e+01 -1.6335e+01 -2.7290e+00 3.4171e-01 3.4171e-01 6.5829e-01 1.1402e-03
3.3668e-04 3.3668e-04 6.6332e-04 3.3856e+05 3.3043e-04 3.3043e-04 3.4293e-04 3.4293e-04 2.9865e+01 1.6715e+22 1.1082e-03 -4.6880e+00 2.4099e+00 2.7296e+02 6.2994e+01 3.4397e-01 5.5787e-02 -5.3470e-02 6.3317e+01 6.2683e+01 6.2981e+01 2.8128e+01 -1.6685e+01 -4.5795e+00 3.3668e-01 3.3668e-01 6.6332e-01 1.1489e-03
3.3166e-04 3.3166e-04 6.6834e-04 3.4110e+05 3.2541e-04 3.2541e-04 3.3791e-04 3.3791e-04 2.9866e+01 1.6716e+22 1.1083e-03 -4.5836e+00 2.4313e+00 2.7296e+02 6.2997e+01 3.2509e-01 5.2981e-02 -4.9387e-02 6.3330e+01 6.2672e+01 6.2991e+01 3.0661e+01 -2.1379e+01 -3.0024e+00 3.3166e-01 3.3166e-01 6.6834e-01 1.1576e-03
3.2663e-04 3.2663e-04 6.7337e-04 3.4364e+05 3.2038e-04 3.2038e-04 3.3288e-04 3.3288e-04 2.9863e+01 1.6715e+22 1.1082e-03 -4.5208e+00 2.4580e+00 2.7299e+02 6.2996e+01 3.1141e-01 4.9923e-02 -4.9155e-02 6.3343e+01 6.2658e+01 6.2989e+01 3.2983e+01 -2.5041e+01 1.4419e-01 3.2663e-01 3.2663e-01 6.7337e-01 1.1663e-03
3.2161e-04 3.2161e-04 6.7839e-04 3.4618e+05 3.1536e-04 3.1536e-04 3.2786e-04 3.2786e-04 2.9862e+01 1.6714e+22 1.1081e-03 -4.4323e+00 2.4870e+00 2.7300e+02 6.2998e+01 3.0517e-01 4.2193e-02 -4.8263e-02 6.3355e+01 6.2649e+01 6.2989e+01 3.4263e+01 -2.4228e+01 -5.9438e-01 3.2161e-01 3.2161e-01 6.7839e-01 1.1750e-03
3.1658e-04 3.1658e-04 6.8342e-04 3.4872e+05 3.1033e-04 3.1033e-04 3.2283e-04 3.2283e-04 2.9862e+01 1.6714e+22 1.1081e-03 -4.3247e+00 2.4931e+00 2.7300e+02 6.2998e+01 3.0021e-01 3.3088e-02 -5.1314e-02 6.3366e+01 6.2642e+01 6.2985e+01 3.4472e+01 -2.0779e+01 -2.8324e+00 3.1658e-01 3.1658e-01 6.8342e-01 1.1837e-03
3.1156e-04 3.1156e-04 6.8844e-04 3.5126e+05 3.0531e-04 3.0531e-04 3.1781e-04 3.1781e-04 2.9862e+01 1.6714e+22 1.1081e-03 -4.2063e+00 2.4667e+00 2.7298e+02 6.2993e+01 2.9184e-01 2.6476e-02 -5.8045e-02 6.3373e+01 6.2632e+01 6.2974e+01 3.2937e+01 -1.7503e+01 -3.2836e+00 3.1156e-01 3.1156e-01 6.8844e-01 1.1924e-03
3.0653e-04 3.0653e-04 6.9347e-04 3.5380e+05 3.0028e-04 3.0028e-04 3.1278e-04 3.1278e-04 2.9857e+01 1.6711e+22 1.1079e-03 -4.0711e+00 2.4364e+00 2.7299e+02 6.2984e+01 2.8064e-01 2.5730e-02 -5.5418e-02 6.3365e+01 6.2615e+01 6.2972e+01 2.7151e+01 -1.7993e+01 1.5054e+00 3.0653e-01 3.0653e-01 6.9347e-01 1.2011e-03
3.0151e-04 3.0151e-04 6.9849e-04 3.5634e+05 2.9526e-04 2.9526e-04 3.0776e-04 3.0776e-04 2.9857e+01 1.6711e+22 1.1079e-03 -3.9749e+00 2.4148e+00 2.7299e+02 6.2983e+01 2.7669e-01 2.6011e-02 -5.3396e-02 6.3361e+01 6.2606e+01 6.2983e+01 2.3691e+01 -1.8390e+01 3.4389e+00 3.0151e-01 3.0151e-01 6.9849e-01 1.2098e-03
2.9648e-04 2.9648e-04 7.0352e-04 3.5888e+05 2.9023e-04 2.9023e-04 3.0273e-04 3.0273e-04 2.9858e+01 1.6712e+22 1.1080e-03 -3.8822e+00 2.3998e+00 2.7299e+02 6.2987e+01 2.7394e-01 2.7619e-02 -4.8929e-02 6.3370e+01 6.2600e+01 6.2990e+01 2.1832e+01 -1.8669e+01 4.0013e+00 2.9648e-01 2.9648e-01 7.0352e-01 1.2185e-03
2.9146e-04 2.9146e-04 7.0854e-04 3.6142e+05 2.8521e-04 2.8521e-04 2.9771e-04 2.9771e-04 2.9861e+01 1.6713e+22 1.1081e-03 -3.7863e+00 2.3632e+00 2.7298e+02 6.2992e+01 2.7254e-01 2.9890e-02 -4.6391e-02 6.3383e+01 6.2596e+01 6.2996e+01 2.0646e+01 -1.8782e+01 3.7650e+00 2.9146e-01 2.9146e-01 7.0854e-01 1.2272e-03
2.8643e-04 2.8643e-04 7.1357e-04 3.6396e+05 2.8018e-04 2.8018e-04 2.9268e-04 2.9268e-04 2.9864e+01 1.6715e+22 1.1082e-03 -3.6729e+00 2.3113e+00 2.7296e+02 6.2995e+01 2.6860e-01 3.3557e-02 -4.9687e-02 6.3388e+01 6.2593e+01 6.3002e+01 2.0148e+01 -1.9094e+01 3.0305e+00 2.8643e-01 2.8643e-01 7.1357e-01 1.2359e-03
2.8141e-04 2.8141e-04 7.1859e-04 3.6650e+05 2.7516e-04 2.7516e-04 2.8766e-04 2.8766e-04 2.9861e+01 1.6714e+22 1.1081e-03 -3.5111e+00 2.3097e+00 2.7295e+02 6.2986e+01 2.5075e-01 4.1873e-02 -6.1394e-02 6.3370e+01 6.2593e+01 6.2994e+01 2.2001e+01 -2.0669e+01 1.7044e+00 2.8141e-01 2.8141e-01 7.1859e-01 1.2446e-03
2.7638e-04 2.7638e-04 7.2362e-04 3.6904e+05 2.7013e-04 2.7013e-04 2.8263e-04 2.8263e-04 2.9858e+01 1.6712e+22 1.1080e-03 -3.3794e+00 2.3058e+00 2.7296e+02 6.2980e+01 2.4409e-01 4.0342e-02 -6.9214e-02 6.3355e+01 6.2588e+01 6.2997e+01 2.0006e+01 -2.0452e+01 3.0929e+00 2.7638e-01 2.7638e-01 7.2362e-01 1.2533e-03
2.7136e-04 2.7136e-04 7.2864e-04 3.7158e+05 2.6511e-04 2.6511e-04 2.7761e-04 2.7761e-04 2.9856e+01 1.6711e+22 1.1079e-03 -3.2785e+00 2.2862e+00 2.7298e+02 6.2981e+01 2.2750e-01 3.6398e-02 -6.3645e-02 6.3349e+01 6.2598e+01 6.2997e+01 1.8663e+01 -1.9622e+01 1.3006e+00 2.7136e-01 2.7136e-01 7.2864e-01 1.2620e-03
2.6633e-04 2.6633e-04 7.3367e-04 3.7412e+05 2.6008e-04 2.6008e-04 2.7258e-04 2.7258e-04 2.9852e+01 1.6708e+22 1.1078e-03 -3.1893e+00 2.2625e+00 2.7303e+02 6.2983e+01 2.1020e-01 3.3325e-02 -5.2978e-02 6.3340e+01 6.2615e+01 6.2994e+01 1.8058e+01 -1.9948e+01 -1.0042e+00 2.6633e-01 2.6633e-01 7.3367e-01 1.2708e-03
2.6131e-04 2.6131e-04 7.3869e-04 3.7666e+05 2.5506e-04 2.5506e-04 2.6756e-04 2.6756e-04 2.9847e+01 1.6706e+22 1.1076e-03 -3.0937e+00 2.2325e+00 2.7306e+02 6.2980e+01 1.9770e-01 3.2809e-02 -4.5726e-02 6.3329e+01 6.2625e+01 6.2988e+01 1.7859e+01 -2.1390e+01 -1.5882e+00 2.6131e-01 2.6131e-01 7.3869e-01 1.2795e-03
2.5628e-04 2.5628e-04 7.4372e-04 3.7921e+05 2.5003e-04 2.5003e-04 2.6253e-04 2.6253e-04 2.9845e+01 1.6705e+22 1.1075e-03 -2.9758e+00 2.1758e+00 2.7303e+02 6.2969e+01 1.8955e-01 3.4736e-02 -4.9672e-02 6.3331e+01 6.2604e+01 6.2971e+01 1.7423e+01 -2.1680e+01 8.3634e-01 2.5628e-01 2.5628e-01 7.4372e-01 1.2882e-03
2.5126e-04 2.5126e-04 7.4874e-04 3.8175e+05 2.4501e-04 2.4501e-04 2.5751e-04 2.5751e-04 2.9843e+01 1.6703e+22 1.1074e-03 -2.8562e+00 2.0793e+00 2.7301e+02 6.2959e+01 1.6477e-01 3.7599e-02 -5.1892e-02 6.3323e+01 6.2596e+01 6.2958e+01 1.5667e+01 -1.9871e+01 5.2098e+00 2.5126e-01 2.5126e-01 7.4874e-01 1.2969e-03
2.4623e-04 2.4623e-04 7.5377e-04 3.8429e+05 2.3998e-04 2.3998e-04 2.5248e-04 2.5248e-04 2.9845e+01 1.6704e+22 1.1075e-03 -2.7440e+00 1.9993e+00 2.7298e+02 6.2958e+01 1.5911e-01 4.1279e-02 -5.8421e-02 6.3322e+01 6.2591e+01 6.2961e+01 1.3898e+01 -1.8475e+01 4.8438e+00 2.4623e-01 2.4623e-01 7.5377e-01 1.3056e-03
2.4121e-04 2.4121e-04 7.5879e-04 3.8683e+05 2.3496e-04 2.3496e-04 2.4746e-04 2.4746e-04 2.9846e+01 1.6705e+22 1.1076e-03 -2.6332e+00 1.9236e+00 2.7297e+02 6.2958e+01 1.5494e-01 4.8643e-02 -6.1333e-02 6.3323e+01 6.2587e+01 6.2963e+01 1.1295e+01 -1.6576e+01 4.5671e+00 2.4121e-01 2.4121e-01 7.5879e-01 1.3143e-03
2.3618e-04 2.3618e-04 7.6382e-04 3.8937e+05 2.2993e-04 2.2993e-04 2.4243e-04 2.4243e-04 2.9846e+01 1.6705e+22 1.1076e-03 -2.5251e+00 1.8477e+00 2.7297e+02 6.2957e+01 1.4703e-01 5.4338e-02 -5.9486e-02 6.3327e+01 6.2587e+01 6.2958e+01 8.7529e+00 -1.3346e+01 5.4595e+00 2.3618e-01 2.3618e-01 7.6382e-01 1.3230e-03
2.3116e-04 2.3116e-04 7.6884e-04 3.9191e+05 2.2491e-04 2.2491e-04 2.3741e-04 2.3741e-04 2.9850e+01 1.6707e+22 1.1077e-03 -2.4274e+00 1.7764e+00 2.7297e+02 6.2965e+01 1.4196e-01 4.5927e-02 -5.8152e-02 6.3340e+01 6.2598e+01 6.2956e+01 8.6518e+00 -8.2435e+00 5.0561e+00 2.3116e-01 2.3116e-01 7.6884e-01 1.3317e-03
2.2613e-04 2.2613e-04 7.7387e-04 3.9445e+05 2.1988e-04 2.1988e-04 2.3238e-04 2.3238e-04 2.9851e+01 1.6708e+22 1.1077e-03 -2.2922e+00 1.7332e+00 2.7300e+02 6.2976e+01 1.2766e-01 3.4336e-02 -5.8223e-02 6.3356e+01 6.2616e+01 6.2955e+01 8.0056e+00 -7.8639e+00 4.8897e+00 2.2613e-01 2.2613e-01 7.7387e-01 1.3404e-03
2.2111e-04 2.2111e-04 7.7889e-04 3.9699e+05 2.1486e-04 2.1486e-04 2.2736e-04 2.2736e-04 2.9853e+01 1.6709e+22 1.1078e-03 -2.2111e+00 1.7317e+00 2.7300e+02 6.2977e+01 1.2693e-01 3.5801e-02 -6.0549e-02 6.3345e+01 6.2624e+01 6.2963e+01 1.0750e+01 -9.4969e+00 1.1559e+00 2.2111e-01 2.2111e-01 7.7889e-01 1.3491e-03
2.1608e-04 2.1608e-04 7.8392e-04 3.9953e+05 2.0983e-04 2.0983e-04 2.2233e-04 2.2233e-04 2.9854e+01 1.6709e+22 1.1078e-03 -2.1581e+00 1.7282e+00 2.7299e+02 6.2977e+01 1.3046e-01 4.4358e-02 -6.6478e-02 6.3328e+01 6.2628e+01 6.2976e+01 1.3811e+01 -9.7312e+00 -2.1748e+00 2.1608e-01 2.1608e-01 7.8392e-01 1.3578e-03
2.1106e-04 2.1106e-04 7.8894e-04 4.0207e+05 2.0481e-04 2.0481e-04 2.1731e-04 2.1731e-04 2.9854e+01 1.6709e+22 1.1078e-03 -2.0993e+00 1.7043e+00 2.7298e+02 6.2976e+01 1.3059e-01 5.3689e-02 -7.2113e-02 6.3312e+01 6.2630e+01 6.2985e+01 1.4659e+01 -9.3604e+00 -4.0140e+00 2.1106e-01 2.1106e-01 7.8894e-01 1.3665e-03
2.0603e-04 2.0603e-04 7.9397e-04 4.0461e+05 1.9978e-04 1.9978e-04 2.1228e-04 2.1228e-04 2.9851e+01 1.6708e+22 1.1077e-03 -2.0007e+00 1.6604e+00 2.7298e+02 6.2970e+01 1.2155e-01 5.7553e-02 -7.0772e-02 6.3295e+01 6.2631e+01 6.2984e+01 1.1702e+01 -1.1839e+01 -5.1445e+00 2.0603e-01 2.0603e-01 7.9397e-01 1.3752e-03
2.0101e-04 2.0101e-04 7.9899e-04 4.0715e+05 1.9476e-04 1.9476e-04 2.0726e-04 2.0726e-04 2.9846e+01 1.6705e+22 1.1075e-03 -1.9442e+00 1.5986e+00 2.7299e+02 6.2963e+01 1.1137e-01 5.7666e-02 -7.3889e-02 6.3284e+01 6.2631e+01 6.2975e+01 1.3548e+01 -1.4609e+01 -2.8017e+00 2.0101e-01 2.0101e-01 7.9899e-01 1.3839e-03
1.9598e-04 1.9598e-04 8.0402e-04 4.0969e+05 1.8973e-04 1.8973e-04 2.0223e-04 2.0223e-04 2.9846e+01 1.6705e+22 1.1075e-03 -1.8598e+00 1.5151e+00 2.7300e+02 6.2965e+01 1.0214e-01 5.2760e-02 -7.3711e-02 6.3284e+01 6.2633e+01 6.2978e+01 1.1498e+01 -1.3470e+01 4.6726e-01 1.9598e-01 1.9598e-01 8.0402e-01 1.3926e-03
1.9095e-04 1.9095e-04 8.0905e-04 4.1223e+05 1.8470e-04 1.8470e-04 1.9720e-04 1.9720e-04 2.9847e+01 1.6706e+22 1.1076e-03 -1.7621e+00 1.4308e+00 2.7302e+02 6.2971e+01 9.5873e-02 4.4763e-02 -7.1722e-02 6.3286e+01 6.2638e+01 6.2990e+01 8.0959e+00 -1.2090e+01 2.4317e+00 1.9095e-01 1.9095e-01 8.0905e-01 1.4013e-03
1.8593e-04 1.8593e-04 8.1407e-04 4.1477e+05 1.7968e-04 1.7968e-04 1.9218e-04 1.9218e-04 2.9850e+01 1.6707e+22 1.1077e-03 -1.6417e+00 1.3611e+00 2.7302e+02 6.2977e+01 9.2883e-02 3.6650e-02 -6.7271e-02 6.3289e+01 6.2645e+01 6.2997e+01 4.3498e+00 -1.1091e+01 1.9283e+00 1.8593e-01 1.8593e-01 8.1407e-01 1.4100e-03
1.8090e-04 1.8090e-04 8.1910e-04 4.1731e+05 1.7465e-04 1.7465e-04 1.8715e-04 1.8715e-04 2.9855e+01 1.6710e+22 1.1079e-03 -1.4811e+00 1.3134e+00 2.7298e+02 6.2980e+01 9.1417e-02 3.1839e-02 -5.8819e-02 6.3298e+01 6.2655e+01 6.2986e+01 4.3958e-01 -9.4490e+00 -1.1076e+00 1.8090e-01 1.8090e-01 8.1910e-01 1.4187e-03
1.7588e-04 1.7588e-04 8.2412e-04 4.1985e+05 1.6963e-04 1.6963e-04 1.8213e-04 1.8213e-04 2.9863e+01 1.6715e+22 1.1082e-03 -1.3018e+00 1.2365e+00 2.7298e+02 6.2995e+01 7.8166e-02 3.1596e-02 -4.6044e-02 6.3312e+01 6.2688e+01 6.2984e+01 -4.4365e+00 -5.3133e+00 -1.4270e+00 1.7588e-01 1.7588e-01 8.2412e-01 1.4274e-03
1.7085e-04 1.7085e-04 8.2915e-04 4.2239e+05 1.6460e-04 1.6460e-04 1.7710e-04 1.7710e-04 2.9862e+01 1.6714e+22 1.1081e-03 -1.2621e+00 1.1584e+00 2.7300e+02 6.2999e+01 7.1380e-02 3.4689e-02 -4.3861e-02 6.3311e+01 6.2698e+01 6.2988e+01 -4.1697e+00 -3.4651e+00 -4.9836e-01 1.7085e-01 1.7085e-01 8.2915e-01 1.4361e-03
1.6583e-04 1.6583e-04 8.3417e-04 4.2493e+05 1.5958e-04 1.5958e-04 1.7208e-04 1.7208e-04 2.9859e+01 1.6713e+22 1.1080e-03 -1.2524e+00 1.0964e+00 2.7302e+02 6.2998e+01 6.7445e-02 3.5650e-02 -4.3106e-02 6.3304e+01 6.2697e+01 6.2993e+01 -4.2418e+00 -5.0301e+00 -1.5655e+00 1.6583e-01 1.6583e-01 8.3417e-01 1.4448e-03
1.6080e-04 1.6080e-04 8.3920e-04 4.2747e+05 1.5455e-04 1.5455e-04 1.6705e-04 1.6705e-04 2.9857e+01 1.6711e+22 1.1079e-03 -1.2278e+00 1.0605e+00 2.7302e+02 6.2992e+01 6.1489e-02 3.4645e-02 -4.4740e-02 6.3291e+01 6.2693e+01 6.2991e+01 -5.0127e+00 -7.9866e+00 -3.8611e+00 1.6080e-01 1.6080e-01 8.3920e-01 1.4535e-03
1.5578e-04 1.5578e-04 8.4422e-04 4.3001e+05 1.4953e-04 1.4953e-04 1.6203e-04 1.6203e-04 2.9855e+01 1.6710e+22 1.1079e-03 -1.1717e+00 1.0487e+00 2.7298e+02 6.2978e+01 4.9516e-02 3.4223e-02 -5.2124e-02 6.3268e+01 6.2692e+01 6.2976e+01 -4.8363e+00 -9.2614e+00 -5.2080e+00 1.5578e-01 1.5578e-01 8.4422e-01 1.4622e-03
1.5075e-04 1.5075e-04 8.4925e-04 4.3255e+05 1.4450e-04 1.4450e-04 1.5700e-04 1.5700e-04 2.9853e+01 1.6709e+22 1.1078e-03 -1.1007e+00 1.0024e+00 2.7298e+02 6.2974e+01 3.7904e-02 3.7943e-02 -5.8571e-02 6.3259e+01 6.2701e+01 6.2964e+01 -1.7921e+00 -7.9063e+00 -4.9758e+00 1.5075e-01 1.5075e-01 8.4925e-01 1.4709e-03
1.4573e-04 1.4573e-04 8.5427e-04 4.3509e+05 1.3948e-04 1.3948e-04 1.5198e-04 1.5198e-04 2.9853e+01 1.6709e+22 1.1078e-03 -1.0192e+00 9.0579e-01 2.7297e+02 6.2972e+01 4.0961e-02 4.3914e-02 -5.4658e-02 6.3247e+01 6.2703e+01 6.2966e+01 9.0001e-01 -5.9130e+00 -6.0574e-01 1.4573e-01 1.4573e-01 8.5427e-01 1.4796e-03
1.4070e-04 1.4070e-04 8.5930e-04 4.3763e+05 1.3445e-04 1.3445e-04 1.4695e-04 1.4695e-04 2.9854e+01 1.6709e+22 1.1078e-03 -9.5784e-01 7.9412e-01 2.7296e+02 6.2971e+01 4.7684e-02 4.6286e-02 -4.7502e-02 6.3237e+01 6.2707e+01 6.2967e+01 3.9187e+00 -3.9961e+00 4.2811e+00 1.4070e-01 1.4070e-01 8.5930e-01 1.4883e-03
1.3568e-04 1.3568e-04 8.6432e-04 4.4017e+05 1.2943e-04 1.2943e-04 1.4193e-04 1.4193e-04 2.9855e+01 1.6710e+22 1.1079e-03 -9.1465e-01 7.1472e-01 2.7295e+02 6.2971e+01 4.7732e-02 4.4766e-02 -4.3682e-02 6.3228e+01 6.2717e+01 6.2969e+01 5.5058e+00 -3.9923e+00 6.5769e+00 1.3568e-01 1.3568e-01 8.6432e-01 1.4970e-03
1.3065e-04 1.3065e-04 8.6935e-04 4.4271e+05 1.2440e-04 1.2440e-04 1.3690e-04 1.3690e-04 2.9854e+01 1.6709e+22 1.1078e-03 -8.7606e-01 6.9841e-01 2.7298e+02 6.2975e+01 3.4900e-02 4.0123e-02 -4.7354e-02 6.3216e+01 6.2733e+01 6.2977e+01 4.2066e+00 -6.6933e+00 5.0946e+00 1.3065e-01 1.3065e-01 8.6935e-01 1.5058e-03
1.2563e-04 1.2563e-04 8.7437e-04 4.4525e+05 1.1938e-04 1.1938e-04 1.3188e-04 1.3188e-04 2.9848e+01 1.6706e+22 1.1076e-03 -8.2183e-01 6.7652e-01 2.7303e+02 6.2976e+01 2.2731e-02 2.9225e-02 -5.1116e-02 6.3200e+01 6.2755e+01 6.2974e+01 3.4643e+00 -6.1005e+00 7.5822e+00 1.2563e-01 1.2563e-01 8.7437e-01 1.5145e-03
1.2060e-04 1.2060e-04 8.7940e-04 4.4779e+05 1.1435e-04 1.1435e-04 1.2685e-04 1.2685e-04 2.9848e+01 1.6706e+22 1.1076e-03 -7.2031e-01 6.4866e-01 2.7305e+02 6.2981e+01 2.1891e-02 2.8246e-02 -4.8431e-02 6.3192e+01 6.2772e+01 6.2978e+01 6.0179e-01 -6.5559e+00 4.2652e+00 1.2060e-01 1.2060e-01 8.7940e-01 1.5232e-03
1.1558e-04 1.1558e-04 8.8442e-04 4.5033e+05 1.0933e-04 1.0933e-04 1.2183e-04 1.2183e-04 2.9848e+01 1.6706e+22 1.1076e-03 -6.6203e-01 6.3838e-01 2.7308e+02 6.2987e+01 2.3594e-02 2.7364e-02 -4.7941e-02 6.3195e+01 6.2786e+01 6.2980e+01 8.7209e-01 -9.2658e+00 1.4199e-01 1.1558e-01 1.1558e-01 8.8442e-01 1.5319e-03
1.1055e-04 1.1055e-04 8.8945e-04 4.5287e+05 1.0430e-04 1.0430e-04 1.1680e-04 1.1680e-04 2.9850e+01 1.6707e+22 1.1077e-03 -6.0955e-01 6.1216e-01 2.7310e+02 6.2994e+01 2.1846e-02 2.7981e-02 -4.6909e-02 6.3197e+01 6.2799e+01 6.2986e+01 2.5089e+00 -1.1434e+01 -2.1218e+00 1.1055e-01 1.1055e-01 8.8945e-01 1.5406e-03
1.0553e-04 1.0553e-04 8.9447e-04 4.5541e+05 9.9278e-05 9.9278e-05 1.1178e-04 1.1178e-04 2.9854e+01 1.6710e+22 1.1079e-03 -5.2323e-01 5.4625e-01 2.7308e+02 6.2999e+01 1.4324e-02 3.2160e-02 -4.1327e-02 6.3186e+01 6.2810e+01 6.3000e+01 3.1003e+00 -1.0554e+01 -1.5312e+00 1.0553e-01 1.0553e-01 8.9447e-01 1.5493e-03
1.0050e-04 1.0050e-04 8.9950e-04 4.5795e+05 9.4253e-05 9.4253e-05 1.0675e-04 1.0675e-04 2.9858e+01 1.6712e+22 1.1080e-03 -4.5595e-01 4.9531e-01 2.7306e+02 6.3003e+01 9.9586e-03 3.6179e-02 -3.0881e-02 6.3173e+01 6.2824e+01 6.3011e+01 3.4935e+00 -8.1871e+00 -1.3210e+00 1.0050e-01 1.0050e-01 8.9950e-01 1.5580e-03
9.5477e-05 9.5477e-05 9.0452e-04 4.6049e+05 8.9227e-05 8.9227e-05 1.0173e-04 1.0173e-04 2.9859e+01 1.6712e+22 1.1080e-03 -3.9585e-01 4.1085e-01 2.7302e+02 6.2997e+01 1.3202e-02 3.5846e-02 -2.1854e-02 6.3152e+01 6.2829e+01 6.3008e+01 2.5449e-01 -3.2365e+00 -1.8259e-01 9.5477e-02 9.5477e-02 9.0452e-01 1.5667e-03
9.0452e-05 9.0452e-05 9.0955e-04 4.6304e+05 8.4202e-05 8.4202e-05 9.6702e-05 9.6702e-05 2.9856e+01 1.6711e+22 1.1079e-03 -3.2357e-01 3.2430e-01 2.7301e+02 6.2988e+01 1.3542e-02 3.6958e-02 -1.7862e-02 6.3132e+01 6.2833e+01 6.2999e+01 -3.3555e+00 1.3699e+00 -1.0935e+00 9.0452e-02 9.0452e-02 9.0955e-01 1.5754e-03
8.5427e-05 8.5427e-05 9.1457e-04 4.6558e+05 7.9177e-05 7.9177e-05 9.1677e-05 9.1677e-05 2.9852e+01 1.6708e+22 1.1078e-03 -2.5375e-01 2.5715e-01 2.7301e+02 6.2979e+01 1.0429e-02 3.5159e-02 -1.9736e-02 6.3117e+01 6.2835e+01 6.2986e+01 -5.3480e+00 3.4606e+00 -2.0488e+00 8.5427e-02 8.5427e-02 9.1457e-01 1.5841e-03
8.0402e-05 8.0402e-05 9.1960e-04 4.6812e+05 7.4152e-05 7.4152e-05 8.6652e-05 8.6652e-05 2.9849e+01 1.6707e+22 1.1077e-03 -2.0242e-01 2.2182e-01 2.7299e+02 6.2970e+01 6.2094e-03 2.9135e-02 -2.6169e-02 6.3104e+01 6.2834e+01 6.2972e+01 -4.5816e+00 2.8113e+00 -8.5525e-01 8.0402e-02 8.0402e-02 9.1960e-01 1.5928e-03
7.5377e-05 7.5377e-05 9.2462e-04 4.7066e+05 6.9127e-05 6.9127e-05 8.1627e-05 8.1627e-05 2.9848e+01 1.6706e+22 1.1076e-03 -1.7713e-01 2.1315e-01 2.7294e+02 6.2955e+01 7.0006e-03 2.9808e-02 -3.1804e-02 6.3085e+01 6.2824e+01 6.2956e+01 -1.4522e+00 3.9929e+00 3.3246e+00 7.5377e-02 7.5377e-02 9.2462e-01 1.6015e-03
7.0352e-05 7.0352e-05 9.2965e-04 4.7320e+05 6.4102e-05 6.4102e-05 7.6602e-05 7.6602e-05 2.9851e+01 1.6708e+22 1.1077e-03 -1.9841e-01 1.8095e-01 2.7293e+02 6.2959e+01 7.8172e-03 3.1395e-02 -2.3780e-02 6.3070e+01 6.2841e+01 6.2965e+01 7.2711e-01 5.6322e+00 5.1700e+00 7.0352e-02 7.0352e-02 9.2965e-01 1.6102e-03
6.5327e-05 6.5327e-05 9.3467e-04 4.7574e+05 5.9077e-05 5.9077e-05 7.1577e-05 7.1577e-05 2.9852e+01 1.6708e+22 1.1078e-03 -1.8968e-01 1.3793e-01 2.7291e+02 6.2957e+01 7.1335e-03 2.9466e-02 -2.0611e-02 6.3049e+01 6.2853e+01 6.2968e+01 -3.0987e-01 7.9472e+00 5.5213e+00 6.5327e-02 6.5327e-02 9.3467e-01 1.6189e-03
6.0302e-05 6.0302e-05 9.3970e-04 4.7828e+05 5.4052e-05 5.4052e-05 6.6552e-05 6.6552e-05 2.9850e+01 1.6707e+22 1.1077e-03 -1.6961e-01 1.2764e-01 2.7292e+02 6.2954e+01 6.9940e-03 2.6719e-02 -2.2470e-02 6.3032e+01 6.2863e+01 6.2966e+01 -3.5959e+00 6.8513e+00 4.1806e+00 6.0302e-02 6.0302e-02 9.3970e-01 1.6276e-03
5.5276e-05 5.5276e-05 9.4472e-04 4.8082e+05 4.9026e-05 4.9026e-05 6.1526e-05 6.1526e-05 2.9847e+01 1.6706e+22 1.1076e-03 -1.5954e-01 1.6627e-01 2.7294e+02 6.2954e+01 8.8149e-03 2.5459e-02 -2.7898e-02 6.3028e+01 6.2871e+01 6.2962e+01 -6.8574e+00 1.2951e+00 2.1733e+00 5.5276e-02 5.5276e-02 9.4472e-01 1.6363e-03
5.0251e-05 5.0251e-05 9.4975e-04 4.8336e+05 4.4001e-05 4.4001e-05 5.6501e-05 5.6501e-05 2.9847e+01 1.6706e+22 1.1076e-03 -1.6711e-01 2.1122e-01 2.7294e+02 6.2952e+01 1.2121e-02 2.5773e-02 -3.6205e-02 6.3024e+01 6.2878e+01 6.2955e+01 -5.8425e+00 -2.9753e+00 3.1781e+00 5.0251e-02 5.0251e-02 9.4975e-01 1.6450e-03
4.5226e-05 4.5226e-05 9.5477e-04 4.8590e+05 3.8976e-05 3.8976e-05 5.1476e-05 5.1476e-05 2.9853e+01 1.6709e+22 1.1078e-03 -1.1194e-01 1.2789e-01 2.7299e+02 6.2975e+01 1.1328e-02 3.3096e-02 -2.3743e-02 6.3035e+01 6.2908e+01 6.2982e+01 -4.6442e+00 -9.8151e-01 -4.2443e-01 4.5226e-02 4.5226e-02 9.5477e-01 1.6537e-03
4.0201e-05 4.0201e-05 9.5980e-04 4.8844e+05 3.3951e-05 3.3951e-05 4.6451e-05 4.6451e-05 2.9853e+01 1.6709e+22 1.1078e-03 -7.6948e-02 3.8795e-02 2.7304e+02 6.2989e+01 1.2811e-02 3.4736e-02 -1.2599e-02 6.3038e+01 6.2925e+01 6.3003e+01 -3.5316e+00 2.5430e+00 -3.7223e+00 4.0201e-02 4.0201e-02 9.5980e-01 1.6624e-03
3.5176e-05 3.5176e-05 9.6482e-04 4.9098e+05 2.8926e-05 2.8926e-05 4.1426e-05 4.1426e-05 2.9852e+01 1.6709e+22 1.1078e-03 -6.3889e-02 1.6321e-03 2.7306e+02 6.2992e+01 1.3231e-02 3.0998e-02 -8.3947e-03 6.3031e+01 6.2934e+01 6.3009e+01 -2.2355e+00 4.1474e+00 -4.5307e+00 3.5176e-02 3.5176e-02 9.6482e-01 1.6711e-03
3.0151e-05 3.0151e-05 9.6985e-04 4.9352e+05 2.3901e-05 2.3901e-05 3.6401e-05 3.6401e-05 2.9852e+01 1.6708e+22 1.1078e-03 -7.0199e-02 1.9226e-02 2.7304e+02 6.2987e+01 1.2626e-02 2.2400e-02 -1.0302e-02 6.3019e+01 6.2939e+01 6.3002e+01 -2.2479e-01 2.8201e+00 -3.1393e+00 3.0151e-02 3.0151e-02 9.6985e-01 1.6798e-03
2.5126e-05 2.5126e-05 9.7487e-04 4.9606e+05 1.8876e-05 1.8876e-05 3.1376e-05 3.1376e-05 2.9848e+01 1.6706e+22 1.1076e-03 -9.5170e-02 1.8522e-02 2.7305e+02 6.2979e+01 1.7067e-02 8.3211e-03 -9.3981e-03 6.3007e+01 6.2936e+01 6.2994e+01 3.4104e+00 1.0662e+00 -3.2793e+00 2.5126e-02 2.5126e-02 9.7487e-01 1.6885e-03
2.0101e-05 2.0101e-05 9.7990e-04 4.9860e+05 1.3851e-05 1.3851e-05 2.6351e-05 2.6351e-05 2.9844e+01 1.6704e+22 1.1075e-03 -3.7896e-02 -7.3118e-03 2.7308e+02 6.2979e+01 2.2102e-02 4.0578e-03 -3.6192e-03 6.2996e+01 6.2947e+01 6.2995e+01 2.7012e+00 4.3987e+00 1.6640e-01 2.0101e-02 2.0101e-02 9.7990e-01 1.6972e-03
1.5075e-05 1.5075e-05 9.8492e-04 5.0114e+05 8.8254e-06 8.8254e-06 2.1325e-05 2.1325e-05 2.9845e+01 1.6704e+22 1.1075e-03 -1.3872e-02 -1.8524e-02 2.7312e+02 6.2990e+01 3.1284e-02 7.4142e-04 2.1441e-04 6.2994e+01 6.2972e+01 6.3003e+01 3.3988e+00 9.0907e+00 4.5184e+00 1.5075e-02 1.5075e-02 9.8492e-01 1.7059e-03
1.0050e-05 1.0050e-05 9.8995e-04 5.0306e+05 5.0251e-06 5.0251e-06 1.7525e-05 1.7525e-05 2.9849e+01 1.6707e+22 1.1076e-03 -1.1118e-03 -1.5562e-02 2.7313e+02 6.2999e+01 3.0561e-02 -6.0524e-03 2.6723e-04 6.3000e+01 6.2995e+01 6.3003e+01 4.2386e+00 1.2308e+01 6.7157e+00 1.0050e-02 1.0050e-02 9.8995e-01 1.7146e-03
5.0251e-06 5.0251e-06 9.9497e-04 5.0433e+05 2.5126e-06 2.5126e-06 1.5013e-05 1.5013e-05 2.9851e+01 1.6708e+22 1.1077e-03 1.6488e-02 -5.9491e-03 2.7310e+02 6.3000e+01 1.5311e-02 -1.9021e-02 -4.9759e-03 6.3007e+01 6.3005e+01 6.2987e+01 4.4181e+00 1.3033e+01 5.8653e+00 5.0251e-03 5.0251e-03 9.9497e-01 1.7233e-03
0.0000e+00 0.0000e+00 1.0000e-03 5.0560e+05 0.0000e+00 0.0000e+00 1.2500e-05 1.2500e-05 2.9847e+01 1.6706e+22 1.1076e-03 4.3454e-02 -3.6313e-03 2.7308e+02 6.2984e+01 -7.7499e-03 -3.8974e-02 -1.6801e-02 6.3010e+01 6.2997e+01 6.2945e+01 3.9047e+00 1.2304e+01 3.5624e+00 0.0000e+00 0.0000e+00 1.0000e+00 1.7321e-03
