0 	273 	25.2339 	0.000442472	0 	0 	-250 	0
1e-05 	274.7 	25.2342 	0.000441129	1e-05 	-0.000125766 	-244.62 	0
2e-05 	276.356 	25.2346 	0.000438491	2e-05 	-0.000157089 	-239.267 	0
3e-05 	277.966 	25.2346 	0.000435951	3e-05 	-0.000104685 	-233.934 	0
4e-05 	279.534 	25.2346 	0.000433507	4e-05 	-5.44211e-05 	-228.625 	0
5e-05 	281.058 	25.2345 	0.000431154	5e-05 	-1.96713e-05 	-223.341 	0
6e-05 	282.541 	25.2345 	0.000428891	6e-05 	-3.03258e-06 	-218.082 	0
7e-05 	283.981 	25.2344 	0.000426715	7e-05 	1.42798e-07 	-212.844 	0
8e-05 	285.38 	25.2344 	0.000424622	8e-05 	-4.50788e-06 	-207.629 	0
9e-05 	286.74 	25.2344 	0.000422607	9e-05 	-1.26391e-05 	-202.434 	0
0.0001 	288.06 	25.2344 	0.00042067	0.0001 	-2.16412e-05 	-197.26 	0
0.00011 	289.341 	25.2344 	0.000418808	0.00011 	-3.02899e-05 	-192.106 	0
0.00012 	290.584 	25.2344 	0.000417017	0.00012 	-3.82183e-05 	-186.969 	0
0.00013 	291.789 	25.2344 	0.000415295	0.00013 	-4.54807e-05 	-181.851 	0
0.00014 	292.957 	25.2344 	0.000413639	0.00014 	-5.22744e-05 	-176.75 	0
0.00015 	294.087 	25.2344 	0.000412049	0.00015 	-5.88003e-05 	-171.666 	0
0.00016 	295.181 	25.2344 	0.000410521	0.00016 	-6.52117e-05 	-166.597 	0
0.00017 	296.24 	25.2344 	0.000409053	0.00017 	-7.16097e-05 	-161.544 	0
0.00018 	297.263 	25.2344 	0.000407646	0.00018 	-7.80569e-05 	-156.506 	0
0.00019 	298.25 	25.2344 	0.000406296	0.00019 	-8.45929e-05 	-151.482 	0
0.0002 	299.203 	25.2343 	0.000405002	0.0002 	-9.12464e-05 	-146.47 	0
0.00021 	300.122 	25.2343 	0.000403762	0.00021 	-9.80442e-05 	-141.472 	0
0.00022 	301.006 	25.2343 	0.000402575	0.00022 	-0.000105016 	-136.487 	0
0.00023 	301.857 	25.2343 	0.00040144	0.00023 	-0.000112201 	-131.513 	0
0.00024 	302.674 	25.2343 	0.000400355	0.00024 	-0.000119655 	-126.55 	0
0.00025 	303.459 	25.2343 	0.000399321	0.00025 	-0.000127456 	-121.599 	0
0.00026 	304.211 	25.2343 	0.000398334	0.00026 	-0.000135719 	-116.657 	0
0.00027 	304.93 	25.2343 	0.000397395	0.00027 	-0.000144595 	-111.726 	0
0.00028 	305.617 	25.2343 	0.000396502	0.00028 	-0.000154266 	-106.804 	0
0.00029 	306.271 	25.2343 	0.000395655	0.00029 	-0.000164919 	-101.89 	0
0.0003 	306.894 	25.2343 	0.000394851	0.0003 	-0.000176681 	-96.985 	0
0.00031 	307.485 	25.2343 	0.000394093	0.00031 	-0.000189533 	-92.0879 	0
0.00032 	308.044 	25.2343 	0.000393377	0.00032 	-0.000203202 	-87.1983 	0
0.00033 	308.572 	25.2343 	0.000392703	0.00033 	-0.000217077 	-82.3157 	0
0.00034 	309.07 	25.2343 	0.000392072	0.00034 	-0.000230221 	-77.4398 	0
0.00035 	309.536 	25.2343 	0.000391481	0.00035 	-0.000241569 	-72.5701 	0
0.00036 	309.971 	25.2343 	0.000390931	0.00036 	-0.000250417 	-67.7062 	0
0.00037 	310.377 	25.2343 	0.000390421	0.00037 	-0.000257194 	-62.8476 	0
0.00038 	310.751 	25.2343 	0.000389951	0.00038 	-0.00026461 	-57.9941 	0
0.00039 	311.094 	25.2343 	0.000389518	0.00039 	-0.000279336 	-53.1451 	0
0.0004 	311.409 	25.2342 	0.000389125	0.0004 	-0.000314185 	-48.3003 	0
0.00041 	311.692 	25.234 	0.000388767	0.00041 	-0.000390025 	-43.4593 	0
0.00042 	311.946 	25.2337 	0.000388447	0.00042 	-0.000535357 	-38.6217 	0
0.00043 	312.169 	25.2333 	0.000388163	0.00043 	-0.000780109 	-33.7871 	0
0.00044 	312.363 	25.233 	0.000387918	0.00044 	-0.00113987 	-28.9551 	0
0.00045 	312.526 	25.2328 	0.000387713	0.00045 	-0.00158922 	-24.1255 	0
0.00046 	312.659 	25.2332 	0.000387552	0.00046 	-0.00202995 	-19.2977 	0
0.00047 	312.764 	25.2341 	0.000387438	0.00047 	-0.00227396 	-14.4713 	0
0.00048 	312.838 	25.2357 	0.000387372	0.00048 	-0.00207901 	-9.64614 	0
0.00049 	312.882 	25.2375 	0.000387343	0.00049 	-0.0012355 	-4.82169 	0
0.0005 	312.897 	25.2383 	0.000387336	0.0005 	7.685e-07 	0.002395 	0
0.00051 	312.883 	25.2375 	0.000387343	0.00051 	0.00123297 	4.82648 	0
0.00052 	312.838 	25.2358 	0.000387372	0.00052 	0.00206825 	9.65093 	0
0.00053 	312.764 	25.2343 	0.00038744	0.00053 	0.00225661 	14.4762 	0
0.00054 	312.66 	25.2333 	0.000387554	0.00054 	0.00200958 	19.3025 	0
0.00055 	312.526 	25.233 	0.000387715	0.00055 	0.00156893 	24.1303 	0
0.00056 	312.362 	25.233 	0.00038792	0.00056 	0.00112182 	28.96 	0
0.00057 	312.168 	25.2334 	0.000388165	0.00057 	0.00076582 	33.7919 	0
0.00058 	311.945 	25.2338 	0.000388448	0.00058 	0.000526031 	38.6265 	0
0.00059 	311.692 	25.234 	0.000388768	0.00059 	0.000386346 	43.4641 	0
0.0006 	311.408 	25.2342 	0.000389125	0.0006 	0.000315893 	48.3051 	0
0.00061 	311.095 	25.2343 	0.000389519	0.00061 	0.000285015 	53.1499 	0
0.00062 	310.751 	25.2343 	0.000389951	0.00062 	0.000272024 	57.9989 	0
0.00063 	310.376 	25.2343 	0.000390421	0.00063 	0.000264061 	62.8525 	0
0.00064 	309.971 	25.2343 	0.000390931	0.00064 	0.000255183 	67.7109 	0
0.00065 	309.536 	25.2343 	0.000391481	0.00065 	0.000243758 	72.5748 	0
0.00066 	309.069 	25.2343 	0.000392072	0.00066 	0.000230268 	77.4446 	0
0.00067 	308.572 	25.2343 	0.000392704	0.00067 	0.000215856 	82.3205 	0
0.00068 	308.044 	25.2343 	0.000393377	0.00068 	0.000201565 	87.2031 	0
0.00069 	307.484 	25.2343 	0.000394093	0.00069 	0.000188066 	92.0927 	0
0.0007 	306.893 	25.2343 	0.000394852	0.0007 	0.000175658 	96.9899 	0
0.00071 	306.27 	25.2343 	0.000395656	0.00071 	0.00016437 	101.895 	0
0.00072 	305.615 	25.2343 	0.000396503	0.00072 	0.000154087 	106.808 	0
0.00073 	304.929 	25.2343 	0.000397396	0.00073 	0.000144638 	111.73 	0
0.00074 	304.21 	25.2343 	0.000398336	0.00074 	0.000135857 	116.663 	0
0.00075 	303.458 	25.2343 	0.000399322	0.00075 	0.000127602 	121.604 	0
0.00076 	302.674 	25.2343 	0.000400357	0.00076 	0.000119764 	126.555 	0
0.00077 	301.857 	25.2343 	0.000401442	0.00077 	0.000112264 	131.518 	0
0.00078 	301.006 	25.2343 	0.000402576	0.00078 	0.00010504 	136.492 	0
0.00079 	300.121 	25.2343 	0.000403763	0.00079 	9.8048e-05 	141.478 	0
0.0008 	299.202 	25.2343 	0.000405003	0.0008 	9.12487e-05 	146.476 	0
0.00081 	298.25 	25.2343 	0.000406297	0.00081 	8.46072e-05 	151.487 	0
0.00082 	297.262 	25.2344 	0.000407648	0.00082 	7.80876e-05 	156.511 	0
0.00083 	296.239 	25.2344 	0.000409056	0.00083 	7.16464e-05 	161.549 	0
0.00084 	295.18 	25.2344 	0.000410523	0.00084 	6.52213e-05 	166.603 	0
0.00085 	294.086 	25.2344 	0.00041205	0.00085 	5.87237e-05 	171.671 	0
0.00086 	292.956 	25.2344 	0.00041364	0.00086 	5.20486e-05 	176.755 	0
0.00087 	291.788 	25.2344 	0.000415296	0.00087 	4.50915e-05 	181.856 	0
0.00088 	290.583 	25.2344 	0.000417019	0.00088 	3.77678e-05 	186.975 	0
0.00089 	289.34 	25.2344 	0.00041881	0.00089 	3.00788e-05 	192.111 	0
0.0009 	288.058 	25.2344 	0.000420673	0.0009 	2.20934e-05 	197.265 	0
0.00091 	286.739 	25.2344 	0.00042261	0.00091 	1.40969e-05 	202.44 	0
0.00092 	285.379 	25.2344 	0.000424624	0.00092 	7.24461e-06 	207.634 	0
0.00093 	283.979 	25.2345 	0.000426717	0.00093 	5.82798e-06 	212.849 	0
0.00094 	282.538 	25.2345 	0.000428894	0.00094 	9.57628e-06 	218.087 	0
0.00095 	281.057 	25.2346 	0.000431156	0.00095 	1.77951e-05 	223.347 	0
0.00096 	279.533 	25.2346 	0.000433508	0.00096 	4.40714e-05 	228.629 	0
0.00097 	277.966 	25.2347 	0.000435953	0.00097 	9.35817e-05 	233.936 	0
0.00098 	276.356 	25.2346 	0.000438492	0.00098 	0.000149239 	239.268 	0
0.00099 	274.7 	25.2342 	0.000441129	0.00099 	0.000121886 	244.621 	0
0.001 	273 	25.2339 	0.000442473	0.001 	0 	250 	0
