2.000000000000000164e-05	8.401621599994284206e-02	9.456454712951503638e-02	9.918156448975581907e-02	2.592606213613857583e-02	2.922132442703738106e-02	3.221889714197553878e-02
2.199999999999999943e-05	8.726555663224962178e-02	9.427877832584562190e-02	1.021582709230753755e-01	2.633259929398917149e-02	2.986031445722099609e-02	3.295307016652294224e-02
2.400000000000000061e-05	8.816760547156994587e-02	9.618990772107781362e-02	1.024866843785946918e-01	2.678624726629429825e-02	3.034766521158531460e-02	3.349404807872487927e-02
2.599999999999999840e-05	9.033929305378245178e-02	9.986624850597326797e-02	1.057762162878494311e-01	2.733437933478679097e-02	3.098984512230647942e-02	3.408860980830000220e-02
2.799999999999999958e-05	9.342152423419881890e-02	1.011861056855731661e-01	1.083956361438550703e-01	2.780092356384932656e-02	3.148513875292343472e-02	3.490691084358023971e-02
3.000000000000000076e-05	9.186667593403446963e-02	1.017804132005140638e-01	1.082460561075931776e-01	2.804357909141145383e-02	3.186797534587184483e-02	3.569750476242511406e-02
3.199999999999999855e-05	9.359878950027658573e-02	1.039412326644979651e-01	1.109187654111785798e-01	2.854859831274783946e-02	3.256759863133004695e-02	3.632729007738995375e-02
3.399999999999999973e-05	9.560008055808322247e-02	1.040887977190562558e-01	1.137271277567374894e-01	2.890703684041570631e-02	3.302256694451109753e-02	3.677860924321527114e-02
3.600000000000000091e-05	9.645521229054815349e-02	1.052827721149090096e-01	1.146322271210921256e-01	2.917238922995817052e-02	3.346482887498515579e-02	3.702407175001797002e-02
3.800000000000000209e-05	9.825116282274325152e-02	1.076479517585824108e-01	1.151601494107340473e-01	2.953331871589736507e-02	3.375484857982247872e-02	3.782999042863589151e-02
4.000000000000000327e-05	9.975410015090360738e-02	1.090070686887529422e-01	1.177791338192306081e-01	2.988886368989934414e-02	3.413815135561443920e-02	3.838177049464277374e-02
4.199999999999999768e-05	9.916236451399937368e-02	1.106020653649884278e-01	1.187267379087047353e-01	3.019112209320401821e-02	3.464230911389766521e-02	3.865794619581323921e-02
4.399999999999999886e-05	1.014778984661998118e-01	1.106032442081820583e-01	1.207499085648802012e-01	3.059298537206484037e-02	3.495891567598118088e-02	3.875867766858501207e-02
4.600000000000000004e-05	1.028868339909080887e-01	1.103147829072395475e-01	1.209943160869106499e-01	3.107989686758677594e-02	3.514497263496289131e-02	3.941281105165620607e-02
4.800000000000000122e-05	1.030943610940811966e-01	1.111426093258017500e-01	1.232542677704456524e-01	3.101733406368801377e-02	3.556501303213456533e-02	4.023266088956755498e-02
5.000000000000000240e-05	1.055083867772744349e-01	1.141909085219424691e-01	1.251831608470338475e-01	3.108463170786818913e-02	3.597073472798682781e-02	4.030455527373387470e-02
5.199999999999999680e-05	1.048149766839150121e-01	1.167030851334551339e-01	1.251660433992780874e-01	3.149823248296827055e-02	3.594947860621711122e-02	4.033398312735130692e-02
5.399999999999999798e-05	1.035814569440672572e-01	1.196035891293142778e-01	1.267096890484601113e-01	3.191748810503853423e-02	3.672026887229652009e-02	4.087401645740641742e-02
5.599999999999999916e-05	1.050315206894429504e-01	1.189459161455067165e-01	1.263527667623614847e-01	3.226737681948929626e-02	3.706777230607458118e-02	4.174942809574869185e-02
5.800000000000000034e-05	1.074067011738777666e-01	1.186349742616031044e-01	1.281471719284569821e-01	3.202468004101780008e-02	3.716048190776754384e-02	4.176249529855731446e-02
6.000000000000000152e-05	1.081618035241278669e-01	1.198493001990846851e-01	1.299891709028022924e-01	3.215942199675791979e-02	3.738632582645422253e-02	4.199302417956836397e-02
6.200000000000000270e-05	1.077874728343975741e-01	1.195271929477446926e-01	1.307417257277237455e-01	3.289330181041540124e-02	3.759131339174282688e-02	4.195134380162036242e-02
6.399999999999999710e-05	1.093778826265687787e-01	1.192994726735121525e-01	1.322759271094021416e-01	3.298209096625027287e-02	3.802859991564708220e-02	4.232094448753532384e-02
6.600000000000000506e-05	1.113171492050489680e-01	1.217188646951826159e-01	1.331760227619311898e-01	3.290207807150475477e-02	3.832538275812308326e-02	4.300535807673565303e-02
6.799999999999999946e-05	1.102401954596331224e-01	1.232383593290336671e-01	1.318287262775598156e-01	3.287060015623014669e-02	3.861876109238605859e-02	4.306756581787021809e-02
6.999999999999999387e-05	1.130879660254950486e-01	1.248718770715886717e-01	1.318087940926367108e-01	3.317744737157245910e-02	3.858245074423293647e-02	4.374196304382750589e-02
7.200000000000000182e-05	1.128969774554911681e-01	1.251812939860112717e-01	1.344258556830824625e-01	3.395816693878135617e-02	3.885023337551073153e-02	4.361041087264711652e-02
7.399999999999999623e-05	1.117214722579836228e-01	1.244437861565047820e-01	1.373494324599523475e-01	3.378826476660804629e-02	3.875784206540688198e-02	4.338070918560998218e-02
7.600000000000000418e-05	1.142312633284215950e-01	1.278254200569650945e-01	1.358525351392965708e-01	3.391082028744429877e-02	3.891127885582915114e-02	4.418297465801525326e-02
7.799999999999999859e-05	1.158392920747797067e-01	1.264539179795327595e-01	1.363706985625813828e-01	3.417650001904860152e-02	3.960342029614010578e-02	4.441349714794847608e-02
8.000000000000000654e-05	1.143313401702042847e-01	1.258393479974870555e-01	1.395934418968737267e-01	3.424244660047005839e-02	3.969948794514759766e-02	4.447598663587755408e-02
8.200000000000000095e-05	1.151322744632234524e-01	1.285119676654492560e-01	1.413602968612094335e-01	3.447336738928764854e-02	3.938108591584277285e-02	4.492711848298368976e-02
8.399999999999999535e-05	1.185454020283921300e-01	1.300210604912382384e-01	1.436794524380207994e-01	3.428383440633564483e-02	3.953673217079088642e-02	4.521321542022641027e-02
8.600000000000000331e-05	1.178885622091107033e-01	1.277514140722406932e-01	1.413404781222642737e-01	3.447779941574374146e-02	4.009918664143265893e-02	4.502339971681123404e-02
8.799999999999999771e-05	1.159660284169353878e-01	1.297366144760937201e-01	1.407338538081465695e-01	3.467518966330704333e-02	4.031461768467364121e-02	4.503015956044387202e-02
9.000000000000000567e-05	1.163507366412756538e-01	1.346360791718490824e-01	1.451627572680077027e-01	3.458174201705540435e-02	4.015145339681767261e-02	4.607229893485565581e-02
9.200000000000000007e-05	1.172728323946569118e-01	1.324166255442671969e-01	1.440428253711782403e-01	3.476931495357844792e-02	4.045748174219859078e-02	4.588813732250057037e-02
9.399999999999999448e-05	1.185586446681823475e-01	1.313174261323589442e-01	1.427749214669821187e-01	3.531490646483345652e-02	4.078868836503467266e-02	4.559962594251202456e-02
9.600000000000000243e-05	1.214840706097579937e-01	1.366689989275258199e-01	1.457550950932804679e-01	3.542878650979467553e-02	4.120876470716591800e-02	4.626256937401719560e-02
9.799999999999999684e-05	1.205827469767087601e-01	1.343223107677521122e-01	1.434989294640199864e-01	3.549925431828422628e-02	4.135744244621822330e-02	4.638501886834759530e-02
1.000000000000000048e-04	1.212726114434486552e-01	1.322862458142270436e-01	1.446552183725572649e-01	3.563794918676410628e-02	4.118193196573733533e-02	4.643335708404371098e-02
1.019999999999999992e-04	1.219660419189848855e-01	1.338409161382506374e-01	1.488408390400986492e-01	3.562574993373034127e-02	4.138491157847837276e-02	4.666798160951566438e-02
1.039999999999999936e-04	1.215978797288799346e-01	1.341093878521474325e-01	1.488505197666162572e-01	3.585370852579771589e-02	4.152059574441468309e-02	4.693363355302613421e-02
1.060000000000000016e-04	1.213039588900670790e-01	1.377076772922346537e-01	1.480566386514551303e-01	3.577093074427074165e-02	4.173113543023757727e-02	4.739175167428041208e-02
1.079999999999999960e-04	1.232228997274975174e-01	1.366176714552122529e-01	1.468747853974400053e-01	3.557209190385699632e-02	4.156679260313140417e-02	4.779028739475398718e-02
1.100000000000000039e-04	1.239284314648254476e-01	1.346536393786599284e-01	1.492966899913433232e-01	3.552276132521074020e-02	4.201463568370372020e-02	4.784286874944587015e-02
1.119999999999999983e-04	1.239985481384104360e-01	1.369861210103693050e-01	1.570510612980690890e-01	3.605728034174707219e-02	4.229641457252533709e-02	4.770479148207727033e-02
1.140000000000000063e-04	1.229843921239166665e-01	1.393602906863974922e-01	1.531017858906580098e-01	3.629409810135777320e-02	4.194688807475379505e-02	4.768548943449762295e-02
1.160000000000000007e-04	1.247192713961839117e-01	1.392555582779252676e-01	1.482514317497974077e-01	3.633234288207984330e-02	4.227922165614372146e-02	4.772911622910488982e-02
1.179999999999999951e-04	1.252198041487629920e-01	1.422255808590911774e-01	1.515725238342390258e-01	3.644624797777073349e-02	4.297859355930069847e-02	4.775959159094728124e-02
1.200000000000000030e-04	1.234355203280812496e-01	1.397709342739185123e-01	1.532204935036437510e-01	3.654274463856160143e-02	4.264601970392989383e-02	4.813722892154857769e-02
1.219999999999999974e-04	1.247569894257606754e-01	1.400691537120997698e-01	1.518884689190872217e-01	3.662252240535164571e-02	4.251515039373906374e-02	4.850896815920709843e-02
1.240000000000000054e-04	1.232260772974963364e-01	1.426482607337167807e-01	1.512847110874886158e-01	3.630554333305573839e-02	4.266624482223844300e-02	4.856909492444037163e-02
1.259999999999999998e-04	1.265655040500163198e-01	1.426725466885673255e-01	1.546901195220582725e-01	3.637071766276225859e-02	4.242364449363018181e-02	4.891569151283332861e-02
1.279999999999999942e-04	1.294563419918220992e-01	1.419358473087958261e-01	1.569476505525243537e-01	3.681234133069789111e-02	4.237159509807432445e-02	4.862832584771283051e-02
1.299999999999999886e-04	1.305559615699529719e-01	1.401842693079312641e-01	1.585370963596081928e-01	3.698342598441473755e-02	4.312365375296083742e-02	4.846916616834603259e-02
1.320000000000000101e-04	1.288370115264204085e-01	1.420103595929511353e-01	1.572301504005728934e-01	3.700145292470635727e-02	4.356931405988306166e-02	4.900090549540002394e-02
1.340000000000000045e-04	1.284869862543116248e-01	1.433894895267016634e-01	1.578661321323074906e-01	3.739549562670681226e-02	4.317030704392330748e-02	4.914272264303643639e-02
1.359999999999999989e-04	1.287669261474963522e-01	1.461440411867244993e-01	1.580244911987642997e-01	3.746210065338029249e-02	4.380807839411782201e-02	4.854841955151776439e-02
1.379999999999999933e-04	1.278783920886646663e-01	1.424405903543457808e-01	1.568913933793917304e-01	3.680146827425583717e-02	4.406497279152980090e-02	4.840477042571130623e-02
1.399999999999999877e-04	1.301228873622320703e-01	1.412022549573092312e-01	1.552179620801510118e-01	3.693983646595740827e-02	4.363689220630632276e-02	4.956691689490756725e-02
1.420000000000000092e-04	1.316852382388973564e-01	1.485963082077305653e-01	1.602126260634696708e-01	3.773309572941803414e-02	4.362237259979799553e-02	4.991949507156297899e-02
1.440000000000000036e-04	1.300888960098297853e-01	1.485130781422709656e-01	1.597585596666908359e-01	3.768125784639183434e-02	4.331070923129940603e-02	4.996054638114404145e-02
1.459999999999999981e-04	1.303036077268333037e-01	1.439073425798125250e-01	1.559304903971195089e-01	3.707618380329067570e-02	4.298327066226783483e-02	4.965009441027040671e-02
1.479999999999999925e-04	1.315311475396785390e-01	1.463299342713264839e-01	1.575618155785500352e-01	3.747567641527672910e-02	4.398581915777677320e-02	4.983432582004169303e-02
1.499999999999999869e-04	1.310442454688782177e-01	1.489414265970358808e-01	1.621045514154629275e-01	3.816059827399744669e-02	4.468323680208878546e-02	5.051976436663539738e-02
1.520000000000000084e-04	1.299362926901409532e-01	1.479349387123236881e-01	1.664000317735200019e-01	3.736212202997248044e-02	4.363271789949126067e-02	4.980370533816653317e-02
1.540000000000000028e-04	1.272482952644581056e-01	1.492432937627914957e-01	1.640599701746532912e-01	3.764925265335759136e-02	4.387027915917546955e-02	4.977837970886878766e-02
1.559999999999999972e-04	1.294744599753715752e-01	1.501337057442615752e-01	1.607784301359347079e-01	3.788811831284423504e-02	4.456944771451774173e-02	5.007768343188886973e-02
1.579999999999999916e-04	1.354028779268238725e-01	1.492393892779102227e-01	1.640602030243973608e-01	3.735318599715314880e-02	4.413186495363068812e-02	5.004354514989111519e-02
1.600000000000000131e-04	1.338566214098141083e-01	1.459939428146081741e-01	1.650158072036234935e-01	3.758717267826970632e-02	4.420015578744311557e-02	5.026055751542759381e-02
1.620000000000000075e-04	1.319000475512138171e-01	1.462487734097621672e-01	1.620321533605131870e-01	3.772123717728762676e-02	4.448263091980383943e-02	5.047880740744501576e-02
1.640000000000000019e-04	1.340722321067487344e-01	1.479922430388297683e-01	1.665322072344593562e-01	3.803535775879104963e-02	4.450423140357917529e-02	5.080007712107736245e-02
1.659999999999999963e-04	1.373565202430319376e-01	1.526232259676224556e-01	1.678490769127757021e-01	3.813299858692014571e-02	4.435349454845574635e-02	5.102704960181463079e-02
1.679999999999999907e-04	1.350301100359422579e-01	1.549569086853793132e-01	1.659575981169026659e-01	3.774640985695002643e-02	4.440505021699098914e-02	5.126496647141425000e-02
1.700000000000000122e-04	1.310742657075953665e-01	1.515718529096010958e-01	1.662707285729418949e-01	3.775977705192927469e-02	4.445690955012444878e-02	5.089298078770949224e-02
1.720000000000000066e-04	1.352451065033288824e-01	1.506474087441020959e-01	1.671787344907526285e-01	3.816009449888586869e-02	4.436787282821288286e-02	5.125818960234241467e-02
1.740000000000000010e-04	1.345256189945100156e-01	1.502915910206812089e-01	1.648036483639587213e-01	3.813015459099393378e-02	4.478586009657055389e-02	5.149380547745825015e-02
1.759999999999999954e-04	1.325518227165965457e-01	1.495703380685164674e-01	1.649245499491215627e-01	3.817805122902695469e-02	4.523960115818214528e-02	5.131901296174480598e-02
1.779999999999999898e-04	1.362669724103137414e-01	1.520745698807516866e-01	1.670437997046232415e-01	3.869493238481699904e-02	4.508410426212271227e-02	5.080339310708151257e-02
1.800000000000000113e-04	1.365233248965720680e-01	1.532280891915072663e-01	1.699830863794809799e-01	3.844931742436009242e-02	4.543932679008062803e-02	5.089083044016776830e-02
1.820000000000000057e-04	1.366047068664180686e-01	1.524555633444405478e-01	1.681342313019393298e-01	3.807471531123567815e-02	4.570771507918200416e-02	5.122982343978906700e-02
1.840000000000000001e-04	1.399165748021216071e-01	1.541268103068295925e-01	1.657188916533946232e-01	3.834639963947818198e-02	4.499204419297880148e-02	5.138142875091052802e-02
1.859999999999999945e-04	1.392907100308598822e-01	1.547593019618000165e-01	1.674039698769066997e-01	3.863058282802838556e-02	4.493409755374316861e-02	5.200185598094270861e-02
1.879999999999999890e-04	1.384830640788506650e-01	1.547479246491902105e-01	1.659552623585628939e-01	3.869034270705082323e-02	4.518572254016904599e-02	5.194502985446016602e-02
1.900000000000000105e-04	1.376142879387009521e-01	1.530618676483006813e-01	1.691515462177470286e-01	3.834682428013587441e-02	4.520558999416066787e-02	5.197264515716630562e-02
1.920000000000000049e-04	1.345934081837933394e-01	1.557223073486418419e-01	1.732028956427896782e-01	3.848757673986406141e-02	4.479810374275828427e-02	5.219134246535565846e-02
1.939999999999999993e-04	1.348463865823996688e-01	1.549081672688163158e-01	1.716146836335835091e-01	3.877932831357770727e-02	4.443937704786788540e-02	5.256867010481919983e-02
1.959999999999999937e-04	1.380073414958438438e-01	1.547090864217266215e-01	1.696687280635055250e-01	3.846860822726030915e-02	4.510242334419833909e-02	5.178891749540530387e-02
1.979999999999999881e-04	1.395008966824242969e-01	1.538078273304823995e-01	1.725684227830274753e-01	3.838747420463627102e-02	4.585662576760635156e-02	5.168170792329822988e-02
2.000000000000000096e-04	1.388561060520914492e-01	1.553375828707989903e-01	1.723386269644821556e-01	3.853634919196197162e-02	4.572286849420872934e-02	5.219343131584542467e-02
2.020000000000000040e-04	1.370271877308478214e-01	1.587919516000051434e-01	1.682486809223113777e-01	3.862946718281740771e-02	4.559972191188935153e-02	5.213534080790761804e-02
2.039999999999999984e-04	1.368822668874465354e-01	1.549833139468796417e-01	1.725287825878723258e-01	3.904676772569123933e-02	4.551574223547229930e-02	5.247451246586667256e-02
2.059999999999999928e-04	1.393745287176177405e-01	1.552578834206099490e-01	1.733231276490777295e-01	3.899982650406733087e-02	4.556402984555363994e-02	5.279883714611066647e-02
2.079999999999999872e-04	1.384362351799032498e-01	1.556577928754602491e-01	1.692330588308237072e-01	3.880033811319017617e-02	4.601431073027246327e-02	5.222295912672120233e-02
2.100000000000000087e-04	1.395163325690583211e-01	1.568700506469072053e-01	1.729809621331181435e-01	3.860641181625085183e-02	4.588439906404338103e-02	5.304371026333300210e-02
2.120000000000000031e-04	1.401264855744864257e-01	1.550330708303851723e-01	1.769847458328019374e-01	3.878277997498087715e-02	4.630722730118964903e-02	5.277313557234188796e-02
2.139999999999999975e-04	1.378424001187619763e-01	1.559476923808019999e-01	1.737483289407521225e-01	3.909257586767585918e-02	4.597995453120710951e-02	5.136945531232854634e-02
2.159999999999999919e-04	1.397212546164198488e-01	1.615289202134755631e-01	1.705436383262319555e-01	3.934373216927099237e-02	4.581317386459028002e-02	5.236552958305355776e-02
2.180000000000000134e-04	1.416665285169803890e-01	1.611218875941601014e-01	1.715173733848195381e-01	3.929579024217431243e-02	4.594293801551550122e-02	5.295513662801784593e-02
2.200000000000000078e-04	1.433005018198628688e-01	1.597692608158288730e-01	1.732235743326365207e-01	3.917287409306452473e-02	4.589914302430413151e-02	5.338779654585899120e-02
2.220000000000000022e-04	1.416315823506211491e-01	1.601851848308687154e-01	1.788440193902978981e-01	3.932830986674731161e-02	4.654493338928702290e-02	5.373552139394299765e-02
2.239999999999999966e-04	1.414129389383819990e-01	1.603292245821785478e-01	1.756078868280335770e-01	3.886776057326769840e-02	4.603077571571872334e-02	5.285412677594130554e-02
2.259999999999999910e-04	1.420744737297437166e-01	1.613171765465440111e-01	1.719131544737165507e-01	3.845443883511016903e-02	4.568873241103923316e-02	5.232399147704677039e-02
2.280000000000000126e-04	1.388947914166420439e-01	1.592275148881292512e-01	1.766683740860818530e-01	3.888192598916360293e-02	4.685355613313865741e-02	5.200354269223687875e-02
2.300000000000000070e-04	1.403234097568767103e-01	1.556715152907290345e-01	1.773957113333334279e-01	3.912378881535071712e-02	4.766050256783692374e-02	5.195819655212311622e-02
2.320000000000000014e-04	1.438992285517924075e-01	1.547837192886855062e-01	1.766610532535719258e-01	3.899200567936670497e-02	4.597710498788274563e-02	5.296100691318963299e-02
2.339999999999999958e-04	1.467356298203330578e-01	1.625166745776031041e-01	1.731016448257295115e-01	3.932967689869253797e-02	4.574605196580442540e-02	5.328828710382729761e-02
2.359999999999999902e-04	1.434841674137619927e-01	1.642922631670576117e-01	1.715252065432645578e-01	3.957310707242284176e-02	4.671132608233991707e-02	5.292193265088834114e-02
2.380000000000000117e-04	1.416343682755551170e-01	1.585805775413498542e-01	1.777624465402335152e-01	3.960555331339907920e-02	4.615744126156405558e-02	5.360912314534408557e-02
2.400000000000000061e-04	1.425888041829276587e-01	1.601010734032764227e-01	1.822201984547924813e-01	3.923280262397392526e-02	4.591156703065388256e-02	5.394536422319214791e-02
2.420000000000000005e-04	1.440564495273133905e-01	1.618885045164731584e-01	1.778794007922007425e-01	3.928161961345131431e-02	4.607800868503073716e-02	5.371086705372579706e-02
2.439999999999999949e-04	1.438166832575241139e-01	1.593321880574405380e-01	1.765141294442207076e-01	3.948524154794553348e-02	4.709861267152753994e-02	5.363052612697473409e-02
2.460000000000000164e-04	1.412937218672113970e-01	1.613065325862298727e-01	1.777241959216556699e-01	3.967363359516632576e-02	4.777209333604770514e-02	5.340469313272235702e-02
2.480000000000000108e-04	1.399527858928659718e-01	1.686111459404902313e-01	1.799508289893615998e-01	3.950215373628055554e-02	4.692350802859610037e-02	5.386445422633534541e-02
2.500000000000000052e-04	1.448784862759017467e-01	1.627356650860503073e-01	1.829489068216273717e-01	3.928790901660739882e-02	4.563969108589856910e-02	5.383416907621439013e-02
2.519999999999999996e-04	1.469762690167134289e-01	1.579829286130546573e-01	1.833134045437325166e-01	3.975236611605077047e-02	4.553922389129293896e-02	5.298480242822732611e-02
2.539999999999999940e-04	1.421503604519419872e-01	1.634833238413667122e-01	1.803599599707107759e-01	3.948070382725084315e-02	4.721667957453281467e-02	5.267935210807703217e-02
2.559999999999999884e-04	1.430645228879051656e-01	1.604428508577863122e-01	1.778667058702671222e-01	3.936298667081777891e-02	4.753350602633071853e-02	5.277768446483163678e-02
2.579999999999999828e-04	1.447509004698601942e-01	1.588751067748694346e-01	1.813456742949141609e-01	3.971142270703081900e-02	4.680313596341725141e-02	5.344980718591606228e-02
2.599999999999999772e-04	1.435650901429903481e-01	1.627181132650693529e-01	1.817732887182955670e-01	3.967521309038606059e-02	4.696453512823334231e-02	5.426552244074838577e-02
2.620000000000000258e-04	1.439998657487458200e-01	1.636572051131957306e-01	1.761295508472848492e-01	4.017605832342954070e-02	4.694607691558431301e-02	5.479360590289868160e-02
2.640000000000000202e-04	1.459153279909151668e-01	1.672508647236152501e-01	1.755384793137589605e-01	3.961893642183208358e-02	4.698850381150965205e-02	5.405083913966494957e-02
2.660000000000000146e-04	1.458446484537718746e-01	1.671693780749029246e-01	1.821093398539837538e-01	3.922533634375746647e-02	4.652856337188985419e-02	5.267111496660679265e-02
2.680000000000000090e-04	1.494481733821979852e-01	1.647517555459122873e-01	1.828880265870022337e-01	3.918008777730971198e-02	4.656393603042719570e-02	5.267340466858939224e-02
2.700000000000000035e-04	1.455517182015517996e-01	1.621932415093446100e-01	1.770088571057400473e-01	3.947778111193386147e-02	4.707611310030316437e-02	5.364049001518241683e-02
2.719999999999999979e-04	1.404152894941343432e-01	1.637220663462996828e-01	1.789219176760643015e-01	3.971645021318048752e-02	4.629583179192058029e-02	5.400541789412863919e-02
2.739999999999999923e-04	1.431439369985501586e-01	1.680390920555200895e-01	1.856804288358861188e-01	3.980285039874949249e-02	4.625947861839264930e-02	5.344945569114376016e-02
2.759999999999999867e-04	1.459965793535823453e-01	1.654255983369958272e-01	1.871261958851077323e-01	4.009941729080913203e-02	4.649687831504484281e-02	5.396888526665966079e-02
2.779999999999999811e-04	1.461471030773661695e-01	1.644615043512182850e-01	1.830197473021020205e-01	3.991940218521007611e-02	4.729191164120871704e-02	5.475772087234977159e-02
2.799999999999999755e-04	1.466874783737507348e-01	1.661378529798755721e-01	1.837428780829134523e-01	3.993517385096245070e-02	4.784104034215448664e-02	5.467214198871381270e-02
2.820000000000000241e-04	1.525624014429067810e-01	1.630180879479417311e-01	1.837925432188698693e-01	4.005875804376806543e-02	4.709321123909433748e-02	5.411024565598612779e-02
2.840000000000000185e-04	1.520975070713402599e-01	1.662590014452887399e-01	1.818603075219667464e-01	3.972237027202324411e-02	4.667632636549687297e-02	5.387854235884118048e-02
2.860000000000000129e-04	1.434809151913360448e-01	1.677939440085373934e-01	1.852900851320347930e-01	3.899380871898801976e-02	4.678348210872553675e-02	5.465175307356373580e-02
2.880000000000000073e-04	1.447798800927393992e-01	1.604796644942475259e-01	1.836605434250778435e-01	3.974985249653015945e-02	4.684662631578923042e-02	5.404840237088587296e-02
2.900000000000000017e-04	1.500342941997483137e-01	1.636661224924954028e-01	1.814209723942424024e-01	4.068460892309308519e-02	4.698340142778332368e-02	5.394918298195706952e-02
2.919999999999999961e-04	1.486844609456180188e-01	1.680495365063275348e-01	1.835709280840559510e-01	4.042392159904125565e-02	4.691615466824403113e-02	5.460098493517843987e-02
2.939999999999999905e-04	1.445923290356396496e-01	1.711557528622675017e-01	1.854986567981212198e-01	3.959175544807134323e-02	4.649575160047665634e-02	5.404906735630319453e-02
2.959999999999999849e-04	1.460552181426354457e-01	1.689353555108537019e-01	1.813364763667310031e-01	3.979799335198428573e-02	4.807474370668832903e-02	5.443411185857365692e-02
2.979999999999999793e-04	1.510400063296157558e-01	1.688820907256821935e-01	1.803146941721909258e-01	3.960700780268585491e-02	4.914009179867569882e-02	5.462436571208150599e-02
2.999999999999999737e-04	1.490672955957047796e-01	1.687137825519565981e-01	1.845625831715647647e-01	3.977966958737270270e-02	4.798787220818971633e-02	5.476940613765108462e-02
3.020000000000000223e-04	1.474637436468897445e-01	1.643462093541034896e-01	1.857398880359291682e-01	4.072757859143908560e-02	4.652144521857581871e-02	5.505251493764976023e-02
3.040000000000000167e-04	1.476562011317483769e-01	1.668335970776256560e-01	1.868725379937163367e-01	4.019054128027674949e-02	4.717528382152078731e-02	5.419054697502262430e-02
3.060000000000000111e-04	1.503113348118247650e-01	1.632715833213324863e-01	1.846277911785633441e-01	3.955998144223849683e-02	4.812255813292401485e-02	5.433651393873465546e-02
3.080000000000000055e-04	1.486911129840488566e-01	1.652880714913483040e-01	1.820476716844315612e-01	4.041068875599060362e-02	4.803129524762402014e-02	5.502241469808385327e-02
3.099999999999999999e-04	1.455520958963201772e-01	1.683948438588974972e-01	1.858431892781710615e-01	4.075656314574811062e-02	4.760063660367259281e-02	5.452497338955253348e-02
3.119999999999999944e-04	1.483981690486254612e-01	1.652115827479436472e-01	1.860312992649100217e-01	3.993640471701431077e-02	4.674873688485457063e-02	5.450871249939005792e-02
3.139999999999999888e-04	1.494989378382729495e-01	1.683394575427915318e-01	1.837594987944871916e-01	4.015851594379487438e-02	4.700522778377121819e-02	5.438163319349016700e-02
3.159999999999999832e-04	1.499233608870586820e-01	1.731034637929766140e-01	1.858955340754935570e-01	4.012161429425607773e-02	4.760363996307470646e-02	5.421646091586670296e-02
3.179999999999999776e-04	1.508333739598248513e-01	1.698493750022218030e-01	1.858421930558251667e-01	4.026097509319152834e-02	4.814649370096724112e-02	5.547859404723205767e-02
3.200000000000000262e-04	1.497852865219051199e-01	1.646290088482961211e-01	1.842765730927654333e-01	4.011768711085660077e-02	4.765809010956584268e-02	5.456839821324162981e-02
3.220000000000000206e-04	1.492418642044600063e-01	1.652393863701940857e-01	1.826016325747021052e-01	3.960298016340301624e-02	4.711779536413041730e-02	5.427359133950950681e-02
3.240000000000000150e-04	1.488223016458715964e-01	1.684192773316991187e-01	1.911643557111810665e-01	4.017347884620679765e-02	4.754520618219737482e-02	5.483878011809440595e-02
3.260000000000000094e-04	1.479771941497368404e-01	1.663053206046902766e-01	1.856607284701455585e-01	4.056650397452878781e-02	4.835838471981850073e-02	5.442988442233629570e-02
3.280000000000000038e-04	1.496749921440601594e-01	1.654081834201242551e-01	1.815264528375526154e-01	4.057834094334219349e-02	4.760979444432796026e-02	5.467267513979116866e-02
3.299999999999999982e-04	1.470629985162499598e-01	1.702001730531130796e-01	1.933974543125070167e-01	4.037070189934822972e-02	4.725282512991393208e-02	5.457611711681639027e-02
3.319999999999999926e-04	1.501284766692652928e-01	1.740238234043947341e-01	1.879791535746819231e-01	3.979745270714461075e-02	4.811247722372835600e-02	5.454040776407165225e-02
3.339999999999999870e-04	1.505916212775465501e-01	1.747530271872443086e-01	1.822334067796824442e-01	3.976179676488491438e-02	4.788022457809260057e-02	5.502812323790360477e-02
3.359999999999999814e-04	1.454396823342077594e-01	1.699261103241440640e-01	1.812878610398606649e-01	4.011953781684420711e-02	4.779947119076546902e-02	5.548145662072570539e-02
3.379999999999999758e-04	1.478963411979747622e-01	1.676463955896481950e-01	1.818817418680948039e-01	4.048051089364625155e-02	4.757565429917550576e-02	5.478088837699050112e-02
3.400000000000000244e-04	1.513301818057714299e-01	1.702994750552939140e-01	1.904244332744830237e-01	4.067787844751517140e-02	4.730298162510755688e-02	5.488311885410244312e-02
3.420000000000000188e-04	1.503167898058286045e-01	1.696545419074420025e-01	1.926332339799012860e-01	4.023525850433947587e-02	4.770622001584960692e-02	5.449866856413612681e-02
3.440000000000000132e-04	1.503999230929388697e-01	1.660675845263852035e-01	1.891907131161966737e-01	4.010585178185246263e-02	4.760653783297866953e-02	5.472438780783986378e-02
3.460000000000000076e-04	1.508481325933980211e-01	1.706373129928275001e-01	1.878849211016552501e-01	4.024513513047950353e-02	4.749664270786282949e-02	5.462319898469562840e-02
3.480000000000000020e-04	1.484144020105849504e-01	1.754135891299170025e-01	1.833505010656516498e-01	4.038920503412071761e-02	4.768663040285832377e-02	5.428917435847883249e-02
3.499999999999999964e-04	1.517369550607323980e-01	1.734856675937812287e-01	1.912220922568817205e-01	4.025285679443858788e-02	4.777214838365682198e-02	5.528039039851118108e-02
3.519999999999999908e-04	1.489385414140422248e-01	1.725280708499353777e-01	1.933470613700484231e-01	4.006575738891515748e-02	4.727485181023490662e-02	5.539206832304368472e-02
3.539999999999999853e-04	1.484865731836509384e-01	1.703847167933825457e-01	1.858440778778464308e-01	4.011793747260338633e-02	4.693225947942021581e-02	5.513450739092364689e-02
3.559999999999999797e-04	1.558638328825676100e-01	1.684012410102722068e-01	1.849431438170215103e-01	3.972789617026113718e-02	4.771974841077425422e-02	5.480012501849226836e-02
3.579999999999999741e-04	1.550003138568309125e-01	1.683714243596017568e-01	1.857171288074463134e-01	4.050427711621015781e-02	4.796666775087179979e-02	5.506892033385275137e-02
3.600000000000000227e-04	1.493084178560996900e-01	1.673416796072194068e-01	1.877854558198901735e-01	4.097879179396651111e-02	4.848244853534083854e-02	5.524359824575300615e-02
3.620000000000000171e-04	1.532517372619479068e-01	1.704698594316420013e-01	1.877490658672043844e-01	4.032538632773741138e-02	4.872430932777731954e-02	5.514376002758284573e-02
3.640000000000000115e-04	1.545965046927378905e-01	1.745624070599549327e-01	1.914798035296263468e-01	4.011067883387774147e-02	4.833659989150317776e-02	5.502318529282191478e-02
3.660000000000000059e-04	1.507517080306368384e-01	1.713804765117937223e-01	1.901962633882581799e-01	4.036693185415884261e-02	4.827353997899856003e-02	5.482150933329733161e-02
3.680000000000000003e-04	1.489517396031482532e-01	1.708513291834184988e-01	1.901466750728447452e-01	4.061301131652501201e-02	4.819523850243224300e-02	5.498229948849339688e-02
3.699999999999999947e-04	1.518809333973647480e-01	1.732323674610613262e-01	1.932913836094938276e-01	4.042608659664561482e-02	4.784814801413302815e-02	5.611117959650369774e-02
3.719999999999999891e-04	1.561998405237549903e-01	1.730507660576857676e-01	1.894821748351219193e-01	4.065671036545660116e-02	4.784141278219650184e-02	5.623201444486503747e-02
3.739999999999999835e-04	1.504800700717403572e-01	1.706409894476798583e-01	1.907405601568503140e-01	4.067138536197846543e-02	4.764269782399679909e-02	5.453066437811610045e-02
3.759999999999999779e-04	1.505029346665288925e-01	1.759865900355933599e-01	1.924798623734365888e-01	4.039626433384885251e-02	4.771227991880623576e-02	5.405272296764323386e-02
3.780000000000000265e-04	1.516332723754366119e-01	1.734737003006445732e-01	1.890637613838697384e-01	4.009667159303177686e-02	4.828537159402788992e-02	5.507734483538365838e-02
3.800000000000000209e-04	1.480110004440573501e-01	1.693989911164525963e-01	1.887995140541317840e-01	4.063294282864314544e-02	4.794160233742857102e-02	5.533847191171088059e-02
3.820000000000000153e-04	1.486260089527428607e-01	1.733148375032474431e-01	1.870448266264044535e-01	4.076783982428910241e-02	4.794463567585563468e-02	5.561740072866491746e-02
3.840000000000000097e-04	1.504745725219086006e-01	1.720851762725557621e-01	1.892501451887310671e-01	4.037175295397286978e-02	4.861722943075993952e-02	5.601549283508148319e-02
3.860000000000000041e-04	1.516892860375033125e-01	1.701764814369824408e-01	1.942073567169382287e-01	4.041161634588803092e-02	4.840645099030668752e-02	5.598373204645330781e-02
3.879999999999999985e-04	1.524729546402815439e-01	1.656421455354715744e-01	1.878283672033255469e-01	4.038010323376786670e-02	4.751813083706008661e-02	5.499238525024872232e-02
3.899999999999999929e-04	1.519435502468284849e-01	1.673305865021274541e-01	1.896576529795127031e-01	4.043417907881351192e-02	4.754575475615398922e-02	5.475222052125316985e-02
3.919999999999999873e-04	1.531236083935078041e-01	1.738820433963642609e-01	1.952147662562978836e-01	4.030026728518475848e-02	4.825888652311341454e-02	5.604837896913378997e-02
3.939999999999999817e-04	1.530212606282592425e-01	1.751944559628381970e-01	1.920357088393343514e-01	4.063738943733392894e-02	4.852799894672838593e-02	5.545858564093522625e-02
3.959999999999999762e-04	1.546545419712190284e-01	1.723726044711814120e-01	1.880448397198965504e-01	4.068316006248026695e-02	4.819969224824154769e-02	5.460979983470029553e-02
3.980000000000000248e-04	1.543845338472230599e-01	1.679059916517394446e-01	1.892164008634223682e-01	4.035459900775520414e-02	4.754829141508886553e-02	5.522362458017659320e-02
4.000000000000000192e-04	1.495262180587522416e-01	1.732820323138736518e-01	1.882417556262655500e-01	4.051205986041849644e-02	4.739721241227672077e-02	5.527848028491604698e-02
4.020000000000000136e-04	1.478595842601543309e-01	1.792378727406459815e-01	1.912017621578212534e-01	4.079362963718097257e-02	4.768037073748333798e-02	5.473128766668711870e-02
4.040000000000000080e-04	1.530214320710629461e-01	1.737448955445152488e-01	1.933985388333083200e-01	4.112583702876313613e-02	4.804167207714964138e-02	5.537442079931643307e-02
4.060000000000000024e-04	1.533625538828938262e-01	1.733457956607709904e-01	1.907844191483938079e-01	4.070187056750229626e-02	4.826660106322564620e-02	5.556420659328451667e-02
4.079999999999999968e-04	1.535605597744851558e-01	1.722479368799673671e-01	1.901059143928980066e-01	4.015719141041007578e-02	4.839060175768550298e-02	5.548135304518161254e-02
4.099999999999999912e-04	1.557709051425599234e-01	1.675516653373598508e-01	1.917690155173352728e-01	4.049911830511321309e-02	4.841761299703079002e-02	5.540552242098912422e-02
4.119999999999999856e-04	1.506621516682722095e-01	1.673084654669211857e-01	1.873451925853090172e-01	4.042188555281814311e-02	4.800171737499860786e-02	5.521070872836771060e-02
4.139999999999999800e-04	1.514957604475795083e-01	1.750208961673604680e-01	1.867687505404460879e-01	4.042360779466256521e-02	4.822605112255434062e-02	5.524233860260799323e-02
4.159999999999999744e-04	1.550729947005383136e-01	1.777155436378057007e-01	1.912822898036432573e-01	4.066312039750979296e-02	4.838720040733475447e-02	5.518854866739857090e-02
4.180000000000000230e-04	1.523769410886067488e-01	1.710661102881180229e-01	1.900080945711896951e-01	4.057466909041206049e-02	4.829108055473402272e-02	5.589342384341324660e-02
4.200000000000000174e-04	1.515297210136187789e-01	1.724526016640352266e-01	1.912942037672847040e-01	4.032239531844555164e-02	4.819453683703567304e-02	5.649966683947024726e-02
4.220000000000000118e-04	1.569048274222645534e-01	1.732302835959065312e-01	1.951570033619256517e-01	4.068518445736303557e-02	4.697105303782043995e-02	5.553985067070436182e-02
4.240000000000000062e-04	1.546165531845180019e-01	1.733078679837956326e-01	1.934804673985653367e-01	4.064037349229943086e-02	4.720192271207901413e-02	5.466654497705384502e-02
4.260000000000000006e-04	1.486905806593773749e-01	1.736012675277686934e-01	1.900885010484683890e-01	4.090247143317970319e-02	4.879457259251562123e-02	5.436794728609790212e-02
4.279999999999999950e-04	1.483951006613021539e-01	1.690959595326835263e-01	1.947137202720231330e-01	4.085307274225546958e-02	4.834046270521988320e-02	5.608117906383715962e-02
4.299999999999999894e-04	1.530880936884722598e-01	1.698384637776511330e-01	1.913252543400019712e-01	4.021699764608480110e-02	4.785302529001556060e-02	5.631501742125320786e-02
4.319999999999999838e-04	1.583377507498960890e-01	1.749447523741600452e-01	1.943650086286849710e-01	4.089684799362573037e-02	4.826251625279142504e-02	5.578116921182402904e-02
4.339999999999999782e-04	1.530683790469355987e-01	1.734005504016479793e-01	1.987022875518706932e-01	4.083260508328526162e-02	4.849742331569899950e-02	5.556358073418724008e-02
4.360000000000000269e-04	1.516658588650735273e-01	1.706967839321655855e-01	1.930850190019145762e-01	4.035190953748279963e-02	4.793776517248992536e-02	5.515932884075885195e-02
4.380000000000000213e-04	1.548655187655632592e-01	1.715696597125860312e-01	1.900525981453814184e-01	4.056317757504392801e-02	4.759802170029932972e-02	5.576877510994186771e-02
4.400000000000000157e-04	1.577921641068356085e-01	1.732617028001058324e-01	1.952862681898641928e-01	4.048951309791098963e-02	4.766635454502844010e-02	5.594887699409436393e-02
4.420000000000000101e-04	1.533194100462653420e-01	1.725121280323530237e-01	1.929524180832325186e-01	4.042793898298119998e-02	4.833094949490791825e-02	5.635772868892864607e-02
4.440000000000000045e-04	1.491388532036000136e-01	1.737669601859147817e-01	1.856376106146134797e-01	4.037251608040218209e-02	4.905084035003757365e-02	5.544878005866182152e-02
4.459999999999999989e-04	1.592749945645056397e-01	1.746237581237350678e-01	1.896443126852333516e-01	4.087428649479509651e-02	4.870748700632099304e-02	5.469515331257793211e-02
4.479999999999999933e-04	1.599058293809053899e-01	1.731668378778422612e-01	1.947113907461504034e-01	4.135980936612602271e-02	4.792769809864175223e-02	5.585611382348921322e-02
4.499999999999999877e-04	1.503739284876881299e-01	1.734174328540397936e-01	1.927522112776543506e-01	4.048607713450875362e-02	4.785129732125149860e-02	5.640640272072840883e-02
4.519999999999999821e-04	1.483833873521981650e-01	1.757678991001164481e-01	1.894090862914295237e-01	4.052973753644194960e-02	4.850637455343483756e-02	5.535273509892288391e-02
4.539999999999999765e-04	1.535538300572547032e-01	1.800523173205330341e-01	1.925135729550458974e-01	4.098126846871284756e-02	4.864440353120681043e-02	5.460571658956404201e-02
4.560000000000000251e-04	1.542844730911173412e-01	1.767661454808708843e-01	1.967746877056730515e-01	4.121907142221507142e-02	4.819669254674802117e-02	5.462320537359496159e-02
4.580000000000000195e-04	1.495156194905295777e-01	1.768555204618990351e-01	1.965221235546855683e-01	4.099941100074975392e-02	4.814527878112543485e-02	5.523264813205547297e-02
4.600000000000000139e-04	1.513272743235550555e-01	1.750110466110415264e-01	1.956481990959986761e-01	4.037727059545052899e-02	4.792974917499199378e-02	5.587546022210631430e-02
4.620000000000000083e-04	1.552305721626057733e-01	1.674344155634361897e-01	1.948825711082823597e-01	4.041816359021975502e-02	4.821700477635489784e-02	5.592091821179424188e-02
4.640000000000000027e-04	1.508631318188689285e-01	1.721394080486265687e-01	1.907948361905805190e-01	4.046643338354938974e-02	4.822180914568558602e-02	5.606742842321658232e-02
4.659999999999999971e-04	1.503094341087396202e-01	1.751867524635544182e-01	1.905804255027583605e-01	4.034552702614745134e-02	4.865884805210646258e-02	5.601865403013726180e-02
4.679999999999999915e-04	1.569712265223460468e-01	1.749708167943367643e-01	1.942197542752462924e-01	4.036769874568683220e-02	4.899996948515027845e-02	5.536202243043752275e-02
4.699999999999999859e-04	1.560703707313464972e-01	1.798372565135181733e-01	1.885161678065807034e-01	4.060801975859733987e-02	4.794846671645538322e-02	5.553524937225583213e-02
4.719999999999999803e-04	1.505418521477448757e-01	1.746782673218494897e-01	1.905769896408518460e-01	4.090281019981177602e-02	4.797476940454156735e-02	5.574351870140514809e-02
4.739999999999999747e-04	1.505486054103523375e-01	1.756956190641203452e-01	2.031741141655983574e-01	4.052778158345440862e-02	4.807580219734994970e-02	5.584130332677667008e-02
4.760000000000000234e-04	1.576097110699813952e-01	1.722172588317047726e-01	1.945403143732988560e-01	4.097300030320420033e-02	4.838402665945654851e-02	5.633580781189824471e-02
4.780000000000000178e-04	1.575401901279673555e-01	1.703570600733534668e-01	1.854094198844826458e-01	4.122061607740738071e-02	4.831463087138634926e-02	5.668424434509420490e-02
4.800000000000000122e-04	1.527447458056242491e-01	1.797121872972256840e-01	1.938318675529298873e-01	4.053914105668290219e-02	4.858387174965809324e-02	5.558500196290401540e-02
4.820000000000000066e-04	1.553014321331144532e-01	1.772005929840602956e-01	1.919382198677732632e-01	4.047398671165169243e-02	4.835795837804507391e-02	5.440088147289718484e-02
4.840000000000000010e-04	1.545838331567080670e-01	1.787293093909408659e-01	1.906152562676525219e-01	4.046395816925692224e-02	4.761957413827919844e-02	5.585230510360952860e-02
4.859999999999999954e-04	1.561136556240983464e-01	1.747408192995521525e-01	1.979798824531472379e-01	4.041083301017415336e-02	4.825023810981291655e-02	5.566913747625324566e-02
4.879999999999999898e-04	1.549227659900222487e-01	1.714527327610889107e-01	1.930920412996974256e-01	4.093885876428326326e-02	4.855151703697407894e-02	5.474677177551239005e-02
4.899999999999999842e-04	1.503833271697568030e-01	1.727622193625333313e-01	1.902357918242174872e-01	4.071691536734359240e-02	4.842480825206608996e-02	5.581430798454441178e-02
4.920000000000000328e-04	1.551380078928885353e-01	1.743174109108717174e-01	1.921881192666069771e-01	4.055581837604033124e-02	4.867345158568828212e-02	5.607872367660594881e-02
4.939999999999999730e-04	1.573841098336526689e-01	1.762451724859139812e-01	1.917813786784325347e-01	4.091508092530601881e-02	4.855800218643763211e-02	5.658131924390358281e-02
4.960000000000000216e-04	1.528863582330609594e-01	1.756626977199942097e-01	1.896461640133660920e-01	4.093248398200166616e-02	4.811708629892386124e-02	5.586725569380356082e-02
4.979999999999999618e-04	1.498669410347090170e-01	1.729244737324855674e-01	1.937222713428870813e-01	4.126433769229109760e-02	4.799357412137930656e-02	5.549597161226828973e-02
5.000000000000000104e-04	1.518241987695574113e-01	1.672373274365009377e-01	1.963008374087870378e-01	4.120302740117259138e-02	4.789079986079207429e-02	5.530194687279950394e-02
5.019999999999999506e-04	1.528956876469666215e-01	1.761811698670572579e-01	1.952204495910325466e-01	4.100402481415967720e-02	4.835204003583680465e-02	5.560077351798376616e-02
5.039999999999999992e-04	1.537662341803791022e-01	1.739008806146868091e-01	1.927064554907770011e-01	4.076599620876830005e-02	4.872688782572754534e-02	5.572564703567375183e-02
5.060000000000000478e-04	1.535140460687360875e-01	1.709906625444468919e-01	1.895062614969634796e-01	4.050873645329217815e-02	4.860191718583842246e-02	5.555335621051647049e-02
5.079999999999999880e-04	1.522493698962427700e-01	1.763443509593890790e-01	1.932328203672294964e-01	4.057303966125629102e-02	4.795785154987110277e-02	5.617803307536976820e-02
5.100000000000000366e-04	1.539303679283548776e-01	1.748076855837391030e-01	1.914133820645192718e-01	4.076942337301658892e-02	4.766697382072641181e-02	5.598832096958719640e-02
5.119999999999999768e-04	1.541415296667887347e-01	1.718255995179570617e-01	1.923749190915367557e-01	4.000808688671574770e-02	4.847975466776918013e-02	5.593814716298758233e-02
5.140000000000000254e-04	1.533869707527582560e-01	1.744134310425640433e-01	1.904867124171768511e-01	4.039506977845272462e-02	4.772511637107152566e-02	5.531967329314957382e-02
5.159999999999999656e-04	1.565603344474660319e-01	1.766656591945613419e-01	1.936024055531213317e-01	4.065493717940414642e-02	4.810398088974707220e-02	5.573769956793723362e-02
5.180000000000000143e-04	1.561757620745131969e-01	1.728415278083265394e-01	1.984235749252221126e-01	4.017322755261108075e-02	4.923654674539387766e-02	5.670893229875297037e-02
5.199999999999999544e-04	1.503524556868112982e-01	1.749256491743403086e-01	1.930341688109332710e-01	4.044419069208852330e-02	4.802656439207666356e-02	5.543893903655289224e-02
5.220000000000000031e-04	1.492392607964989626e-01	1.801544058195686804e-01	1.935785644629259283e-01	4.117371590741343568e-02	4.825268139797134204e-02	5.526263753889819330e-02
5.240000000000000517e-04	1.531807608865345116e-01	1.779887746229372181e-01	1.881740503005945031e-01	4.121015623663722843e-02	4.862996128186109629e-02	5.555695224530467907e-02
5.259999999999999919e-04	1.541142890844451607e-01	1.715797116481560247e-01	1.888562043409662550e-01	3.988605222361694264e-02	4.759184380278702609e-02	5.472062551350749537e-02
5.280000000000000405e-04	1.496399194293321910e-01	1.683998256065281363e-01	1.930035307849658766e-01	4.040321411446743533e-02	4.816518059072474184e-02	5.472668675766322044e-02
5.299999999999999807e-04	1.520545395715826864e-01	1.716797958265872670e-01	1.942398043813952646e-01	4.076382296761773411e-02	4.847892318391271854e-02	5.509727247103472780e-02
5.320000000000000293e-04	1.541234839309190141e-01	1.766768604307941415e-01	1.968934712725281810e-01	4.086462405928180386e-02	4.831629247630180729e-02	5.574125958891124055e-02
5.339999999999999695e-04	1.544777825925419401e-01	1.730909072682901007e-01	1.940262234241517392e-01	4.146883759617762261e-02	4.889998919784714626e-02	5.514905512919471980e-02
5.360000000000000181e-04	1.554361286538699094e-01	1.748937998116522063e-01	1.956960057791464758e-01	4.120429149629360743e-02	4.853060209866746216e-02	5.588526415759322713e-02
5.379999999999999583e-04	1.544739185741091647e-01	1.758912715886352951e-01	1.967947515014578652e-01	4.020957240510009134e-02	4.778053427700486994e-02	5.668444907715556452e-02
5.400000000000000069e-04	1.541827169271590969e-01	1.724205578187383292e-01	1.921174973169531008e-01	3.992154586230536178e-02	4.809075023095819162e-02	5.484316955333230076e-02
5.419999999999999471e-04	1.558705394062034066e-01	1.753147375988004519e-01	1.904934751130901993e-01	4.071685488342546844e-02	4.802475308266781345e-02	5.547396781027068291e-02
5.439999999999999957e-04	1.566710077996178174e-01	1.783295523967956264e-01	1.911840683101738714e-01	4.030515000545113746e-02	4.811714712559225782e-02	5.600881494015508971e-02
5.460000000000000443e-04	1.516898399493410987e-01	1.716482166262912890e-01	1.914321191113800003e-01	4.003065937147242542e-02	4.892673155375693028e-02	5.512551656344027995e-02
5.479999999999999845e-04	1.527540457311466204e-01	1.706789359762665992e-01	1.884001614874398489e-01	4.093080699497789188e-02	4.884540308918090823e-02	5.674082842247622771e-02
5.500000000000000331e-04	1.571211893569121609e-01	1.763357545118328373e-01	1.904437540547194441e-01	4.068620301422327945e-02	4.838513098623626468e-02	5.665966856850584293e-02
5.519999999999999733e-04	1.555693213585743195e-01	1.708078577156449673e-01	1.928298686486806801e-01	4.009741844336447286e-02	4.804726760786648398e-02	5.481401785861489406e-02
5.540000000000000219e-04	1.561550749986888864e-01	1.698940401192545746e-01	1.942211631803762717e-01	4.108889355632518864e-02	4.864542499655864771e-02	5.507032676070591770e-02
5.559999999999999621e-04	1.555992498031301685e-01	1.745676291760379917e-01	1.991062417978221588e-01	4.148330415000615196e-02	4.822668169987819053e-02	5.586089553664574242e-02
5.580000000000000107e-04	1.508339974186621579e-01	1.742821012934637481e-01	1.950779183415026485e-01	4.095055553782561697e-02	4.771675724856830336e-02	5.647871657761507902e-02
5.599999999999999509e-04	1.536263043570073039e-01	1.772243446136669842e-01	1.897159987366488776e-01	4.054726472916261870e-02	4.793587241578349534e-02	5.595617039529415110e-02
5.619999999999999996e-04	1.538173650982545548e-01	1.792786971092833748e-01	1.882319273007625748e-01	4.052541330932649122e-02	4.776922373226644147e-02	5.487044576064063067e-02
5.640000000000000482e-04	1.516182998509788271e-01	1.755395584028710543e-01	1.911272617520239914e-01	4.065363891064051327e-02	4.812001149385919385e-02	5.573095664061264443e-02
5.659999999999999884e-04	1.540780432159809532e-01	1.713463711854244231e-01	1.942478013323631902e-01	4.047188429961517259e-02	4.827077647674180710e-02	5.642254205417179119e-02
5.680000000000000370e-04	1.522137447753101058e-01	1.689425184353509357e-01	1.969885472433638984e-01	4.085542668245706333e-02	4.809279997567533077e-02	5.576969193910549794e-02
5.699999999999999772e-04	1.506739803405002520e-01	1.708407726527269022e-01	1.974207621147227310e-01	4.132271668900032446e-02	4.778481299355275685e-02	5.493879664662285750e-02
5.720000000000000258e-04	1.511988748924642245e-01	1.745736040928901889e-01	1.888647142959279102e-01	4.077940132041341786e-02	4.855284759083555030e-02	5.487640192566855396e-02
5.739999999999999660e-04	1.515011147131641589e-01	1.753475271369488442e-01	1.850216480451875034e-01	4.016313756626393311e-02	4.894219164743518480e-02	5.535995625106604479e-02
5.760000000000000146e-04	1.545016496107171622e-01	1.790920709335012961e-01	1.885801439031797311e-01	4.028140327733877729e-02	4.857238080520085571e-02	5.536233731359248983e-02
5.779999999999999548e-04	1.574862194497794465e-01	1.766794343592381078e-01	1.940572388745675780e-01	4.059852365319607109e-02	4.741189523065166694e-02	5.531321262523691135e-02
5.800000000000000034e-04	1.552428386451737696e-01	1.695284390234733929e-01	1.886265912518909071e-01	4.071157856036728556e-02	4.728029153219506092e-02	5.473564417489028971e-02
5.820000000000000520e-04	1.525811563602241516e-01	1.701091909438410821e-01	1.880483147387068954e-01	4.073193836643650839e-02	4.888456782666834172e-02	5.554876215257273375e-02
5.839999999999999922e-04	1.503071855375018029e-01	1.702197215398888186e-01	1.914670523881661923e-01	4.050441819235121171e-02	4.861033262193514143e-02	5.602593238441688078e-02
5.860000000000000408e-04	1.493774779761882499e-01	1.697948188773825695e-01	1.863827884039641614e-01	4.063922032070806795e-02	4.778549433096099947e-02	5.495618132862046396e-02
5.879999999999999810e-04	1.491696776314697659e-01	1.724702259450568154e-01	1.885047102269434283e-01	4.079362174228375743e-02	4.753831327099284493e-02	5.492635471022217636e-02
5.900000000000000296e-04	1.518530470152013867e-01	1.720481213219961503e-01	1.947570376412459392e-01	4.047059173490325651e-02	4.835670185091538176e-02	5.529983946964281416e-02
5.919999999999999698e-04	1.538472133468452852e-01	1.701530683693075474e-01	1.900828265922404336e-01	4.023405447477008956e-02	4.896377943176637854e-02	5.581454262585434922e-02
5.940000000000000184e-04	1.515521205277053918e-01	1.698297352738444288e-01	1.924466560574392415e-01	3.980209661535431126e-02	4.886311680415469233e-02	5.586804490147049412e-02
5.959999999999999586e-04	1.529482596166718555e-01	1.737343958799754395e-01	1.897851697546569794e-01	4.012152081728563580e-02	4.824931733698902686e-02	5.552339404994884736e-02
5.980000000000000072e-04	1.494728006387606445e-01	1.792759451721063491e-01	1.847936552081839989e-01	4.137969667001865914e-02	4.784837378599406804e-02	5.518634303255458284e-02
5.999999999999999474e-04	1.504614682563859551e-01	1.733763523394865336e-01	1.925483878415299721e-01	4.101361533896141776e-02	4.722440757360097524e-02	5.575486734940845318e-02
6.019999999999999961e-04	1.554734477813054794e-01	1.673132197619590367e-01	1.920912165582505104e-01	3.997078923901233732e-02	4.780404022669584169e-02	5.541919140575607416e-02
6.040000000000000447e-04	1.519469582052987711e-01	1.676396816888444941e-01	1.883415264883658291e-01	4.044896632707875583e-02	4.807412511671391858e-02	5.438403685540732502e-02
6.059999999999999849e-04	1.523657176234638755e-01	1.743783583647884883e-01	1.894989796839487151e-01	4.071545431544855431e-02	4.749859465520255702e-02	5.475335471682463151e-02
6.080000000000000335e-04	1.524624290096601442e-01	1.851702795240806609e-01	1.928540871109210020e-01	4.015876715426180965e-02	4.785172501836394005e-02	5.537468713637103135e-02
6.099999999999999737e-04	1.525801700931852800e-01	1.735036560056207877e-01	1.917186249654212749e-01	4.006371310536214342e-02	4.827924709976791351e-02	5.501787674518601734e-02
6.120000000000000223e-04	1.547012496596989750e-01	1.658405325767701166e-01	1.918687053577671775e-01	4.043257464995385353e-02	4.789357314242308900e-02	5.476029892933055587e-02
6.139999999999999625e-04	1.519911829192913955e-01	1.731245127135557227e-01	1.923367098962444899e-01	4.047180516525594740e-02	4.715608431850371041e-02	5.529649159811590720e-02
6.160000000000000111e-04	1.516899437207509804e-01	1.718642783903666926e-01	1.927878091232303193e-01	4.035119627322417135e-02	4.788217469694416861e-02	5.553568090913038602e-02
6.179999999999999513e-04	1.528986357823312880e-01	1.662976946431726777e-01	1.884964720395473636e-01	4.100802882642211322e-02	4.829866839558154268e-02	5.614060153576766465e-02
6.199999999999999999e-04	1.516680715242478272e-01	1.708062495422136839e-01	1.925244862737885421e-01	4.074736648758688767e-02	4.860907490380009244e-02	5.571010895047805167e-02
6.220000000000000485e-04	1.519909719275468196e-01	1.755793692617610424e-01	1.945403519372102819e-01	4.003938315269379294e-02	4.797842433423218922e-02	5.516184778803914779e-02
6.239999999999999887e-04	1.528189337053617591e-01	1.723246558282329477e-01	1.922894776530354732e-01	3.997146739645576069e-02	4.734452428020485826e-02	5.554765615600792961e-02
6.260000000000000373e-04	1.546404071042523365e-01	1.711931133086853907e-01	1.914801499715948763e-01	4.047914690632551521e-02	4.761392726108230194e-02	5.517517389077399720e-02
6.279999999999999775e-04	1.483768075197176572e-01	1.722162434469860781e-01	1.876093462233378584e-01	4.083185277286562748e-02	4.798114734312972085e-02	5.446077491956609340e-02
6.300000000000000261e-04	1.493594103615580038e-01	1.711611411488076773e-01	1.844639322820998406e-01	4.032441123380957337e-02	4.807109755611901902e-02	5.464141759817162797e-02
6.319999999999999663e-04	1.559679263458681464e-01	1.723115538323418960e-01	1.914070405047506584e-01	4.031913459175410358e-02	4.778648679937175237e-02	5.590379419700744479e-02
6.340000000000000149e-04	1.499883780544301881e-01	1.735333439726230720e-01	1.937308049053457770e-01	4.058449738302759985e-02	4.772476877502032644e-02	5.550372832589672151e-02
6.359999999999999551e-04	1.488223633492872788e-01	1.717034546641549864e-01	1.879163554698091154e-01	4.033102887195964825e-02	4.807751044542139113e-02	5.494235048705528590e-02
6.380000000000000037e-04	1.504486376735194308e-01	1.730000917172988539e-01	1.873048132156072410e-01	4.010441955417905213e-02	4.743366314747952256e-02	5.498519881547593580e-02
6.400000000000000524e-04	1.533060221580238858e-01	1.706126272426761181e-01	1.834752527889746132e-01	4.017970073050149138e-02	4.781723932560746210e-02	5.498997538888142356e-02
6.419999999999999925e-04	1.512044576858119771e-01	1.707030044630262200e-01	1.867709261213197081e-01	4.005208701794008008e-02	4.822557596111332057e-02	5.522368878845487772e-02
6.440000000000000412e-04	1.469037868463384799e-01	1.713131453012797512e-01	1.868211971136333194e-01	4.009198939186636029e-02	4.770612395287682911e-02	5.498331370718063937e-02
6.459999999999999814e-04	1.515000109522644245e-01	1.702561008898459960e-01	1.900001500272952282e-01	4.022584452114966874e-02	4.826758008718325804e-02	5.496368231762926992e-02
6.480000000000000300e-04	1.539915997438670858e-01	1.700820836209891718e-01	1.916303947186591972e-01	4.008635918439963641e-02	4.844103214167432697e-02	5.467529473620765662e-02
6.499999999999999702e-04	1.511128829193957857e-01	1.673778703074900731e-01	1.871516161639424081e-01	4.045606631331616354e-02	4.819754265430827023e-02	5.461445631752499114e-02
6.520000000000000188e-04	1.487882395934976010e-01	1.716634530330583275e-01	1.907036668223567599e-01	4.091536749911144771e-02	4.758290550129330720e-02	5.488124042313855672e-02
6.539999999999999590e-04	1.490973869121879625e-01	1.685389584406314090e-01	1.878528922941783974e-01	4.078515956493223432e-02	4.688387467206480558e-02	5.527500697278979469e-02
6.560000000000000076e-04	1.505757361496217750e-01	1.664087800251304039e-01	1.851271053720483784e-01	4.008479539079451426e-02	4.744908269337972523e-02	5.447736636876599620e-02
6.579999999999999478e-04	1.540362574041133914e-01	1.725715144491551112e-01	1.889612183813863810e-01	4.017739589053564292e-02	4.835215663476838399e-02	5.518541652092685823e-02
6.599999999999999964e-04	1.500993806200751624e-01	1.706092087542654123e-01	1.869841133366606234e-01	4.023167007097680492e-02	4.747409308117146037e-02	5.521021029760948134e-02
6.620000000000000450e-04	1.475027808451939981e-01	1.663452505356470268e-01	1.831793769666514582e-01	4.019620178888350798e-02	4.706723697983291460e-02	5.457157940630639331e-02
6.639999999999999852e-04	1.482121694900108699e-01	1.687174565373841806e-01	1.877932155138763992e-01	4.042295043054560527e-02	4.738183442492903408e-02	5.496453103079698699e-02
6.660000000000000338e-04	1.496195514852990960e-01	1.726439424347194496e-01	1.898520237966496160e-01	3.997309185032365403e-02	4.788098653409311733e-02	5.450753577894480034e-02
6.679999999999999740e-04	1.526679410147000482e-01	1.723518330561088219e-01	1.899267470672846569e-01	4.020401391400270363e-02	4.769411013222404211e-02	5.477579127493557853e-02
6.700000000000000226e-04	1.505777264300362794e-01	1.679089253697073347e-01	1.893285116958716430e-01	4.038937800283078777e-02	4.737205979551922796e-02	5.557694981836620168e-02
6.719999999999999628e-04	1.511893904346381934e-01	1.683466640924627666e-01	1.840773437923239331e-01	4.039053486507755003e-02	4.776395124850819907e-02	5.548117010773574720e-02
6.740000000000000114e-04	1.474987469104935833e-01	1.674163702005903587e-01	1.855218315516246885e-01	4.047312086375128709e-02	4.812301148501019199e-02	5.466876656084389968e-02
6.759999999999999516e-04	1.448303174911500790e-01	1.697192484543603719e-01	1.846391621305852326e-01	4.042372395303266835e-02	4.862613046316423271e-02	5.447704137881471259e-02
6.780000000000000002e-04	1.498886350827938474e-01	1.739589842881173742e-01	1.821398597576138478e-01	3.977772352941752465e-02	4.779523072265298711e-02	5.466606920605258935e-02
6.800000000000000488e-04	1.517508016965421203e-01	1.720750944930873050e-01	1.876499281761166149e-01	3.991710928392985802e-02	4.681060619248534477e-02	5.551427670448124546e-02
6.819999999999999890e-04	1.482002122588375603e-01	1.669344514332087304e-01	1.933132325168195609e-01	4.073598499387451333e-02	4.715787163588288505e-02	5.510157903133021395e-02
6.840000000000000377e-04	1.498136529064665601e-01	1.660670443064253265e-01	1.873654114497591283e-01	4.042190651114110911e-02	4.727100868912897241e-02	5.446361622326435087e-02
6.859999999999999779e-04	1.482624904147870348e-01	1.681361954006297399e-01	1.866996167974660503e-01	3.989458125624829876e-02	4.712473040091249427e-02	5.370374798980794007e-02
6.880000000000000265e-04	1.428798637000482652e-01	1.656511599492948850e-01	1.851993195809324699e-01	3.979979800172026017e-02	4.744314431711200292e-02	5.356918586585952824e-02
6.899999999999999667e-04	1.448565201864473462e-01	1.622479117528825843e-01	1.806209455784825446e-01	3.973021105577007744e-02	4.790572006545655570e-02	5.519237636239790468e-02
6.920000000000000153e-04	1.491120437561784529e-01	1.642214927267302838e-01	1.832807940804300484e-01	4.003558452415202640e-02	4.778111501785602122e-02	5.463480716429632011e-02
6.939999999999999555e-04	1.514972660399398763e-01	1.674220040119750730e-01	1.855684691082308269e-01	4.034982053546375819e-02	4.716196515451301363e-02	5.403162723294377412e-02
6.960000000000000041e-04	1.490002149641749540e-01	1.669364317683529608e-01	1.862575524414432360e-01	3.987752217618055484e-02	4.664773916644866791e-02	5.394232741188059038e-02
6.980000000000000527e-04	1.450393777573470433e-01	1.698410729647563122e-01	1.848792229064801784e-01	3.992425815818968077e-02	4.714593592709495629e-02	5.424179120894036948e-02
6.999999999999999929e-04	1.466176115255367618e-01	1.686056461518627425e-01	1.819306487612849244e-01	3.954878922728378293e-02	4.770848228585619633e-02	5.434323077324668128e-02
7.020000000000000415e-04	1.483736596697841359e-01	1.674525254780060424e-01	1.807990014221077246e-01	3.976835235648389782e-02	4.756762388442280221e-02	5.353477789719521956e-02
7.039999999999999817e-04	1.458509617385659596e-01	1.626455410250245148e-01	1.824970175660272087e-01	4.013309258595359336e-02	4.709465883107663564e-02	5.377453575031039545e-02
7.060000000000000303e-04	1.434333217638616986e-01	1.598431612879889496e-01	1.843548585109330840e-01	3.978850771231622063e-02	4.672474877679994032e-02	5.441953827637892316e-02
7.079999999999999705e-04	1.447383992881083326e-01	1.662120087370857757e-01	1.851242207160393172e-01	4.000491905076643956e-02	4.701574611940259607e-02	5.485478791019450517e-02
7.100000000000000191e-04	1.470133854293315667e-01	1.687171233498159506e-01	1.857301435177266535e-01	4.005383184216883274e-02	4.684737476618205942e-02	5.461665590953375393e-02
7.119999999999999593e-04	1.475303496721152019e-01	1.644714732051781314e-01	1.870809526986495219e-01	4.005315680423914698e-02	4.775086679686655483e-02	5.504783556573832060e-02
7.140000000000000079e-04	1.506157564861349274e-01	1.667104906679945098e-01	1.837717218058746160e-01	3.977055875504067334e-02	4.805202498999182337e-02	5.446661945289106577e-02
7.159999999999999481e-04	1.482829020165320477e-01	1.660478617558523162e-01	1.819132199972404995e-01	3.966883252871393484e-02	4.731602588197546949e-02	5.447057158639886931e-02
7.179999999999999967e-04	1.430682328408822979e-01	1.633277074878236035e-01	1.841866719696786669e-01	3.983598333965891053e-02	4.647285923219277026e-02	5.384614864113482918e-02
7.200000000000000453e-04	1.461809526155117001e-01	1.667122045350396820e-01	1.862117743179908524e-01	3.969987912638368865e-02	4.694580437781390586e-02	5.369122836907024715e-02
7.219999999999999855e-04	1.464296198753024802e-01	1.661741952411597834e-01	1.813670394489016180e-01	4.001895168984082041e-02	4.751688634998834510e-02	5.526307837775192716e-02
7.240000000000000342e-04	1.460724905361557857e-01	1.640122368754438342e-01	1.731013559549817449e-01	3.967278119607831055e-02	4.677525171960663503e-02	5.435588761018021742e-02
7.259999999999999743e-04	1.476468185586106152e-01	1.653774026364921990e-01	1.756839922595397896e-01	3.963951833651625095e-02	4.726144023301037667e-02	5.392565401160165361e-02
7.280000000000000230e-04	1.451278394551674400e-01	1.682402794928933853e-01	1.822869716867926981e-01	4.016682306316543549e-02	4.659994025774940457e-02	5.363493762289804623e-02
7.299999999999999632e-04	1.445688061153158899e-01	1.697072243527762148e-01	1.805588577981292464e-01	3.998585679701482931e-02	4.605584191020500873e-02	5.287490684723211015e-02
7.320000000000000118e-04	1.444598000277905747e-01	1.661728679145587084e-01	1.863721072560821368e-01	3.961588968527720439e-02	4.729394146222581918e-02	5.358982403577364911e-02
7.339999999999999520e-04	1.445496306467004277e-01	1.596472963036302262e-01	1.903072968004981824e-01	3.951114222306552348e-02	4.749664519237459942e-02	5.392978391028339924e-02
7.360000000000000006e-04	1.459660001570794452e-01	1.579749747718655895e-01	1.775151285391942391e-01	3.970004727121297095e-02	4.670479032382653800e-02	5.299681023147612136e-02
7.380000000000000492e-04	1.459902587619874847e-01	1.617541608943022236e-01	1.755715675195310133e-01	3.919123536014490483e-02	4.654356672998933436e-02	5.281033197258330064e-02
7.399999999999999894e-04	1.432737052642597542e-01	1.642050690606533803e-01	1.797238914585742031e-01	3.906316188664572114e-02	4.658489711699195096e-02	5.407798052124343502e-02
7.420000000000000380e-04	1.437954923077910396e-01	1.619975967080075074e-01	1.762537137959704903e-01	3.957523034809423690e-02	4.585107990478118345e-02	5.434630668705413975e-02
7.439999999999999782e-04	1.489567440544915522e-01	1.625923461007283133e-01	1.824652256957277341e-01	3.967317370309415836e-02	4.622427949721176488e-02	5.390997413984165154e-02
7.460000000000000268e-04	1.490694175430729573e-01	1.644194956705876953e-01	1.837247579533987374e-01	3.936592835479441749e-02	4.706143679627031867e-02	5.393637731954366299e-02
7.479999999999999670e-04	1.422265423487563685e-01	1.618871085629344508e-01	1.746683200728689767e-01	3.928250876297342820e-02	4.686810064590184177e-02	5.424839911917898189e-02
7.500000000000000156e-04	1.394936377719268039e-01	1.597799819199144378e-01	1.741619099063971832e-01	3.972952333121744506e-02	4.630869743424131241e-02	5.319768782832957899e-02
7.519999999999999558e-04	1.413684527682448622e-01	1.617849204687115405e-01	1.778671041201589642e-01	3.951102437090972530e-02	4.609709593207233363e-02	5.205609456036052601e-02
7.540000000000000044e-04	1.450203973989131478e-01	1.636293711185286270e-01	1.786310640577171427e-01	3.919054201722278058e-02	4.697717798891414692e-02	5.311863039548716386e-02
7.560000000000000530e-04	1.466137635969594621e-01	1.623310404059814804e-01	1.738838640089428733e-01	3.920906387582817620e-02	4.696846596657544559e-02	5.410355849346619450e-02
7.579999999999999932e-04	1.429016067244399391e-01	1.630034523216871978e-01	1.692928038346933894e-01	3.927786514060196965e-02	4.618093498534991959e-02	5.371251236485601738e-02
7.600000000000000418e-04	1.434257636436976069e-01	1.603275689209375798e-01	1.770622347105465788e-01	3.962570109341627400e-02	4.657609484337855293e-02	5.321116974457661825e-02
7.619999999999999820e-04	1.455228584352207255e-01	1.628605220450790869e-01	1.832291111440974285e-01	3.953883081949360195e-02	4.728571837322768923e-02	5.334367898095337263e-02
7.640000000000000306e-04	1.435826931219047753e-01	1.617446139480878953e-01	1.769959791144586070e-01	3.892220420433962352e-02	4.658485002316985202e-02	5.284386610586330052e-02
7.659999999999999708e-04	1.437599991564490476e-01	1.574585142959734896e-01	1.728604749029607757e-01	3.882096761550332675e-02	4.621064326595936828e-02	5.228091100682529663e-02
7.680000000000000195e-04	1.405636772991419037e-01	1.604333874685924533e-01	1.781888824238766766e-01	3.925967078485276263e-02	4.594468159244517735e-02	5.268140736412332131e-02
7.699999999999999597e-04	1.374625688174042903e-01	1.620137273388264909e-01	1.824085644980420196e-01	3.941863915500957299e-02	4.603040692873828360e-02	5.378082644586544558e-02
7.720000000000000083e-04	1.398960998469118422e-01	1.585663846013381229e-01	1.777985946343463020e-01	3.938340981173044097e-02	4.685058695068227558e-02	5.309809059116060714e-02
7.739999999999999485e-04	1.413248864060362431e-01	1.562952691853768394e-01	1.772849197952034717e-01	3.919113054447892486e-02	4.624740519141916362e-02	5.244179236237855174e-02
7.759999999999999971e-04	1.410918986008967979e-01	1.592714222216262965e-01	1.748937933756735952e-01	3.930364574700117436e-02	4.574008059210387528e-02	5.204718431258155420e-02
7.780000000000000457e-04	1.421980984902307121e-01	1.589220869682347603e-01	1.746956340221515469e-01	3.931808847531641227e-02	4.580840359369922621e-02	5.199575897224981841e-02
7.799999999999999859e-04	1.423880743842815544e-01	1.589229499410948765e-01	1.753893196073628424e-01	3.920623446190249495e-02	4.565009763349917038e-02	5.247441457967087775e-02
7.820000000000000345e-04	1.363427840589274964e-01	1.590464166325529505e-01	1.701799184069471005e-01	3.893349035430565541e-02	4.629041925115609524e-02	5.262608559391850072e-02
7.839999999999999747e-04	1.378984567899782243e-01	1.596197486883256522e-01	1.698887070347354089e-01	3.849583996438962069e-02	4.652192634711063007e-02	5.282388547889985825e-02
7.860000000000000233e-04	1.431978680318954367e-01	1.592434484448021770e-01	1.735370559128130985e-01	3.885228236268057495e-02	4.608271401034443743e-02	5.220112313801960474e-02
7.879999999999999635e-04	1.391458345422095233e-01	1.571467890752938912e-01	1.714525922261854463e-01	3.931181385220898494e-02	4.547969557921768824e-02	5.247624592569118118e-02
7.900000000000000121e-04	1.379056690196324153e-01	1.540789796685211877e-01	1.725091885276727743e-01	3.880972636098661832e-02	4.510840686778566644e-02	5.239244558640342164e-02
7.919999999999999523e-04	1.382005554562075467e-01	1.556795892633721645e-01	1.749258171429301512e-01	3.855501171960871304e-02	4.589791742443481010e-02	5.207092451041923226e-02
7.940000000000000009e-04	1.383937502186952939e-01	1.538190734804722459e-01	1.702319819260623146e-01	3.877953239523111023e-02	4.632338902495014565e-02	5.222848420470650038e-02
7.960000000000000495e-04	1.372003165661259683e-01	1.543183926104881032e-01	1.669216478341903065e-01	3.922862841303557252e-02	4.558968667849588180e-02	5.269931694405551037e-02
7.979999999999999897e-04	1.378042053851269433e-01	1.561821995036005439e-01	1.702049893816370008e-01	3.908814894457691286e-02	4.530134600229520497e-02	5.243477371129266762e-02
8.000000000000000383e-04	1.391414032964123360e-01	1.545502631645696290e-01	1.730758832015316939e-01	3.833299529403513817e-02	4.565086209682334140e-02	5.174742475362751476e-02
8.019999999999999785e-04	1.380111193674779801e-01	1.560121224743980517e-01	1.695224030604607357e-01	3.859314828612315368e-02	4.547685674958188567e-02	5.158825841203809603e-02
8.040000000000000271e-04	1.371833260255551912e-01	1.558398460316795242e-01	1.712920968043217529e-01	3.884724560829225931e-02	4.520456208766145123e-02	5.216451710879877607e-02
8.059999999999999673e-04	1.343752213882185575e-01	1.548952556478491172e-01	1.708603589947434165e-01	3.844161828135066183e-02	4.536400452416733398e-02	5.186066695530128917e-02
8.080000000000000160e-04	1.361650931722775681e-01	1.522087491165300399e-01	1.681336096768113464e-01	3.835361522523428324e-02	4.548973989090051434e-02	5.165103286672197841e-02
8.099999999999999561e-04	1.388185042227423616e-01	1.537486423592875906e-01	1.702794714997028780e-01	3.833196953064268997e-02	4.559704192958961150e-02	5.241329719042547158e-02
8.120000000000000048e-04	1.361508347643452799e-01	1.565833729243946704e-01	1.713496586229733831e-01	3.803623391624232769e-02	4.496358603956793210e-02	5.154755729263236358e-02
8.140000000000000534e-04	1.345323703629703049e-01	1.554119803232985597e-01	1.703334539336199549e-01	3.830000159759048423e-02	4.511848230157285838e-02	5.092811683509562704e-02
8.159999999999999936e-04	1.349302826468566641e-01	1.503591785841420503e-01	1.650427906204255113e-01	3.836956756887452413e-02	4.486079112213763043e-02	5.088864530971913547e-02
8.180000000000000422e-04	1.378557560196227161e-01	1.519287263152084289e-01	1.658866687439624621e-01	3.803749626785572768e-02	4.482440929937881596e-02	5.138051181641197646e-02
8.199999999999999824e-04	1.385128850422274183e-01	1.528994528492961802e-01	1.669338971442448361e-01	3.842950072600780781e-02	4.555459995207846585e-02	5.154471067391318967e-02
8.220000000000000310e-04	1.358269246139141018e-01	1.518632815329240271e-01	1.635514291776354878e-01	3.848133781406311987e-02	4.500406107370343717e-02	5.145383135404293928e-02
8.239999999999999712e-04	1.353291460415421976e-01	1.523636068249661080e-01	1.681951689258155413e-01	3.797842561051471139e-02	4.421714107956328799e-02	5.114997518217367228e-02
8.260000000000000198e-04	1.349827464593609250e-01	1.520810685309179344e-01	1.706392172171249666e-01	3.767812980889686386e-02	4.468775718258521934e-02	5.099723544642596057e-02
8.279999999999999600e-04	1.352137033102536190e-01	1.535253742172248137e-01	1.648135978113270117e-01	3.797067493786031311e-02	4.522830708640308839e-02	5.140600075506444183e-02
8.300000000000000086e-04	1.338930070479200374e-01	1.492982483757119561e-01	1.629957406988161439e-01	3.818656790098933634e-02	4.459710277019209024e-02	5.107177380737180222e-02
8.319999999999999488e-04	1.317403877388881872e-01	1.498219848906284513e-01	1.648341328399382799e-01	3.847827244407569375e-02	4.462988950347440004e-02	5.078898356050380591e-02
8.339999999999999974e-04	1.315637385287547478e-01	1.526412304901151595e-01	1.667886944679671801e-01	3.819406581860934624e-02	4.450597769405861825e-02	5.077536907717720982e-02
8.360000000000000460e-04	1.342609869444688353e-01	1.490374515823568724e-01	1.645070243495507512e-01	3.744803789067159550e-02	4.448521357986774671e-02	5.038559801140629624e-02
8.379999999999999862e-04	1.332433122277286719e-01	1.471778712998065564e-01	1.635448291983946367e-01	3.762204892274087498e-02	4.438227000329848793e-02	5.014716422373870913e-02
8.400000000000000348e-04	1.311182577216006284e-01	1.468377047278415781e-01	1.612183876275864181e-01	3.771424426203048158e-02	4.443149650102952430e-02	5.097666280776295272e-02
8.419999999999999750e-04	1.341109651576470330e-01	1.463963069679352358e-01	1.599552057388771986e-01	3.797615010885767306e-02	4.454331172582182141e-02	5.038306296283266011e-02
8.440000000000000236e-04	1.311647596874396804e-01	1.468355990437865410e-01	1.625297929174938927e-01	3.852992843908729231e-02	4.384479871746467528e-02	4.978341952432687595e-02
8.459999999999999638e-04	1.304344481136041345e-01	1.489277470464560604e-01	1.604138134895789491e-01	3.765835567872812678e-02	4.346427112433431245e-02	5.062983284771278153e-02
8.480000000000000124e-04	1.338114094214336303e-01	1.480677667697297695e-01	1.613160793368236812e-01	3.755268125977461596e-02	4.370060851825669640e-02	5.036296021840781095e-02
8.499999999999999526e-04	1.307186207561950586e-01	1.445741460945293710e-01	1.613885151895210202e-01	3.790887180234132209e-02	4.389794714559554917e-02	4.999390674225666353e-02
8.520000000000000013e-04	1.300852435362527537e-01	1.465222589001859699e-01	1.568535054289833530e-01	3.708749461140588288e-02	4.370130923785216920e-02	4.980308749629098336e-02
8.540000000000000499e-04	1.315759900090469614e-01	1.481325446380704902e-01	1.579994327466905379e-01	3.668195182672290278e-02	4.360261830631487201e-02	5.015091295444663172e-02
8.559999999999999901e-04	1.297831478720979925e-01	1.448570928336794517e-01	1.618708727559420302e-01	3.704889756719956240e-02	4.390846888961781602e-02	4.978572459731874650e-02
8.580000000000000387e-04	1.303589068374364224e-01	1.417965682732656441e-01	1.610091918859201665e-01	3.725820846057414232e-02	4.376181296786322422e-02	4.895982428288135624e-02
8.599999999999999789e-04	1.291967727964487833e-01	1.420401845845617739e-01	1.585368657932110792e-01	3.696932229506315337e-02	4.339822732821763118e-02	4.919357940924339034e-02
8.620000000000000275e-04	1.271824468687640652e-01	1.475360354712464128e-01	1.579974815781436670e-01	3.733892643423101371e-02	4.321870745588368007e-02	4.878492611135535478e-02
8.639999999999999677e-04	1.298855098750125725e-01	1.448186891624577699e-01	1.559579733162582416e-01	3.736374501933948516e-02	4.318478639706409966e-02	4.898747693391438535e-02
8.660000000000000163e-04	1.289726861930662050e-01	1.441321846973926957e-01	1.552120715220969283e-01	3.679707875042637771e-02	4.380597310919833592e-02	4.913222436061451953e-02
8.679999999999999565e-04	1.298612536451173027e-01	1.458463503876551715e-01	1.555009145860806186e-01	3.699165171375248806e-02	4.333464543013992171e-02	4.905071814832505372e-02
8.700000000000000051e-04	1.267741941820083595e-01	1.417417822524450199e-01	1.550599151999167424e-01	3.703123312123807187e-02	4.253535655664099357e-02	4.864736473068906331e-02
8.720000000000000537e-04	1.235881432880362868e-01	1.418022036486336068e-01	1.569818957736008602e-01	3.671446612987263464e-02	4.272032871312483882e-02	4.871968780671522004e-02
8.739999999999999939e-04	1.272125583177963482e-01	1.409163721453148832e-01	1.547586734864285218e-01	3.613398941464804337e-02	4.314030972028904537e-02	4.860625093154968129e-02
8.760000000000000425e-04	1.257792044827671651e-01	1.383546763791546619e-01	1.536689728930501209e-01	3.615320114228427750e-02	4.276803881653115647e-02	4.803423762989211115e-02
8.779999999999999827e-04	1.230484052758631791e-01	1.384716596268631694e-01	1.511497703490880251e-01	3.656684385016112371e-02	4.194045211347502411e-02	4.805808928220579868e-02
8.800000000000000313e-04	1.233901373272475316e-01	1.398132865725184582e-01	1.538696956265158955e-01	3.615064668096622941e-02	4.198914091066798665e-02	4.820973436535223866e-02
8.819999999999999715e-04	1.248570645844534616e-01	1.402074599242082442e-01	1.552317001833597443e-01	3.609503816531845627e-02	4.193516492614651758e-02	4.857271303088123854e-02
8.840000000000000201e-04	1.228220908244411769e-01	1.386173055594050185e-01	1.503748164775486340e-01	3.623999070486155771e-02	4.234452133395490148e-02	4.770951329128410301e-02
8.859999999999999603e-04	1.220273991413995951e-01	1.373347209664810276e-01	1.512053233197614699e-01	3.595044457785458863e-02	4.223490557055431527e-02	4.733956490606080342e-02
8.880000000000000089e-04	1.241629172765899985e-01	1.376809485367026797e-01	1.502514744225401377e-01	3.618805222232641949e-02	4.173205535934956800e-02	4.743147100668769489e-02
8.899999999999999491e-04	1.244055892227405730e-01	1.347242802672392603e-01	1.468105647096927813e-01	3.626362762702369652e-02	4.165126640228881960e-02	4.695830351409452375e-02
8.919999999999999978e-04	1.232469187470423277e-01	1.342132888095373955e-01	1.457778365791816133e-01	3.583654547843984767e-02	4.133892984898936140e-02	4.679458528036851972e-02
8.940000000000000464e-04	1.240391436080337945e-01	1.341338787205119676e-01	1.499566766039198418e-01	3.570578931429736758e-02	4.149044442850670367e-02	4.671299952430203739e-02
8.959999999999999866e-04	1.231034164087215221e-01	1.356769895103612789e-01	1.493687762107927253e-01	3.548917208334065321e-02	4.146232681898270184e-02	4.720941501142286029e-02
8.980000000000000352e-04	1.183809197273598263e-01	1.367300969924421239e-01	1.452536571060015214e-01	3.509725791167216807e-02	4.113558069604170142e-02	4.699778678724161884e-02
8.999999999999999754e-04	1.182101280606634025e-01	1.323396394671088327e-01	1.449991491930557042e-01	3.511472275895058393e-02	4.085596490899981448e-02	4.590029780613050919e-02
9.020000000000000240e-04	1.212348194985009009e-01	1.321578791161365229e-01	1.455699715794332438e-01	3.525633189483905194e-02	4.081560076559639233e-02	4.602365010756617053e-02
9.039999999999999642e-04	1.228921316056695023e-01	1.321312153122791710e-01	1.452117895717220664e-01	3.514840821656819991e-02	4.117961697332798293e-02	4.642207309213510630e-02
9.060000000000000128e-04	1.190903110174001411e-01	1.321150311110206033e-01	1.431440499748764250e-01	3.484539038166033914e-02	4.056872223100922714e-02	4.568387606951072877e-02
9.079999999999999530e-04	1.155807759151976366e-01	1.322568102721762562e-01	1.426031181938559045e-01	3.462351345827133220e-02	4.040440873306528485e-02	4.537406820481122705e-02
9.100000000000000016e-04	1.175901445114594240e-01	1.318384912879419502e-01	1.422996808393693913e-01	3.490108176523485511e-02	4.093989430937738233e-02	4.541188156640029588e-02
9.120000000000000502e-04	1.173484717712705433e-01	1.298117703966117087e-01	1.405247301256062342e-01	3.478991382068318677e-02	4.005699669135651120e-02	4.502302765369326637e-02
9.139999999999999904e-04	1.148726830121249570e-01	1.276009832367229480e-01	1.381541879935732353e-01	3.431196683803090786e-02	3.982216324522067780e-02	4.460124006357996107e-02
9.160000000000000390e-04	1.162097023896383474e-01	1.296603604968932788e-01	1.390588183671711831e-01	3.416283896554764277e-02	3.975655694135470097e-02	4.517493749197931674e-02
9.179999999999999792e-04	1.155698457629337622e-01	1.272849054198798846e-01	1.408363259581232318e-01	3.397978924276142537e-02	3.940669366615703190e-02	4.505387051755577188e-02
9.200000000000000278e-04	1.151555000730784678e-01	1.247059728632846226e-01	1.378264675388822802e-01	3.380544088387196083e-02	3.962639665902485675e-02	4.424510084283071742e-02
9.219999999999999680e-04	1.144734838994141413e-01	1.271280779115142867e-01	1.357411024741698724e-01	3.390590118647662105e-02	3.929251830442483800e-02	4.420195864728788254e-02
9.240000000000000166e-04	1.106949020606976808e-01	1.268609022626733251e-01	1.344277160248951719e-01	3.399621961116675722e-02	3.861065232725729990e-02	4.378897138549617263e-02
9.259999999999999568e-04	1.126743963301004570e-01	1.246811675210447029e-01	1.354910200992516245e-01	3.356531480928302141e-02	3.844800513458451058e-02	4.414010015771678563e-02
9.280000000000000054e-04	1.124350243485820605e-01	1.233982659529184456e-01	1.356940424445696736e-01	3.311911986836121868e-02	3.837673643637736637e-02	4.363745606180369913e-02
9.300000000000000541e-04	1.093187123559007240e-01	1.214256967692214639e-01	1.328372986035139813e-01	3.304133475536628894e-02	3.819125945910963743e-02	4.279392327589518624e-02
9.319999999999999942e-04	1.103645842956840484e-01	1.226302953627558256e-01	1.320120947345098106e-01	3.285931020140305664e-02	3.816172659180996907e-02	4.252916963818105522e-02
9.340000000000000429e-04	1.096020107207180960e-01	1.230125410976144334e-01	1.316794153766494835e-01	3.296174642058117416e-02	3.790531679105751256e-02	4.231695812527484085e-02
9.359999999999999831e-04	1.092411586613700747e-01	1.189446592061801089e-01	1.322201174723290906e-01	3.309969870909079681e-02	3.779658319548246520e-02	4.204481377667940861e-02
9.380000000000000317e-04	1.090729783829412214e-01	1.173990167920589134e-01	1.322537800591506996e-01	3.275335820688687199e-02	3.754637164670057703e-02	4.221873275188537528e-02
9.399999999999999719e-04	1.062692604116391715e-01	1.195890667107526034e-01	1.280030729225671848e-01	3.215911814846691974e-02	3.704509163064880622e-02	4.223645473512729898e-02
9.420000000000000205e-04	1.059203690361648353e-01	1.166408440238210775e-01	1.240024151762083859e-01	3.200371276139165472e-02	3.684479210621854212e-02	4.138932265683075568e-02
9.439999999999999607e-04	1.061251995093814016e-01	1.161900319112778995e-01	1.255739716164276931e-01	3.187079119849992731e-02	3.636765919893792526e-02	4.044938219644269445e-02
9.460000000000000093e-04	1.052869895163372621e-01	1.174160684667011068e-01	1.260297119871463811e-01	3.142101412278860972e-02	3.591447593008892381e-02	4.021305043650897498e-02
9.479999999999999495e-04	1.045747976881607755e-01	1.139621845521452265e-01	1.237760428793756029e-01	3.122217301697404954e-02	3.576981178415017393e-02	4.040800381252921541e-02
9.499999999999999981e-04	1.031940145937673692e-01	1.128514199815605773e-01	1.216320910207379369e-01	3.113157144121633801e-02	3.600809325539523070e-02	3.977438595039545915e-02
9.520000000000000467e-04	1.035389546298917246e-01	1.127474645792978791e-01	1.217159102125619369e-01	3.076430728838997972e-02	3.542300444344850113e-02	3.937227365061155004e-02
9.539999999999999869e-04	1.010650542022407672e-01	1.109744425249831329e-01	1.213220546886454032e-01	3.037295511856304489e-02	3.455890742586074926e-02	3.912707776020873246e-02
9.560000000000000355e-04	1.000829834668862106e-01	1.100943677965425666e-01	1.194775557025095220e-01	3.017660492846122380e-02	3.454046879615011584e-02	3.871897875212933215e-02
9.579999999999999757e-04	9.955455504318577731e-02	1.089346096015089416e-01	1.181279586911656437e-01	2.999679613998890507e-02	3.416327937291621653e-02	3.827447486863744947e-02
9.600000000000000243e-04	9.604924701396658215e-02	1.070632511370327444e-01	1.145243583362318129e-01	2.968625826229201459e-02	3.379367631331576388e-02	3.748365760233561550e-02
9.619999999999999645e-04	9.506248828437942333e-02	1.052620910459656639e-01	1.122635503562057491e-01	2.930937762909485711e-02	3.335403124744767273e-02	3.719295851091616173e-02
9.640000000000000131e-04	9.429534968439208520e-02	1.056061390005056388e-01	1.130433852055134775e-01	2.907470775190584833e-02	3.295464877726045350e-02	3.702322382506814669e-02
9.659999999999999533e-04	9.443132096478615289e-02	1.048433331494631748e-01	1.125080203358112263e-01	2.864649308537312380e-02	3.269125259641469938e-02	3.602501803432454908e-02
9.680000000000000019e-04	9.384615323377425156e-02	1.005192579073782982e-01	1.097099124364953465e-01	2.806648498272991052e-02	3.215898669589401654e-02	3.540873804889441145e-02
9.700000000000000505e-04	9.177401707357261962e-02	1.012580261831824285e-01	1.087222107111383285e-01	2.783577007714573698e-02	3.146281940893933676e-02	3.501492061574863063e-02
9.719999999999999907e-04	8.941189737990418163e-02	9.947574951909221586e-02	1.072843078887035922e-01	2.734453070792460666e-02	3.085859419355648989e-02	3.454479147735449451e-02
9.740000000000000394e-04	8.796416080863872500e-02	9.553479820035537529e-02	1.050510424430988743e-01	2.672158250982209840e-02	3.033508922541741648e-02	3.390363479199624830e-02
9.759999999999999796e-04	8.832556463158283688e-02	9.470414659339926322e-02	1.022927231117212038e-01	2.624300042756771631e-02	2.978418371741740900e-02	3.274970453391835151e-02
9.779999999999999197e-04	8.678493400733246210e-02	9.313777475211215684e-02	9.992529076776185404e-02	2.580232359233988748e-02	2.920780607083053176e-02	3.212662140205915090e-02
9.799999999999999684e-04	8.326808881774802606e-02	9.131849128453195519e-02	9.739327054422380892e-02	2.535346298133906925e-02	2.860368340375248758e-02	3.150963078605434342e-02
9.820000000000000170e-04	8.088120375233218140e-02	8.896986226898713490e-02	9.523163107798876537e-02	2.461994825023502628e-02	2.771325079131860269e-02	3.038246040863172570e-02
9.840000000000000656e-04	7.911884670915038387e-02	8.616817799215857610e-02	9.109496427268788665e-02	2.377699048888284872e-02	2.679686335156897595e-02	2.923570200926722817e-02
9.859999999999998974e-04	7.715813708381996650e-02	8.352872132605920763e-02	8.849828066164293350e-02	2.306681299858894668e-02	2.578244896897438979e-02	2.831035991000521029e-02
9.879999999999999460e-04	7.367990166178922662e-02	8.074073612986928938e-02	8.756100286993237503e-02	2.221136684533187716e-02	2.474077327300542098e-02	2.722371135345090162e-02
9.899999999999999946e-04	7.163785203967994175e-02	7.714023960643645594e-02	8.280799423710656637e-02	2.111826936770567348e-02	2.368207643525687203e-02	2.575624804694491218e-02
9.920000000000000432e-04	6.853667579971142731e-02	7.388750125407084202e-02	7.770590204139866952e-02	1.990050443717558681e-02	2.213817165198988385e-02	2.410484059884390740e-02
9.940000000000000918e-04	6.276898625678349608e-02	6.873167984024582122e-02	7.229422328732902636e-02	1.835433237190310651e-02	2.018896636701328351e-02	2.204160949520528323e-02
9.959999999999999236e-04	5.749196687264492012e-02	6.106832193826088745e-02	6.506325313737829075e-02	1.629880548294133924e-02	1.780077288496066321e-02	1.923303897923070785e-02
