1.0000e+00 1.0000e+00 0.0000e+00 1.3191e-04 3.8583e+00 -4.5474e+00 6.8478e-01 2.7530e+02 3.5327e+01 -3.1790e+00 -1.1942e+01 7.7818e+00 -4.4760e-01 -1.4526e-02 7.4045e+00 8.8493e-02 7.4822e+00 7.5561e+00 1.0000e+00 1.0000e+00 0.0000e+00 0.0000e+00
9.9497e-01 9.9497e-01 5.0251e-03 1.3044e-04 4.1748e+00 -4.4584e+00 6.0842e-01 2.7526e+02 3.3926e+01 -2.7769e+00 -1.1139e+01 7.6829e+00 -4.3845e-01 -1.9285e-02 7.3263e+00 8.2339e-02 7.4034e+00 7.4709e+00 9.9497e-01 9.9497e-01 5.0251e-03 8.7038e-06
9.8995e-01 9.8995e-01 1.0050e-02 1.2915e-04 4.3829e+00 -4.4171e+00 5.3817e-01 2.7523e+02 3.2804e+01 -2.3728e+00 -1.0490e+01 7.5977e+00 -4.2886e-01 -2.2759e-02 7.2573e+00 7.7385e-02 7.3337e+00 7.3962e+00 9.8995e-01 9.8995e-01 1.0050e-02 1.7408e-05
9.8492e-01 9.8492e-01 1.5075e-02 1.2803e-04 4.4805e+00 -4.4174e+00 4.7349e-01 2.7520e+02 3.1980e+01 -1.9875e+00 -9.9710e+00 7.5255e+00 -4.1885e-01 -2.5373e-02 7.1965e+00 7.3445e-02 7.2728e+00 7.3316e+00 9.8492e-01 9.8492e-01 1.5075e-02 2.6111e-05
9.7990e-01 9.7990e-01 2.0101e-02 1.2709e-04 4.4766e+00 -4.4504e+00 4.1532e-01 2.7518e+02 3.1443e+01 -1.6429e+00 -9.5595e+00 7.4661e+00 -4.0872e-01 -2.7434e-02 7.1438e+00 7.0353e-02 7.2208e+00 7.2769e+00 9.7990e-01 9.7990e-01 2.0101e-02 3.4815e-05
9.7487e-01 9.7487e-01 2.5126e-02 1.2627e-04 4.3674e+00 -4.5142e+00 3.6009e-01 2.7517e+02 3.1198e+01 -1.3366e+00 -9.2261e+00 7.4170e+00 -3.9814e-01 -2.9309e-02 7.0965e+00 6.7871e-02 7.1755e+00 7.2297e+00 9.7487e-01 9.7487e-01 2.5126e-02 4.3519e-05
9.6985e-01 9.6985e-01 3.0151e-02 1.2556e-04 4.1813e+00 -4.5969e+00 3.0841e-01 2.7516e+02 3.1174e+01 -1.0755e+00 -8.9449e+00 7.3763e+00 -3.8748e-01 -3.1154e-02 7.0541e+00 6.5804e-02 7.1360e+00 7.1888e+00 9.6985e-01 9.6985e-01 3.0151e-02 5.2223e-05
9.6482e-01 9.6482e-01 3.5176e-02 1.2494e-04 3.9448e+00 -4.6899e+00 2.6062e-01 2.7515e+02 3.1296e+01 -8.5748e-01 -8.6970e+00 7.3424e+00 -3.7706e-01 -3.2991e-02 7.0159e+00 6.4012e-02 7.1015e+00 7.1532e+00 9.6482e-01 9.6482e-01 3.5176e-02 6.0926e-05
9.5980e-01 9.5980e-01 4.0201e-02 1.2441e-04 3.6313e+00 -4.7997e+00 2.1424e-01 2.7515e+02 3.1633e+01 -6.8451e-01 -8.4791e+00 7.3153e+00 -3.6645e-01 -3.5019e-02 6.9809e+00 6.2461e-02 7.0715e+00 7.1226e+00 9.5980e-01 9.5980e-01 4.0201e-02 6.9630e-05
9.5477e-01 9.5477e-01 4.5226e-02 1.2394e-04 3.2989e+00 -4.9100e+00 1.7130e-01 2.7515e+02 3.2026e+01 -5.4574e-01 -8.2698e+00 7.2923e+00 -3.5633e-01 -3.7056e-02 6.9492e+00 6.1000e-02 7.0449e+00 7.0955e+00 9.5477e-01 9.5477e-01 4.5226e-02 7.8334e-05
9.4975e-01 9.4975e-01 5.0251e-02 1.2351e-04 2.9581e+00 -5.0190e+00 1.3128e-01 2.7515e+02 3.2439e+01 -4.3164e-01 -8.0633e+00 7.2724e+00 -3.4673e-01 -3.9051e-02 6.9200e+00 5.9580e-02 7.0211e+00 7.0711e+00 9.4975e-01 9.4975e-01 5.0251e-02 8.7038e-05
9.4472e-01 9.4472e-01 5.5276e-02 1.2313e-04 2.5897e+00 -5.1319e+00 9.2605e-02 2.7515e+02 3.2923e+01 -3.4281e-01 -7.8598e+00 7.2556e+00 -3.3732e-01 -4.1119e-02 6.8928e+00 5.8205e-02 6.9996e+00 7.0494e+00 9.4472e-01 9.4472e-01 5.5276e-02 9.5742e-05
9.3970e-01 9.3970e-01 6.0302e-02 1.2278e-04 2.2586e+00 -5.2322e+00 5.8356e-02 2.7515e+02 3.3297e+01 -2.6093e-01 -7.6461e+00 7.2397e+00 -3.2892e-01 -4.2881e-02 6.8683e+00 5.6785e-02 6.9800e+00 7.0293e+00 9.3970e-01 9.3970e-01 6.0302e-02 1.0445e-04
9.3467e-01 9.3467e-01 6.5327e-02 1.2246e-04 1.9463e+00 -5.3260e+00 2.6744e-02 2.7515e+02 3.3610e+01 -1.8144e-01 -7.4261e+00 7.2245e+00 -3.2111e-01 -4.4424e-02 6.8456e+00 5.5346e-02 6.9615e+00 7.0105e+00 9.3467e-01 9.3467e-01 6.5327e-02 1.1315e-04
9.2965e-01 9.2965e-01 7.0352e-02 1.2215e-04 1.6433e+00 -5.4158e+00 -2.9557e-03 2.7514e+02 3.3889e+01 -1.0408e-01 -7.2008e+00 7.2100e+00 -3.1371e-01 -4.5805e-02 6.8244e+00 5.3896e-02 6.9442e+00 6.9929e+00 9.2965e-01 9.2965e-01 7.0352e-02 1.2185e-04
9.2462e-01 9.2462e-01 7.5377e-02 1.2185e-04 1.4246e+00 -5.4835e+00 -2.6785e-02 2.7513e+02 3.3925e+01 -1.9385e-03 -6.9597e+00 7.1938e+00 -3.0763e-01 -4.6494e-02 6.8056e+00 5.2378e-02 6.9274e+00 6.9756e+00 9.2462e-01 9.2462e-01 7.5377e-02 1.3056e-04
9.1960e-01 9.1960e-01 8.0402e-02 1.2156e-04 1.2302e+00 -5.5442e+00 -4.8265e-02 2.7512e+02 3.3889e+01 1.1178e-01 -6.7131e+00 7.1773e+00 -3.0197e-01 -4.6886e-02 6.7881e+00 5.0860e-02 6.9111e+00 6.9589e+00 9.1960e-01 9.1960e-01 8.0402e-02 1.3926e-04
9.1457e-01 9.1457e-01 8.5427e-02 1.2128e-04 1.0744e+00 -5.5943e+00 -6.6661e-02 2.7511e+02 3.3742e+01 2.4327e-01 -6.4595e+00 7.1600e+00 -2.9686e-01 -4.6883e-02 6.7720e+00 4.9335e-02 6.8952e+00 6.9424e+00 9.1457e-01 9.1457e-01 8.5427e-02 1.4796e-04
9.0955e-01 9.0955e-01 9.0452e-02 1.2100e-04 1.0034e+00 -5.6222e+00 -7.9442e-02 2.7509e+02 3.3366e+01 4.1201e-01 -6.1941e+00 7.1400e+00 -2.9275e-01 -4.6148e-02 6.7578e+00 4.7792e-02 6.8791e+00 6.9257e+00 9.0955e-01 9.0955e-01 9.0452e-02 1.5667e-04
9.0452e-01 9.0452e-01 9.5477e-02 1.2072e-04 9.5117e-01 -5.6432e+00 -9.0044e-02 2.7506e+02 3.2946e+01 5.9611e-01 -5.9252e+00 7.1196e+00 -2.8882e-01 -4.5138e-02 6.7446e+00 4.6287e-02 6.8634e+00 6.9092e+00 9.0452e-01 9.0452e-01 9.5477e-02 1.6537e-04
8.9950e-01 8.9950e-01 1.0050e-01 1.2045e-04 9.4653e-01 -5.6498e+00 -9.7009e-02 2.7503e+02 3.2410e+01 8.0509e-01 -5.6494e+00 7.0977e+00 -2.8532e-01 -4.3671e-02 6.7326e+00 4.4806e-02 6.8477e+00 6.8926e+00 8.9950e-01 8.9950e-01 1.0050e-01 1.7408e-04
8.9447e-01 8.9447e-01 1.0553e-01 1.2017e-04 9.9832e-01 -5.6385e+00 -9.9799e-02 2.7498e+02 3.1747e+01 1.0414e+00 -5.3652e+00 7.0737e+00 -2.8229e-01 -4.1695e-02 6.7218e+00 4.3359e-02 6.8319e+00 6.8758e+00 8.9447e-01 8.9447e-01 1.0553e-01 1.8278e-04
8.8945e-01 8.8945e-01 1.1055e-01 1.1991e-04 1.0440e+00 -5.6227e+00 -1.0164e-01 2.7494e+02 3.1134e+01 1.2803e+00 -5.0780e+00 7.0500e+00 -2.7900e-01 -3.9636e-02 6.7115e+00 4.1993e-02 6.8166e+00 6.8593e+00 8.8945e-01 8.8945e-01 1.1055e-01 1.9148e-04
8.8442e-01 8.8442e-01 1.1558e-01 1.1964e-04 1.1228e+00 -5.5917e+00 -1.0070e-01 2.7488e+02 3.0475e+01 1.5314e+00 -4.7818e+00 7.0251e+00 -2.7585e-01 -3.7247e-02 6.7022e+00 4.0685e-02 6.8014e+00 6.8429e+00 8.8442e-01 8.8442e-01 1.1558e-01 2.0019e-04
8.7940e-01 8.7940e-01 1.2060e-01 1.1938e-04 1.2093e+00 -5.5499e+00 -9.8585e-02 2.7482e+02 2.9851e+01 1.7797e+00 -4.4771e+00 6.9999e+00 -2.7254e-01 -3.4710e-02 6.6934e+00 3.9453e-02 6.7866e+00 6.8266e+00 8.7940e-01 8.7940e-01 1.2060e-01 2.0889e-04
8.7437e-01 8.7437e-01 1.2563e-01 1.1909e-04 1.1827e+00 -5.4910e+00 -8.9348e-03 2.7474e+02 2.7472e+01 2.2248e+00 -4.0236e+00 6.9690e+00 -2.6471e-01 -3.1150e-02 6.6816e+00 3.9125e-02 6.7728e+00 6.8078e+00 8.7437e-01 8.7437e-01 1.2563e-01 2.1759e-04
8.6935e-01 8.6935e-01 1.3065e-01 1.1887e-04 1.1366e+00 -5.4483e+00 -8.7271e-04 2.7474e+02 2.7780e+01 2.0759e+00 -4.0771e+00 6.9515e+00 -2.6336e-01 -2.9985e-02 6.6731e+00 3.7790e-02 6.7600e+00 6.7949e+00 8.6935e-01 8.6935e-01 1.3065e-01 2.2630e-04
8.6432e-01 8.6432e-01 1.3568e-01 1.1865e-04 1.0820e+00 -5.4087e+00 6.7069e-03 2.7473e+02 2.8089e+01 1.9395e+00 -4.1314e+00 6.9347e+00 -2.6170e-01 -2.8886e-02 6.6648e+00 3.6537e-02 6.7478e+00 6.7824e+00 8.6432e-01 8.6432e-01 1.3568e-01 2.3500e-04
8.5930e-01 8.5930e-01 1.4070e-01 1.1844e-04 1.0181e+00 -5.3724e+00 1.3948e-02 2.7473e+02 2.8405e+01 1.8138e+00 -4.1871e+00 6.9186e+00 -2.5974e-01 -2.7851e-02 6.6568e+00 3.5355e-02 6.7361e+00 6.7705e+00 8.5930e-01 8.5930e-01 1.4070e-01 2.4371e-04
8.5427e-01 8.5427e-01 1.4573e-01 1.1824e-04 9.5091e-01 -5.3376e+00 2.0267e-02 2.7473e+02 2.8700e+01 1.6993e+00 -4.2374e+00 6.9033e+00 -2.5754e-01 -2.6904e-02 6.6490e+00 3.4248e-02 6.7250e+00 6.7591e+00 8.5427e-01 8.5427e-01 1.4573e-01 2.5241e-04
8.4925e-01 8.4925e-01 1.5075e-01 1.1805e-04 8.7720e-01 -5.3047e+00 2.6189e-02 2.7473e+02 2.8995e+01 1.5916e+00 -4.2867e+00 6.8885e+00 -2.5513e-01 -2.6017e-02 6.6415e+00 3.3190e-02 6.7142e+00 6.7481e+00 8.4925e-01 8.4925e-01 1.5075e-01 2.6111e-04
8.4422e-01 8.4422e-01 1.5578e-01 1.1787e-04 7.9865e-01 -5.2733e+00 3.1612e-02 2.7473e+02 2.9282e+01 1.4896e+00 -4.3333e+00 6.8744e+00 -2.5254e-01 -2.5192e-02 6.6342e+00 3.2177e-02 6.7039e+00 6.7375e+00 8.4422e-01 8.4422e-01 1.5578e-01 2.6982e-04
8.3920e-01 8.3920e-01 1.6080e-01 1.1769e-04 7.2058e-01 -5.2416e+00 3.6068e-02 2.7473e+02 2.9542e+01 1.3920e+00 -4.3718e+00 6.8608e+00 -2.4986e-01 -2.4440e-02 6.6272e+00 3.1207e-02 6.6940e+00 6.7273e+00 8.3920e-01 8.3920e-01 1.6080e-01 2.7852e-04
8.3417e-01 8.3417e-01 1.6583e-01 1.1751e-04 6.3738e-01 -5.2109e+00 4.0058e-02 2.7473e+02 2.9796e+01 1.2977e+00 -4.4074e+00 6.8478e+00 -2.4703e-01 -2.3747e-02 6.6203e+00 3.0271e-02 6.6844e+00 6.7175e+00 8.3417e-01 8.3417e-01 1.6583e-01 2.8722e-04
8.2915e-01 8.2915e-01 1.7085e-01 1.1735e-04 5.5367e-01 -5.1799e+00 4.3296e-02 2.7473e+02 3.0029e+01 1.2052e+00 -4.4366e+00 6.8352e+00 -2.4414e-01 -2.3110e-02 6.6137e+00 2.9365e-02 6.6751e+00 6.7080e+00 8.2915e-01 8.2915e-01 1.7085e-01 2.9593e-04
8.2412e-01 8.2412e-01 1.7588e-01 1.1719e-04 4.7261e-01 -5.1475e+00 4.5536e-02 2.7474e+02 3.0230e+01 1.1134e+00 -4.4567e+00 6.8230e+00 -2.4125e-01 -2.2529e-02 6.6072e+00 2.8484e-02 6.6662e+00 6.6988e+00 8.2412e-01 8.2412e-01 1.7588e-01 3.0463e-04
8.1910e-01 8.1910e-01 1.8090e-01 1.1703e-04 3.8757e-01 -5.1153e+00 4.7190e-02 2.7474e+02 3.0420e+01 1.0228e+00 -4.4721e+00 6.8112e+00 -2.3825e-01 -2.2002e-02 6.6010e+00 2.7628e-02 6.6575e+00 6.6899e+00 8.1910e-01 8.1910e-01 1.8090e-01 3.1334e-04
8.1407e-01 8.1407e-01 1.8593e-01 1.1688e-04 3.0596e-01 -5.0811e+00 4.7804e-02 2.7474e+02 3.0576e+01 9.3200e-01 -4.4778e+00 6.7998e+00 -2.3530e-01 -2.1522e-02 6.5949e+00 2.6793e-02 6.6492e+00 6.6813e+00 8.1407e-01 8.1407e-01 1.8593e-01 3.2204e-04
8.0905e-01 8.0905e-01 1.9095e-01 1.1673e-04 2.2719e-01 -5.0452e+00 4.7418e-02 2.7474e+02 3.0701e+01 8.4126e-01 -4.4745e+00 6.7887e+00 -2.3238e-01 -2.1084e-02 6.5889e+00 2.5976e-02 6.6410e+00 6.6729e+00 8.0905e-01 8.0905e-01 1.9095e-01 3.3074e-04
8.0402e-01 8.0402e-01 1.9598e-01 1.1659e-04 1.4642e-01 -5.0086e+00 4.6334e-02 2.7474e+02 3.0809e+01 7.5169e-01 -4.4651e+00 6.7779e+00 -2.2942e-01 -2.0689e-02 6.5831e+00 2.5179e-02 6.6331e+00 6.6647e+00 8.0402e-01 8.0402e-01 1.9598e-01 3.3945e-04
7.9899e-01 7.9899e-01 2.0101e-01 1.1645e-04 7.1750e-02 -4.9691e+00 4.3917e-02 2.7474e+02 3.0872e+01 6.6279e-01 -4.4434e+00 6.7673e+00 -2.2657e-01 -2.0330e-02 6.5775e+00 2.4398e-02 6.6253e+00 6.6567e+00 7.9899e-01 7.9899e-01 2.0101e-01 3.4815e-04
7.9397e-01 7.9397e-01 2.0603e-01 1.1631e-04 -1.0254e-03 -4.9277e+00 4.0548e-02 2.7473e+02 3.0907e+01 5.7610e-01 -4.4132e+00 6.7570e+00 -2.2375e-01 -2.0003e-02 6.5721e+00 2.3634e-02 6.6178e+00 6.6490e+00 7.9397e-01 7.9397e-01 2.0603e-01 3.5685e-04
7.8894e-01 7.8894e-01 2.1106e-01 1.1618e-04 -7.4367e-02 -4.8853e+00 3.6416e-02 2.7473e+02 3.0921e+01 4.9267e-01 -4.3764e+00 6.7469e+00 -2.2092e-01 -1.9704e-02 6.5667e+00 2.2886e-02 6.6105e+00 6.6414e+00 7.8894e-01 7.8894e-01 2.1106e-01 3.6556e-04
7.8392e-01 7.8392e-01 2.1608e-01 1.1606e-04 -1.3983e-01 -4.8393e+00 3.0671e-02 2.7472e+02 3.0882e+01 4.1460e-01 -4.3247e+00 6.7370e+00 -2.1824e-01 -1.9432e-02 6.5615e+00 2.2157e-02 6.6033e+00 6.6339e+00 7.8392e-01 7.8392e-01 2.1608e-01 3.7426e-04
7.7889e-01 7.7889e-01 2.2111e-01 1.1593e-04 -2.0525e-01 -4.7919e+00 2.4090e-02 2.7471e+02 3.0819e+01 3.4329e-01 -4.2656e+00 6.7272e+00 -2.1556e-01 -1.9180e-02 6.5565e+00 2.1443e-02 6.5963e+00 6.6266e+00 7.7889e-01 7.7889e-01 2.2111e-01 3.8297e-04
7.7387e-01 7.7387e-01 2.2613e-01 1.1581e-04 -2.6960e-01 -4.7431e+00 1.6581e-02 2.7470e+02 3.0729e+01 2.8010e-01 -4.1982e+00 6.7176e+00 -2.1291e-01 -1.8948e-02 6.5515e+00 2.0746e-02 6.5894e+00 6.6195e+00 7.7387e-01 7.7387e-01 2.2613e-01 3.9167e-04
7.6884e-01 7.6884e-01 2.3116e-01 1.1570e-04 -3.2726e-01 -4.6911e+00 7.5099e-03 2.7468e+02 3.0590e+01 2.2997e-01 -4.1164e+00 6.7081e+00 -2.1037e-01 -1.8726e-02 6.5467e+00 2.0068e-02 6.5827e+00 6.6125e+00 7.6884e-01 7.6884e-01 2.3116e-01 4.0037e-04
7.6382e-01 7.6382e-01 2.3618e-01 1.1559e-04 -3.8661e-01 -4.6383e+00 -2.3619e-03 2.7466e+02 3.0431e+01 1.9387e-01 -4.0273e+00 6.6987e+00 -2.0779e-01 -1.8520e-02 6.5421e+00 1.9409e-02 6.5762e+00 6.6056e+00 7.6382e-01 7.6382e-01 2.3618e-01 4.0908e-04
7.5879e-01 7.5879e-01 2.4121e-01 1.1548e-04 -4.4390e-01 -4.5840e+00 -1.3334e-02 2.7464e+02 3.0240e+01 1.7428e-01 -3.9278e+00 6.6894e+00 -2.0525e-01 -1.8321e-02 6.5375e+00 1.8769e-02 6.5697e+00 6.5989e+00 7.5879e-01 7.5879e-01 2.4121e-01 4.1778e-04
7.5377e-01 7.5377e-01 2.4623e-01 1.1537e-04 -4.9712e-01 -4.5276e+00 -2.5681e-02 2.7461e+02 3.0008e+01 1.7668e-01 -3.8150e+00 6.6802e+00 -2.0275e-01 -1.8123e-02 6.5331e+00 1.8150e-02 6.5635e+00 6.5922e+00 7.5377e-01 7.5377e-01 2.4623e-01 4.2648e-04
7.4874e-01 7.4874e-01 2.5126e-01 1.1529e-04 -5.9291e-01 -4.5018e+00 -5.9508e-02 2.7453e+02 2.9746e+01 4.6342e-01 -3.4756e+00 6.6706e+00 -1.9887e-01 -1.8004e-02 6.5286e+00 1.7808e-02 6.5579e+00 6.5857e+00 7.4874e-01 7.4874e-01 2.5126e-01 4.3519e-04
7.4372e-01 7.4372e-01 2.5628e-01 1.1517e-04 -6.4288e-01 -4.4256e+00 -5.2968e-02 2.7452e+02 2.9287e+01 3.3691e-01 -3.3589e+00 6.6594e+00 -1.9631e-01 -1.7330e-02 6.5243e+00 1.7049e-02 6.5509e+00 6.5782e+00 7.4372e-01 7.4372e-01 2.5628e-01 4.4389e-04
7.3869e-01 7.3869e-01 2.6131e-01 1.1504e-04 -6.9936e-01 -4.3499e+00 -4.8002e-02 2.7450e+02 2.8877e+01 2.2407e-01 -3.2320e+00 6.6484e+00 -1.9365e-01 -1.6669e-02 6.5201e+00 1.6318e-02 6.5440e+00 6.5708e+00 7.3869e-01 7.3869e-01 2.6131e-01 4.5260e-04
7.3367e-01 7.3367e-01 2.6633e-01 1.1493e-04 -7.6356e-01 -4.2751e+00 -4.4471e-02 2.7448e+02 2.8514e+01 1.2539e-01 -3.0960e+00 6.6376e+00 -1.9085e-01 -1.6021e-02 6.5159e+00 1.5616e-02 6.5373e+00 6.5636e+00 7.3367e-01 7.3367e-01 2.6633e-01 4.6130e-04
7.2864e-01 7.2864e-01 2.7136e-01 1.1481e-04 -8.3240e-01 -4.2000e+00 -4.1977e-02 2.7446e+02 2.8193e+01 3.6143e-02 -2.9559e+00 6.6271e+00 -1.8798e-01 -1.5389e-02 6.5117e+00 1.4936e-02 6.5308e+00 6.5566e+00 7.2864e-01 7.2864e-01 2.7136e-01 4.7000e-04
7.2362e-01 7.2362e-01 2.7638e-01 1.1470e-04 -9.0566e-01 -4.1248e+00 -4.0205e-02 2.7444e+02 2.7904e+01 -4.5618e-02 -2.8141e+00 6.6169e+00 -1.8501e-01 -1.4770e-02 6.5076e+00 1.4274e-02 6.5244e+00 6.5496e+00 7.2362e-01 7.2362e-01 2.7638e-01 4.7871e-04
7.1859e-01 7.1859e-01 2.8141e-01 1.1459e-04 -9.8375e-01 -4.0495e+00 -3.9044e-02 2.7441e+02 2.7645e+01 -1.1988e-01 -2.6712e+00 6.6069e+00 -1.8196e-01 -1.4165e-02 6.5035e+00 1.3630e-02 6.5182e+00 6.5429e+00 7.1859e-01 7.1859e-01 2.8141e-01 4.8741e-04
7.1357e-01 7.1357e-01 2.8643e-01 1.1449e-04 -1.0638e+00 -3.9729e+00 -3.8169e-02 2.7438e+02 2.7413e+01 -1.9172e-01 -2.5325e+00 6.5971e+00 -1.7887e-01 -1.3578e-02 6.4995e+00 1.3000e-02 6.5121e+00 6.5362e+00 7.1357e-01 7.1357e-01 2.8643e-01 4.9612e-04
7.0854e-01 7.0854e-01 2.9146e-01 1.1439e-04 -1.1468e+00 -3.8957e+00 -3.7502e-02 2.7435e+02 2.7202e+01 -2.6022e-01 -2.3967e+00 6.5875e+00 -1.7571e-01 -1.3004e-02 6.4955e+00 1.2382e-02 6.5061e+00 6.5297e+00 7.0854e-01 7.0854e-01 2.9146e-01 5.0482e-04
7.0352e-01 7.0352e-01 2.9648e-01 1.1429e-04 -1.2323e+00 -3.8177e+00 -3.6923e-02 2.7432e+02 2.7009e+01 -3.2670e-01 -2.2651e+00 6.5782e+00 -1.7250e-01 -1.2444e-02 6.4914e+00 1.1775e-02 6.5002e+00 6.5233e+00 7.0352e-01 7.0352e-01 2.9648e-01 5.1352e-04
6.9849e-01 6.9849e-01 3.0151e-01 1.1419e-04 -1.3175e+00 -3.7377e+00 -3.6139e-02 2.7429e+02 2.6827e+01 -3.9629e-01 -2.1418e+00 6.5690e+00 -1.6928e-01 -1.1900e-02 6.4874e+00 1.1176e-02 6.4945e+00 6.5170e+00 6.9849e-01 6.9849e-01 3.0151e-01 5.2223e-04
6.9347e-01 6.9347e-01 3.0653e-01 1.1410e-04 -1.4048e+00 -3.6569e+00 -3.5294e-02 2.7426e+02 2.6659e+01 -4.6524e-01 -2.0239e+00 6.5601e+00 -1.6600e-01 -1.1368e-02 6.4834e+00 1.0588e-02 6.4888e+00 6.5108e+00 6.9347e-01 6.9347e-01 3.0653e-01 5.3093e-04
6.8844e-01 6.8844e-01 3.1156e-01 1.1400e-04 -1.4923e+00 -3.5745e+00 -3.4225e-02 2.7422e+02 2.6499e+01 -5.3681e-01 -1.9131e+00 6.5514e+00 -1.6271e-01 -1.0849e-02 6.4794e+00 1.0007e-02 6.4832e+00 6.5047e+00 6.8844e-01 6.8844e-01 3.1156e-01 5.3963e-04
6.8342e-01 6.8342e-01 3.1658e-01 1.1391e-04 -1.5783e+00 -3.4899e+00 -3.2794e-02 2.7419e+02 2.6342e+01 -6.1406e-01 -1.8110e+00 6.5429e+00 -1.5942e-01 -1.0343e-02 6.4754e+00 9.4316e-03 6.4778e+00 6.4987e+00 6.8342e-01 6.8342e-01 3.1658e-01 5.4834e-04
6.7839e-01 6.7839e-01 3.2161e-01 1.1382e-04 -1.6658e+00 -3.4043e+00 -3.1202e-02 2.7416e+02 2.6194e+01 -6.9233e-01 -1.7152e+00 6.5346e+00 -1.5609e-01 -9.8497e-03 6.4715e+00 8.8673e-03 6.4724e+00 6.4928e+00 6.7839e-01 6.7839e-01 3.2161e-01 5.5704e-04
6.7337e-01 6.7337e-01 3.2663e-01 1.1373e-04 -1.7516e+00 -3.3166e+00 -2.9271e-02 2.7412e+02 2.6046e+01 -7.7645e-01 -1.6272e+00 6.5264e+00 -1.5276e-01 -9.3679e-03 6.4674e+00 8.3093e-03 6.4671e+00 6.4870e+00 6.7337e-01 6.7337e-01 3.2663e-01 5.6575e-04
6.6834e-01 6.6834e-01 3.3166e-01 1.1365e-04 -1.8358e+00 -3.2270e+00 -2.7052e-02 2.7409e+02 2.5898e+01 -8.6609e-01 -1.5463e+00 6.5185e+00 -1.4944e-01 -8.8967e-03 6.4634e+00 7.7585e-03 6.4618e+00 6.4812e+00 6.6834e-01 6.6834e-01 3.3166e-01 5.7445e-04
6.6332e-01 6.6332e-01 3.3668e-01 1.1356e-04 -1.9207e+00 -3.1363e+00 -2.4722e-02 2.7406e+02 2.5755e+01 -9.5727e-01 -1.4704e+00 6.5107e+00 -1.4608e-01 -8.4381e-03 6.4594e+00 7.2195e-03 6.4567e+00 6.4756e+00 6.6332e-01 6.6332e-01 3.3668e-01 5.8315e-04
6.5829e-01 6.5829e-01 3.4171e-01 1.1347e-04 -2.0029e+00 -3.0433e+00 -2.2125e-02 2.7403e+02 2.5609e+01 -1.0553e+00 -1.4014e+00 6.5031e+00 -1.4275e-01 -7.9904e-03 6.4554e+00 6.6891e-03 6.4516e+00 6.4700e+00 6.5829e-01 6.5829e-01 3.4171e-01 5.9186e-04
6.5327e-01 6.5327e-01 3.4673e-01 1.1339e-04 -2.0839e+00 -2.9488e+00 -1.9450e-02 2.7400e+02 2.5463e+01 -1.1563e+00 -1.3366e+00 6.4957e+00 -1.3941e-01 -7.5535e-03 6.4513e+00 6.1695e-03 6.4466e+00 6.4645e+00 6.5327e-01 6.5327e-01 3.4673e-01 6.0056e-04
6.4824e-01 6.4824e-01 3.5176e-01 1.1331e-04 -2.1652e+00 -2.8534e+00 -1.6814e-02 2.7397e+02 2.5322e+01 -1.2578e+00 -1.2746e+00 6.4884e+00 -1.3605e-01 -7.1285e-03 6.4473e+00 5.6632e-03 6.4416e+00 6.4591e+00 6.4824e-01 6.4824e-01 3.5176e-01 6.0926e-04
6.4322e-01 6.4322e-01 3.5678e-01 1.1323e-04 -2.2431e+00 -2.7558e+00 -1.4148e-02 2.7394e+02 2.5177e+01 -1.3642e+00 -1.2169e+00 6.4813e+00 -1.3270e-01 -6.7156e-03 6.4432e+00 5.1704e-03 6.4368e+00 6.4538e+00 6.4322e-01 6.4322e-01 3.5678e-01 6.1797e-04
6.3819e-01 6.3819e-01 3.6181e-01 1.1315e-04 -2.3210e+00 -2.6575e+00 -1.1672e-02 2.7391e+02 2.5036e+01 -1.4691e+00 -1.1601e+00 6.4744e+00 -1.2934e-01 -6.3152e-03 6.4392e+00 4.6932e-03 6.4320e+00 6.4485e+00 6.3819e-01 6.3819e-01 3.6181e-01 6.2667e-04
6.3317e-01 6.3317e-01 3.6683e-01 1.1307e-04 -2.3987e+00 -2.5585e+00 -9.4296e-03 2.7388e+02 2.4900e+01 -1.5719e+00 -1.1040e+00 6.4676e+00 -1.2594e-01 -5.9277e-03 6.4351e+00 4.2322e-03 6.4272e+00 6.4433e+00 6.3317e-01 6.3317e-01 3.6683e-01 6.3538e-04
6.2814e-01 6.2814e-01 3.7186e-01 1.1299e-04 -2.4737e+00 -2.4582e+00 -7.4895e-03 2.7385e+02 2.4765e+01 -1.6732e+00 -1.0482e+00 6.4610e+00 -1.2256e-01 -5.5546e-03 6.4310e+00 3.7904e-03 6.4226e+00 6.4382e+00 6.2814e-01 6.2814e-01 3.7186e-01 6.4408e-04
6.2312e-01 6.2312e-01 3.7688e-01 1.1292e-04 -2.5925e+00 -2.3639e+00 -5.7891e-03 2.7381e+02 2.4835e+01 -1.7101e+00 -1.0068e+00 6.4544e+00 -1.1816e-01 -5.1714e-03 6.4270e+00 3.3691e-03 6.4182e+00 6.4332e+00 6.2312e-01 6.2312e-01 3.7688e-01 6.5278e-04
6.1809e-01 6.1809e-01 3.8191e-01 1.1284e-04 -2.6620e+00 -2.2555e+00 -4.5654e-03 2.7378e+02 2.4662e+01 -1.8475e+00 -9.3130e-01 6.4475e+00 -1.1504e-01 -4.7741e-03 6.4228e+00 2.9674e-03 6.4135e+00 6.4279e+00 6.1809e-01 6.1809e-01 3.8191e-01 6.6149e-04
6.1307e-01 6.1307e-01 3.8693e-01 1.1276e-04 -2.7296e+00 -2.1499e+00 -4.0194e-03 2.7376e+02 2.4474e+01 -1.9514e+00 -8.5531e-01 6.4409e+00 -1.1193e-01 -4.4102e-03 6.4186e+00 2.5990e-03 6.4090e+00 6.4228e+00 6.1307e-01 6.1307e-01 3.8693e-01 6.7019e-04
6.0804e-01 6.0804e-01 3.9196e-01 1.1268e-04 -2.7969e+00 -2.0471e+00 -3.9874e-03 2.7373e+02 2.4278e+01 -2.0252e+00 -7.8017e-01 6.4344e+00 -1.0880e-01 -4.0765e-03 6.4144e+00 2.2611e-03 6.4045e+00 6.4178e+00 6.0804e-01 6.0804e-01 3.9196e-01 6.7889e-04
6.0302e-01 6.0302e-01 3.9698e-01 1.1261e-04 -2.8626e+00 -1.9461e+00 -4.2535e-03 2.7370e+02 2.4071e+01 -2.0766e+00 -7.0695e-01 6.4283e+00 -1.0567e-01 -3.7692e-03 6.4103e+00 1.9460e-03 6.4002e+00 6.4129e+00 6.0302e-01 6.0302e-01 3.9698e-01 6.8760e-04
5.9799e-01 5.9799e-01 4.0201e-01 1.1254e-04 -2.9265e+00 -1.8463e+00 -4.6750e-03 2.7367e+02 2.3855e+01 -2.1110e+00 -6.3659e-01 6.4223e+00 -1.0256e-01 -3.4849e-03 6.4062e+00 1.6501e-03 6.3959e+00 6.4081e+00 5.9799e-01 5.9799e-01 4.0201e-01 6.9630e-04
5.9296e-01 5.9296e-01 4.0704e-01 1.1247e-04 -2.9901e+00 -1.7480e+00 -5.1864e-03 2.7364e+02 2.3635e+01 -2.1287e+00 -5.6982e-01 6.4165e+00 -9.9438e-02 -3.2230e-03 6.4021e+00 1.3734e-03 6.3918e+00 6.4035e+00 5.9296e-01 5.9296e-01 4.0704e-01 7.0501e-04
5.8794e-01 5.8794e-01 4.1206e-01 1.1240e-04 -3.0515e+00 -1.6501e+00 -5.6445e-03 2.7361e+02 2.3408e+01 -2.1378e+00 -5.0746e-01 6.4110e+00 -9.6335e-02 -2.9808e-03 6.3979e+00 1.1113e-03 6.3877e+00 6.3989e+00 5.8794e-01 5.8794e-01 4.1206e-01 7.1371e-04
5.8291e-01 5.8291e-01 4.1709e-01 1.1233e-04 -3.1117e+00 -1.5523e+00 -6.0058e-03 2.7357e+02 2.3179e+01 -2.1416e+00 -4.4941e-01 6.4056e+00 -9.3238e-02 -2.7543e-03 6.3937e+00 8.6168e-04 6.3837e+00 6.3944e+00 5.8291e-01 5.8291e-01 4.1709e-01 7.2241e-04
5.7789e-01 5.7789e-01 4.2211e-01 1.1227e-04 -3.1714e+00 -1.4549e+00 -6.2528e-03 2.7354e+02 2.2950e+01 -2.1405e+00 -3.9578e-01 6.4005e+00 -9.0132e-02 -2.5427e-03 6.3895e+00 6.2461e-04 6.3798e+00 6.3900e+00 5.7789e-01 5.7789e-01 4.2211e-01 7.3112e-04
5.7286e-01 5.7286e-01 4.2714e-01 1.1221e-04 -3.2287e+00 -1.3566e+00 -6.2692e-03 2.7351e+02 2.2720e+01 -2.1438e+00 -3.4775e-01 6.3955e+00 -8.7057e-02 -2.3448e-03 6.3853e+00 3.9873e-04 6.3760e+00 6.3856e+00 5.7286e-01 5.7286e-01 4.2714e-01 7.3982e-04
5.6784e-01 5.6784e-01 4.3216e-01 1.1214e-04 -3.2852e+00 -1.2580e+00 -6.1247e-03 2.7349e+02 2.2494e+01 -2.1496e+00 -3.0409e-01 6.3908e+00 -8.3981e-02 -2.1573e-03 6.3810e+00 1.8359e-04 6.3722e+00 6.3813e+00 5.6784e-01 5.6784e-01 4.3216e-01 7.4852e-04
5.6281e-01 5.6281e-01 4.3719e-01 1.1208e-04 -3.3412e+00 -1.1589e+00 -5.8181e-03 2.7346e+02 2.2274e+01 -2.1597e+00 -2.6469e-01 6.3861e+00 -8.0904e-02 -1.9794e-03 6.3766e+00 -2.0867e-05 6.3685e+00 6.3771e+00 5.6281e-01 5.6281e-01 4.3719e-01 7.5723e-04
5.5779e-01 5.5779e-01 4.4221e-01 1.1202e-04 -3.3949e+00 -1.0583e+00 -5.2969e-03 2.7343e+02 2.2059e+01 -2.1842e+00 -2.3023e-01 6.3817e+00 -7.7857e-02 -1.8089e-03 6.3722e+00 -2.1399e-04 6.3648e+00 6.3729e+00 5.5779e-01 5.5779e-01 4.4221e-01 7.6593e-04
5.5276e-01 5.5276e-01 4.4724e-01 1.1195e-04 -3.4484e+00 -9.5697e-01 -4.6683e-03 2.7341e+02 2.1856e+01 -2.2165e+00 -1.9948e-01 6.3774e+00 -7.4802e-02 -1.6458e-03 6.3677e+00 -3.9436e-04 6.3612e+00 6.3688e+00 5.5276e-01 5.5276e-01 4.4724e-01 7.7464e-04
5.4774e-01 5.4774e-01 4.5226e-01 1.1189e-04 -3.5011e+00 -8.5461e-01 -3.9449e-03 2.7338e+02 2.1663e+01 -2.2610e+00 -1.7211e-01 6.3733e+00 -7.1755e-02 -1.4881e-03 6.3632e+00 -5.6240e-04 6.3577e+00 6.3647e+00 5.4774e-01 5.4774e-01 4.5226e-01 7.8334e-04
5.4271e-01 5.4271e-01 4.5729e-01 1.1183e-04 -3.5522e+00 -7.5061e-01 -3.1597e-03 2.7336e+02 2.1484e+01 -2.3239e+00 -1.4783e-01 6.3692e+00 -6.8730e-02 -1.3333e-03 6.3586e+00 -7.1659e-04 6.3541e+00 6.3607e+00 5.4271e-01 5.4271e-01 4.5729e-01 7.9204e-04
5.3769e-01 5.3769e-01 4.6231e-01 1.1177e-04 -3.6037e+00 -6.4601e-01 -2.4144e-03 2.7334e+02 2.1322e+01 -2.3983e+00 -1.2600e-01 6.3654e+00 -6.5691e-02 -1.1842e-03 6.3540e+00 -8.5315e-04 6.3507e+00 6.3567e+00 5.3769e-01 5.3769e-01 4.6231e-01 8.0075e-04
5.3266e-01 5.3266e-01 4.6734e-01 1.1171e-04 -3.6541e+00 -5.4007e-01 -1.7392e-03 2.7332e+02 2.1179e+01 -2.4907e+00 -1.0592e-01 6.3616e+00 -6.2666e-02 -1.0369e-03 6.3493e+00 -9.7328e-04 6.3472e+00 6.3527e+00 5.3266e-01 5.3266e-01 4.6734e-01 8.0945e-04
5.2764e-01 5.2764e-01 4.7236e-01 1.1164e-04 -3.7039e+00 -4.3292e-01 -1.2108e-03 2.7330e+02 2.1056e+01 -2.6013e+00 -8.6913e-02 6.3580e+00 -5.9651e-02 -8.9081e-04 6.3445e+00 -1.0751e-03 6.3438e+00 6.3488e+00 5.2764e-01 5.2764e-01 4.7236e-01 8.1815e-04
5.2261e-01 5.2261e-01 4.7739e-01 1.1158e-04 -3.7543e+00 -3.2546e-01 -9.3578e-04 2.7329e+02 2.0957e+01 -2.7245e+00 -6.8365e-02 6.3544e+00 -5.6618e-02 -7.4896e-04 6.3397e+00 -1.1543e-03 6.3405e+00 6.3449e+00 5.2261e-01 5.2261e-01 4.7739e-01 8.2686e-04
5.1759e-01 5.1759e-01 4.8241e-01 1.1152e-04 -3.8041e+00 -2.1687e-01 -9.7467e-04 2.7327e+02 2.0885e+01 -2.8683e+00 -4.9502e-02 6.3510e+00 -5.3600e-02 -6.0680e-04 6.3349e+00 -1.2104e-03 6.3372e+00 6.3410e+00 5.1759e-01 5.1759e-01 4.8241e-01 8.3556e-04
5.1256e-01 5.1256e-01 4.8744e-01 1.1146e-04 -3.8540e+00 -1.0790e-01 -1.3967e-03 2.7326e+02 2.0841e+01 -3.0270e+00 -2.9629e-02 6.3476e+00 -5.0578e-02 -4.6584e-04 6.3300e+00 -1.2428e-03 6.3339e+00 6.3372e+00 5.1256e-01 5.1256e-01 4.8744e-01 8.4427e-04
5.0754e-01 5.0754e-01 4.9246e-01 1.1140e-04 -3.9049e+00 8.4615e-04 -2.2770e-03 2.7325e+02 2.0826e+01 -3.1964e+00 -8.1955e-03 6.3444e+00 -4.7535e-02 -3.2834e-04 6.3251e+00 -1.2494e-03 6.3307e+00 6.3334e+00 5.0754e-01 5.0754e-01 4.9246e-01 8.5297e-04
5.0251e-01 5.0251e-01 4.9749e-01 1.1134e-04 -3.9556e+00 1.0991e-01 -3.7869e-03 2.7324e+02 2.0849e+01 -3.3857e+00 1.6066e-02 6.3412e+00 -4.4503e-02 -1.8960e-04 6.3202e+00 -1.2245e-03 6.3275e+00 6.3296e+00 5.0251e-01 5.0251e-01 4.9749e-01 8.6167e-04
4.9749e-01 4.9749e-01 5.0251e-01 1.1128e-04 -4.0375e+00 2.0264e-01 -5.9135e-03 2.7322e+02 2.1180e+01 -3.5011e+00 4.4303e-02 6.3382e+00 -4.0737e-02 -4.8041e-05 6.3159e+00 -1.1851e-03 6.3246e+00 6.3262e+00 4.9749e-01 4.9749e-01 5.0251e-01 8.7038e-04
4.9246e-01 4.9246e-01 5.0754e-01 1.1122e-04 -4.0716e+00 3.0984e-01 -8.3799e-03 2.7321e+02 2.1101e+01 -3.6932e+00 6.9614e-02 6.3352e+00 -3.8261e-02 5.3407e-05 6.3110e+00 -1.1142e-03 6.3215e+00 6.3226e+00 4.9246e-01 4.9246e-01 5.0754e-01 8.7908e-04
4.8744e-01 4.8744e-01 5.1256e-01 1.1116e-04 -4.1002e+00 4.0999e-01 -1.0912e-02 2.7320e+02 2.0985e+01 -3.8270e+00 9.2739e-02 6.3325e+00 -3.5893e-02 1.1793e-04 6.3063e+00 -1.0250e-03 6.3186e+00 6.3191e+00 4.8744e-01 4.8744e-01 5.1256e-01 8.8778e-04
4.8241e-01 4.8241e-01 5.1759e-01 1.1111e-04 -4.1257e+00 5.0479e-01 -1.3444e-02 2.7318e+02 2.0848e+01 -3.9195e+00 1.1341e-01 6.3299e+00 -3.3585e-02 1.5545e-04 6.3016e+00 -9.2150e-04 6.3157e+00 6.3157e+00 4.8241e-01 4.8241e-01 5.1759e-01 8.9649e-04
4.7739e-01 4.7739e-01 5.2261e-01 1.1106e-04 -4.1475e+00 5.9463e-01 -1.5852e-02 2.7317e+02 2.0686e+01 -3.9740e+00 1.3077e-01 6.3275e+00 -3.1352e-02 1.6762e-04 6.2970e+00 -8.0703e-04 6.3130e+00 6.3125e+00 4.7739e-01 4.7739e-01 5.2261e-01 9.0519e-04
4.7236e-01 4.7236e-01 5.2764e-01 1.1101e-04 -4.1645e+00 6.7973e-01 -1.8031e-02 2.7315e+02 2.0496e+01 -3.9933e+00 1.4394e-01 6.3253e+00 -2.9218e-02 1.5513e-04 6.2925e+00 -6.8341e-04 6.3103e+00 6.3093e+00 4.7236e-01 4.7236e-01 5.2764e-01 9.1390e-04
4.6734e-01 4.6734e-01 5.3266e-01 1.1097e-04 -4.1786e+00 7.6039e-01 -1.9946e-02 2.7313e+02 2.0289e+01 -3.9826e+00 1.5242e-01 6.3232e+00 -2.7147e-02 1.2120e-04 6.2880e+00 -5.5109e-04 6.3077e+00 6.3063e+00 4.6734e-01 4.6734e-01 5.3266e-01 9.2260e-04
4.6231e-01 4.6231e-01 5.3769e-01 1.1093e-04 -4.1887e+00 8.3740e-01 -2.1540e-02 2.7310e+02 2.0060e+01 -3.9480e+00 1.5614e-01 6.3213e+00 -2.5162e-02 6.9061e-05 6.2836e+00 -4.1290e-04 6.3051e+00 6.3034e+00 4.6231e-01 4.6231e-01 5.3769e-01 9.3130e-04
4.5729e-01 4.5729e-01 5.4271e-01 1.1089e-04 -4.1948e+00 9.1119e-01 -2.2798e-02 2.7308e+02 1.9813e+01 -3.8946e+00 1.5503e-01 6.3196e+00 -2.3264e-02 1.3771e-06 6.2793e+00 -2.6939e-04 6.3027e+00 6.3005e+00 4.5729e-01 4.5729e-01 5.4271e-01 9.4001e-04
4.5226e-01 4.5226e-01 5.4774e-01 1.1085e-04 -4.1983e+00 9.8160e-01 -2.3673e-02 2.7306e+02 1.9553e+01 -3.8233e+00 1.4838e-01 6.3180e+00 -2.1427e-02 -8.1082e-05 6.2750e+00 -1.2041e-04 6.3003e+00 6.2977e+00 4.5226e-01 4.5226e-01 5.4774e-01 9.4871e-04
4.4724e-01 4.4724e-01 5.5276e-01 1.1081e-04 -4.1976e+00 1.0493e+00 -2.4173e-02 2.7303e+02 1.9278e+01 -3.7404e+00 1.3661e-01 6.3165e+00 -1.9684e-02 -1.7548e-04 6.2707e+00 3.3323e-05 6.2979e+00 6.2950e+00 4.4724e-01 4.4724e-01 5.5276e-01 9.5742e-04
4.4221e-01 4.4221e-01 5.5779e-01 1.1077e-04 -4.1940e+00 1.1148e+00 -2.4342e-02 2.7301e+02 1.8992e+01 -3.6498e+00 1.2017e-01 6.3152e+00 -1.8013e-02 -2.7910e-04 6.2665e+00 1.9191e-04 6.2956e+00 6.2924e+00 4.4221e-01 4.4221e-01 5.5779e-01 9.6612e-04
4.3719e-01 4.3719e-01 5.6281e-01 1.1074e-04 -4.1883e+00 1.1779e+00 -2.4167e-02 2.7298e+02 1.8701e+01 -3.5522e+00 9.8829e-02 6.3139e+00 -1.6396e-02 -3.9129e-04 6.2622e+00 3.5532e-04 6.2934e+00 6.2898e+00 4.3719e-01 4.3719e-01 5.6281e-01 9.7482e-04
4.3216e-01 4.3216e-01 5.6784e-01 1.1070e-04 -4.1785e+00 1.2389e+00 -2.3684e-02 2.7296e+02 1.8401e+01 -3.4538e+00 7.2939e-02 6.3128e+00 -1.4876e-02 -5.1018e-04 6.2580e+00 5.2573e-04 6.2912e+00 6.2873e+00 4.3216e-01 4.3216e-01 5.6784e-01 9.8353e-04
4.2714e-01 4.2714e-01 5.7286e-01 1.1067e-04 -4.1669e+00 1.2982e+00 -2.2958e-02 2.7294e+02 1.8100e+01 -3.3550e+00 4.3226e-02 6.3118e+00 -1.3410e-02 -6.3414e-04 6.2539e+00 7.0246e-04 6.2890e+00 6.2849e+00 4.2714e-01 4.2714e-01 5.7286e-01 9.9223e-04
4.2211e-01 4.2211e-01 5.7789e-01 1.1064e-04 -4.1534e+00 1.3557e+00 -2.2013e-02 2.7291e+02 1.7800e+01 -3.2569e+00 9.9266e-03 6.3108e+00 -1.1992e-02 -7.6258e-04 6.2497e+00 8.8590e-04 6.2869e+00 6.2825e+00 4.2211e-01 4.2211e-01 5.7789e-01 1.0009e-03
4.1709e-01 4.1709e-01 5.8291e-01 1.1060e-04 -4.1369e+00 1.4117e+00 -2.0958e-02 2.7289e+02 1.7501e+01 -3.1667e+00 -2.6068e-02 6.3100e+00 -1.0662e-02 -8.9358e-04 6.2456e+00 1.0805e-03 6.2848e+00 6.2801e+00 4.1709e-01 4.1709e-01 5.8291e-01 1.0096e-03
4.1206e-01 4.1206e-01 5.8794e-01 1.1057e-04 -4.1193e+00 1.4660e+00 -1.9801e-02 2.7287e+02 1.7211e+01 -3.0803e+00 -6.4634e-02 6.3092e+00 -9.3669e-03 -1.0278e-03 6.2415e+00 1.2844e-03 6.2827e+00 6.2778e+00 4.1206e-01 4.1206e-01 5.8794e-01 1.0183e-03
4.0704e-01 4.0704e-01 5.9296e-01 1.1054e-04 -4.1003e+00 1.5189e+00 -1.8631e-02 2.7285e+02 1.6928e+01 -3.0006e+00 -1.0481e-01 6.3085e+00 -8.1189e-03 -1.1641e-03 6.2374e+00 1.4991e-03 6.2807e+00 6.2755e+00 4.0704e-01 4.0704e-01 5.9296e-01 1.0270e-03
4.0201e-01 4.0201e-01 5.9799e-01 1.1051e-04 -4.0796e+00 1.5703e+00 -1.7600e-02 2.7283e+02 1.6657e+01 -2.9323e+00 -1.4524e-01 6.3078e+00 -6.9309e-03 -1.3014e-03 6.2333e+00 1.7288e-03 6.2787e+00 6.2733e+00 4.0201e-01 4.0201e-01 5.9799e-01 1.0357e-03
3.9698e-01 3.9698e-01 6.0302e-01 1.1048e-04 -4.0587e+00 1.6199e+00 -1.6666e-02 2.7281e+02 1.6404e+01 -2.8703e+00 -1.8646e-01 6.3072e+00 -5.7646e-03 -1.4421e-03 6.2293e+00 1.9723e-03 6.2767e+00 6.2711e+00 3.9698e-01 3.9698e-01 6.0302e-01 1.0445e-03
3.9196e-01 3.9196e-01 6.0804e-01 1.1045e-04 -4.0370e+00 1.6679e+00 -1.5998e-02 2.7279e+02 1.6169e+01 -2.8188e+00 -2.2663e-01 6.3067e+00 -4.6369e-03 -1.5845e-03 6.2254e+00 2.2321e-03 6.2748e+00 6.2689e+00 3.9196e-01 3.9196e-01 6.0804e-01 1.0532e-03
3.8693e-01 3.8693e-01 6.1307e-01 1.1042e-04 -4.0149e+00 1.7143e+00 -1.5700e-02 2.7278e+02 1.5956e+01 -2.7783e+00 -2.6474e-01 6.3061e+00 -3.5422e-03 -1.7291e-03 6.2214e+00 2.5101e-03 6.2729e+00 6.2668e+00 3.8693e-01 3.8693e-01 6.1307e-01 1.0619e-03
3.8191e-01 3.8191e-01 6.1809e-01 1.1039e-04 -3.9937e+00 1.7583e+00 -1.5755e-02 2.7276e+02 1.5770e+01 -2.7441e+00 -3.0119e-01 6.3057e+00 -2.4509e-03 -1.8791e-03 6.2176e+00 2.8063e-03 6.2711e+00 6.2648e+00 3.8191e-01 3.8191e-01 6.1809e-01 1.0706e-03
3.7688e-01 3.7688e-01 6.2312e-01 1.1036e-04 -3.9726e+00 1.8004e+00 -1.6399e-02 2.7275e+02 1.5613e+01 -2.7214e+00 -3.3345e-01 6.3052e+00 -1.3840e-03 -2.0332e-03 6.2138e+00 3.1248e-03 6.2692e+00 6.2627e+00 3.7688e-01 3.7688e-01 6.2312e-01 1.0793e-03
3.7186e-01 3.7186e-01 6.2814e-01 1.1033e-04 -3.9702e+00 1.8268e+00 -1.6685e-02 2.7273e+02 1.5657e+01 -2.6339e+00 -3.5616e-01 6.3050e+00 5.6202e-05 -2.3264e-03 6.2108e+00 3.4024e-03 6.2677e+00 6.2612e+00 3.7186e-01 3.7186e-01 6.2814e-01 1.0880e-03
3.6683e-01 3.6683e-01 6.3317e-01 1.1030e-04 -3.9357e+00 1.8681e+00 -2.0843e-02 2.7273e+02 1.5438e+01 -2.6440e+00 -3.5453e-01 6.3044e+00 7.0899e-04 -2.4749e-03 6.2070e+00 3.7867e-03 6.2660e+00 6.2591e+00 3.6683e-01 3.6683e-01 6.3317e-01 1.0967e-03
3.6181e-01 3.6181e-01 6.3819e-01 1.1027e-04 -3.8996e+00 1.9043e+00 -2.4541e-02 2.7272e+02 1.5223e+01 -2.6361e+00 -3.5585e-01 6.3039e+00 1.3115e-03 -2.6396e-03 6.2035e+00 4.1634e-03 6.2642e+00 6.2572e+00 3.6181e-01 3.6181e-01 6.3819e-01 1.1054e-03
3.5678e-01 3.5678e-01 6.4322e-01 1.1024e-04 -3.8627e+00 1.9364e+00 -2.7850e-02 2.7271e+02 1.5012e+01 -2.6150e+00 -3.5998e-01 6.3034e+00 1.8862e-03 -2.8147e-03 6.2001e+00 4.5332e-03 6.2626e+00 6.2554e+00 3.5678e-01 3.5678e-01 6.4322e-01 1.1141e-03
3.5176e-01 3.5176e-01 6.4824e-01 1.1021e-04 -3.8251e+00 1.9648e+00 -3.0753e-02 2.7270e+02 1.4805e+01 -2.5823e+00 -3.6703e-01 6.3030e+00 2.4339e-03 -2.9990e-03 6.1967e+00 4.8953e-03 6.2610e+00 6.2536e+00 3.5176e-01 3.5176e-01 6.4824e-01 1.1228e-03
3.4673e-01 3.4673e-01 6.5327e-01 1.1019e-04 -3.7854e+00 1.9890e+00 -3.3181e-02 2.7270e+02 1.4598e+01 -2.5391e+00 -3.7724e-01 6.3027e+00 2.9215e-03 -3.1928e-03 6.1935e+00 5.2466e-03 6.2594e+00 6.2519e+00 3.4673e-01 3.4673e-01 6.5327e-01 1.1315e-03
3.4171e-01 3.4171e-01 6.5829e-01 1.1016e-04 -3.7449e+00 2.0099e+00 -3.5208e-02 2.7269e+02 1.4393e+01 -2.4878e+00 -3.9043e-01 6.3024e+00 3.3813e-03 -3.3921e-03 6.1905e+00 5.5891e-03 6.2579e+00 6.2502e+00 3.4171e-01 3.4171e-01 6.5829e-01 1.1402e-03
3.3668e-01 3.3668e-01 6.6332e-01 1.1013e-04 -3.7032e+00 2.0277e+00 -3.6849e-02 2.7268e+02 1.4188e+01 -2.4300e+00 -4.0636e-01 6.3021e+00 3.8026e-03 -3.5959e-03 6.1875e+00 5.9222e-03 6.2564e+00 6.2487e+00 3.3668e-01 3.3668e-01 6.6332e-01 1.1489e-03
3.3166e-01 3.3166e-01 6.6834e-01 1.1011e-04 -3.6594e+00 2.0424e+00 -3.8122e-02 2.7268e+02 1.3980e+01 -2.3680e+00 -4.2483e-01 6.3018e+00 4.1663e-03 -3.8026e-03 6.1846e+00 6.2455e-03 6.2550e+00 6.2472e+00 3.3166e-01 3.3166e-01 6.6834e-01 1.1576e-03
3.2663e-01 3.2663e-01 6.7337e-01 1.1009e-04 -3.6147e+00 2.0540e+00 -3.9011e-02 2.7267e+02 1.3773e+01 -2.3007e+00 -4.4620e-01 6.3016e+00 4.5000e-03 -4.0112e-03 6.1818e+00 6.5591e-03 6.2536e+00 6.2457e+00 3.2663e-01 3.2663e-01 6.7337e-01 1.1663e-03
3.2161e-01 3.2161e-01 6.7839e-01 1.1006e-04 -3.5683e+00 2.0631e+00 -3.9602e-02 2.7267e+02 1.3563e+01 -2.2312e+00 -4.6966e-01 6.3014e+00 4.7854e-03 -4.2199e-03 6.1791e+00 6.8640e-03 6.2523e+00 6.2443e+00 3.2161e-01 3.2161e-01 6.7839e-01 1.1750e-03
3.1658e-01 3.1658e-01 6.8342e-01 1.1004e-04 -3.5200e+00 2.0698e+00 -3.9944e-02 2.7266e+02 1.3349e+01 -2.1605e+00 -4.9485e-01 6.3012e+00 5.0195e-03 -4.4274e-03 6.1765e+00 7.1611e-03 6.2510e+00 6.2429e+00 3.1658e-01 3.1658e-01 6.8342e-01 1.1837e-03
3.1156e-01 3.1156e-01 6.8844e-01 1.1002e-04 -3.4708e+00 2.0737e+00 -3.9981e-02 2.7266e+02 1.3135e+01 -2.0866e+00 -5.2233e-01 6.3010e+00 5.2235e-03 -4.6334e-03 6.1740e+00 7.4489e-03 6.2497e+00 6.2416e+00 3.1156e-01 3.1156e-01 6.8844e-01 1.1924e-03
3.0653e-01 3.0653e-01 6.9347e-01 1.1000e-04 -3.4196e+00 2.0754e+00 -3.9839e-02 2.7266e+02 1.2916e+01 -2.0128e+00 -5.5094e-01 6.3008e+00 5.3721e-03 -4.8361e-03 6.1716e+00 7.7298e-03 6.2484e+00 6.2403e+00 3.0653e-01 3.0653e-01 6.9347e-01 1.2011e-03
3.0151e-01 3.0151e-01 6.9849e-01 1.0997e-04 -3.3670e+00 2.0748e+00 -3.9540e-02 2.7266e+02 1.2694e+01 -1.9385e+00 -5.8057e-01 6.3006e+00 5.4788e-03 -5.0351e-03 6.1693e+00 8.0042e-03 6.2472e+00 6.2390e+00 3.0151e-01 3.0151e-01 6.9849e-01 1.2098e-03
2.9648e-01 2.9648e-01 7.0352e-01 1.0995e-04 -3.3135e+00 2.0718e+00 -3.9058e-02 2.7265e+02 1.2472e+01 -1.8621e+00 -6.1142e-01 6.3003e+00 5.5578e-03 -5.2307e-03 6.1670e+00 8.2712e-03 6.2460e+00 6.2378e+00 2.9648e-01 2.9648e-01 7.0352e-01 1.2185e-03
2.9146e-01 2.9146e-01 7.0854e-01 1.0993e-04 -3.2579e+00 2.0665e+00 -3.8509e-02 2.7265e+02 1.2244e+01 -1.7864e+00 -6.4237e-01 6.3001e+00 5.5783e-03 -5.4202e-03 6.1649e+00 8.5323e-03 6.2448e+00 6.2366e+00 2.9146e-01 2.9146e-01 7.0854e-01 1.2272e-03
2.8643e-01 2.8643e-01 7.1357e-01 1.0991e-04 -3.2013e+00 2.0591e+00 -3.7868e-02 2.7265e+02 1.2016e+01 -1.7092e+00 -6.7366e-01 6.2998e+00 5.5693e-03 -5.6053e-03 6.1628e+00 8.7874e-03 6.2436e+00 6.2354e+00 2.8643e-01 2.8643e-01 7.1357e-01 1.2359e-03
2.8141e-01 2.8141e-01 7.1859e-01 1.0989e-04 -3.1441e+00 2.0494e+00 -3.7137e-02 2.7265e+02 1.1788e+01 -1.6299e+00 -7.0523e-01 6.2996e+00 5.5353e-03 -5.7860e-03 6.1608e+00 9.0361e-03 6.2425e+00 6.2343e+00 2.8141e-01 2.8141e-01 7.1859e-01 1.2446e-03
2.7638e-01 2.7638e-01 7.2362e-01 1.0987e-04 -3.0850e+00 2.0373e+00 -3.6424e-02 2.7265e+02 1.1556e+01 -1.5503e+00 -7.3589e-01 6.2993e+00 5.4491e-03 -5.9598e-03 6.1590e+00 9.2790e-03 6.2414e+00 6.2332e+00 2.7638e-01 2.7638e-01 7.2362e-01 1.2533e-03
2.7136e-01 2.7136e-01 7.2864e-01 1.0985e-04 -3.0257e+00 2.0228e+00 -3.5633e-02 2.7265e+02 1.1326e+01 -1.4674e+00 -7.6647e-01 6.2990e+00 5.3467e-03 -6.1295e-03 6.1572e+00 9.5145e-03 6.2403e+00 6.2321e+00 2.7136e-01 2.7136e-01 7.2864e-01 1.2620e-03
2.6633e-01 2.6633e-01 7.3367e-01 1.0984e-04 -2.9657e+00 2.0062e+00 -3.4806e-02 2.7265e+02 1.1098e+01 -1.3817e+00 -7.9650e-01 6.2986e+00 5.2217e-03 -6.2948e-03 6.1555e+00 9.7428e-03 6.2392e+00 6.2311e+00 2.6633e-01 2.6633e-01 7.3367e-01 1.2708e-03
2.6131e-01 2.6131e-01 7.3869e-01 1.0982e-04 -2.9048e+00 1.9871e+00 -3.3985e-02 2.7265e+02 1.0871e+01 -1.2938e+00 -8.2531e-01 6.2983e+00 5.0642e-03 -6.4546e-03 6.1539e+00 9.9632e-03 6.2381e+00 6.2301e+00 2.6131e-01 2.6131e-01 7.3869e-01 1.2795e-03
2.5628e-01 2.5628e-01 7.4372e-01 1.0980e-04 -2.8443e+00 1.9653e+00 -3.3042e-02 2.7266e+02 1.0651e+01 -1.2005e+00 -8.5388e-01 6.2979e+00 4.9038e-03 -6.6114e-03 6.1524e+00 1.0172e-02 6.2371e+00 6.2292e+00 2.5628e-01 2.5628e-01 7.4372e-01 1.2882e-03
2.5126e-01 2.5126e-01 7.4874e-01 1.0978e-04 -2.7836e+00 1.9412e+00 -3.2029e-02 2.7266e+02 1.0435e+01 -1.1035e+00 -8.8159e-01 6.2975e+00 4.7292e-03 -6.7648e-03 6.1510e+00 1.0370e-02 6.2361e+00 6.2282e+00 2.5126e-01 2.5126e-01 7.4874e-01 1.2969e-03
2.4623e-01 2.4623e-01 7.5377e-01 1.0978e-04 -2.7193e+00 1.9008e+00 -2.7406e-02 2.7265e+02 1.0244e+01 -9.5323e-01 -8.9747e-01 6.2971e+00 4.5521e-03 -7.0975e-03 6.1505e+00 1.0419e-02 6.2355e+00 6.2277e+00 2.4623e-01 2.4623e-01 7.5377e-01 1.3056e-03
2.4121e-01 2.4121e-01 7.5879e-01 1.0976e-04 -2.6463e+00 1.8792e+00 -2.8225e-02 2.7265e+02 9.9902e+00 -9.0954e-01 -8.9936e-01 6.2963e+00 4.0531e-03 -7.2297e-03 6.1492e+00 1.0623e-02 6.2345e+00 6.2266e+00 2.4121e-01 2.4121e-01 7.5879e-01 1.3143e-03
2.3618e-01 2.3618e-01 7.6382e-01 1.0974e-04 -2.5742e+00 1.8550e+00 -2.8662e-02 2.7265e+02 9.7475e+00 -8.5634e-01 -9.0463e-01 6.2955e+00 3.5879e-03 -7.3632e-03 6.1480e+00 1.0812e-02 6.2335e+00 6.2256e+00 2.3618e-01 2.3618e-01 7.6382e-01 1.3230e-03
2.3116e-01 2.3116e-01 7.6884e-01 1.0973e-04 -2.5030e+00 1.8288e+00 -2.8782e-02 2.7264e+02 9.5141e+00 -7.9496e-01 -9.1278e-01 6.2946e+00 3.1539e-03 -7.4960e-03 6.1469e+00 1.0988e-02 6.2325e+00 6.2247e+00 2.3116e-01 2.3116e-01 7.6884e-01 1.3317e-03
2.2613e-01 2.2613e-01 7.7387e-01 1.0971e-04 -2.4330e+00 1.8007e+00 -2.8567e-02 2.7264e+02 9.2906e+00 -7.2659e-01 -9.2374e-01 6.2938e+00 2.7538e-03 -7.6267e-03 6.1458e+00 1.1150e-02 6.2316e+00 6.2237e+00 2.2613e-01 2.2613e-01 7.7387e-01 1.3404e-03
2.2111e-01 2.2111e-01 7.7889e-01 1.0970e-04 -2.3636e+00 1.7703e+00 -2.8131e-02 2.7264e+02 9.0728e+00 -6.4792e-01 -9.3743e-01 6.2929e+00 2.3812e-03 -7.7550e-03 6.1449e+00 1.1301e-02 6.2307e+00 6.2228e+00 2.2111e-01 2.2111e-01 7.7889e-01 1.3491e-03
2.1608e-01 2.1608e-01 7.8392e-01 1.0968e-04 -2.2949e+00 1.7384e+00 -2.7498e-02 2.7264e+02 8.8604e+00 -5.6203e-01 -9.5321e-01 6.2920e+00 2.0344e-03 -7.8794e-03 6.1441e+00 1.1442e-02 6.2298e+00 6.2220e+00 2.1608e-01 2.1608e-01 7.8392e-01 1.3578e-03
2.1106e-01 2.1106e-01 7.8894e-01 1.0967e-04 -2.2271e+00 1.7050e+00 -2.6679e-02 2.7264e+02 8.6531e+00 -4.6942e-01 -9.7095e-01 6.2911e+00 1.7130e-03 -7.9993e-03 6.1433e+00 1.1573e-02 6.2290e+00 6.2211e+00 2.1106e-01 2.1106e-01 7.8894e-01 1.3665e-03
2.0603e-01 2.0603e-01 7.9397e-01 1.0965e-04 -2.1595e+00 1.6697e+00 -2.5800e-02 2.7264e+02 8.4466e+00 -3.6606e-01 -9.9045e-01 6.2902e+00 1.4129e-03 -8.1126e-03 6.1427e+00 1.1697e-02 6.2281e+00 6.2203e+00 2.0603e-01 2.0603e-01 7.9397e-01 1.3752e-03
2.0101e-01 2.0101e-01 7.9899e-01 1.0964e-04 -2.0927e+00 1.6332e+00 -2.4801e-02 2.7264e+02 8.2433e+00 -2.5621e-01 -1.0114e+00 6.2892e+00 1.1357e-03 -8.2191e-03 6.1421e+00 1.1813e-02 6.2273e+00 6.2196e+00 2.0101e-01 2.0101e-01 7.9899e-01 1.3839e-03
1.9598e-01 1.9598e-01 8.0402e-01 1.0963e-04 -2.0264e+00 1.5955e+00 -2.3741e-02 2.7263e+02 8.0413e+00 -1.3913e-01 -1.0336e+00 6.2882e+00 8.7818e-04 -8.3182e-03 6.1416e+00 1.1921e-02 6.2265e+00 6.2188e+00 1.9598e-01 1.9598e-01 8.0402e-01 1.3926e-03
1.9095e-01 1.9095e-01 8.0905e-01 1.0961e-04 -1.9603e+00 1.5565e+00 -2.2722e-02 2.7263e+02 7.8375e+00 -1.2783e-02 -1.0566e+00 6.2872e+00 6.3658e-04 -8.4078e-03 6.1412e+00 1.2026e-02 6.2257e+00 6.2181e+00 1.9095e-01 1.9095e-01 8.0905e-01 1.4013e-03
1.8593e-01 1.8593e-01 8.1407e-01 1.0960e-04 -1.8951e+00 1.5164e+00 -2.1621e-02 2.7263e+02 7.6357e+00 1.1983e-01 -1.0807e+00 6.2861e+00 4.1774e-04 -8.4877e-03 6.1409e+00 1.2122e-02 6.2250e+00 6.2173e+00 1.8593e-01 1.8593e-01 8.1407e-01 1.4100e-03
1.8090e-01 1.8090e-01 8.1910e-01 1.0959e-04 -1.8303e+00 1.4754e+00 -2.0549e-02 2.7263e+02 7.4325e+00 2.5977e-01 -1.1053e+00 6.2850e+00 2.1439e-04 -8.5575e-03 6.1407e+00 1.2214e-02 6.2242e+00 6.2166e+00 1.8090e-01 1.8090e-01 8.1910e-01 1.4187e-03
1.7588e-01 1.7588e-01 8.2412e-01 1.0958e-04 -1.7657e+00 1.4335e+00 -1.9536e-02 2.7263e+02 7.2271e+00 4.0711e-01 -1.1304e+00 6.2839e+00 2.5206e-05 -8.6162e-03 6.1405e+00 1.2304e-02 6.2235e+00 6.2160e+00 1.7588e-01 1.7588e-01 8.2412e-01 1.4274e-03
1.7085e-01 1.7085e-01 8.2915e-01 1.0957e-04 -1.7023e+00 1.3909e+00 -1.8439e-02 2.7263e+02 7.0233e+00 5.5980e-01 -1.1564e+00 6.2827e+00 -1.4066e-04 -8.6628e-03 6.1404e+00 1.2384e-02 6.2228e+00 6.2153e+00 1.7085e-01 1.7085e-01 8.2915e-01 1.4361e-03
1.6583e-01 1.6583e-01 8.3417e-01 1.0956e-04 -1.6393e+00 1.3475e+00 -1.7399e-02 2.7263e+02 6.8168e+00 7.1922e-01 -1.1826e+00 6.2815e+00 -2.9241e-04 -8.6969e-03 6.1405e+00 1.2461e-02 6.2221e+00 6.2147e+00 1.6583e-01 1.6583e-01 8.3417e-01 1.4448e-03
1.6080e-01 1.6080e-01 8.3920e-01 1.0955e-04 -1.5769e+00 1.3036e+00 -1.6351e-02 2.7263e+02 6.6093e+00 8.8378e-01 -1.2094e+00 6.2803e+00 -4.2761e-04 -8.7188e-03 6.1405e+00 1.2534e-02 6.2214e+00 6.2141e+00 1.6080e-01 1.6080e-01 8.3920e-01 1.4535e-03
1.5578e-01 1.5578e-01 8.4422e-01 1.0954e-04 -1.5157e+00 1.2592e+00 -1.5190e-02 2.7263e+02 6.4033e+00 1.0518e+00 -1.2371e+00 6.2790e+00 -5.4084e-04 -8.7285e-03 6.1407e+00 1.2598e-02 6.2207e+00 6.2135e+00 1.5578e-01 1.5578e-01 8.4422e-01 1.4622e-03
1.5075e-01 1.5075e-01 8.4925e-01 1.0953e-04 -1.4552e+00 1.2143e+00 -1.4021e-02 2.7263e+02 6.1952e+00 1.2251e+00 -1.2653e+00 6.2777e+00 -6.3686e-04 -8.7232e-03 6.1410e+00 1.2657e-02 6.2200e+00 6.2129e+00 1.5075e-01 1.5075e-01 8.4925e-01 1.4709e-03
1.4573e-01 1.4573e-01 8.5427e-01 1.0952e-04 -1.3959e+00 1.1693e+00 -1.2714e-02 2.7262e+02 5.9884e+00 1.4006e+00 -1.2946e+00 6.2764e+00 -7.1222e-04 -8.7057e-03 6.1413e+00 1.2708e-02 6.2193e+00 6.2123e+00 1.4573e-01 1.4573e-01 8.5427e-01 1.4796e-03
1.4070e-01 1.4070e-01 8.5930e-01 1.0951e-04 -1.3378e+00 1.1240e+00 -1.1219e-02 2.7262e+02 5.7838e+00 1.5775e+00 -1.3251e+00 6.2750e+00 -7.6531e-04 -8.6764e-03 6.1417e+00 1.2748e-02 6.2187e+00 6.2118e+00 1.4070e-01 1.4070e-01 8.5930e-01 1.4883e-03
1.3568e-01 1.3568e-01 8.6432e-01 1.0950e-04 -1.2809e+00 1.0787e+00 -9.5478e-03 2.7262e+02 5.5793e+00 1.7564e+00 -1.3570e+00 6.2736e+00 -7.9549e-04 -8.6311e-03 6.1422e+00 1.2779e-02 6.2180e+00 6.2113e+00 1.3568e-01 1.3568e-01 8.6432e-01 1.4970e-03
1.3065e-01 1.3065e-01 8.6935e-01 1.0949e-04 -1.2257e+00 1.0334e+00 -7.5608e-03 2.7263e+02 5.3789e+00 1.9343e+00 -1.3909e+00 6.2722e+00 -7.9967e-04 -8.5741e-03 6.1428e+00 1.2796e-02 6.2174e+00 6.2108e+00 1.3065e-01 1.3065e-01 8.6935e-01 1.5058e-03
1.2563e-01 1.2563e-01 8.7437e-01 1.0948e-04 -1.1720e+00 9.8832e-01 -5.2455e-03 2.7263e+02 5.1823e+00 2.1109e+00 -1.4268e+00 6.2708e+00 -7.7847e-04 -8.5052e-03 6.1434e+00 1.2798e-02 6.2168e+00 6.2104e+00 1.2563e-01 1.2563e-01 8.7437e-01 1.5145e-03
1.2060e-01 1.2060e-01 8.7940e-01 1.0947e-04 -1.1000e+00 8.8296e-01 6.0721e-03 2.7264e+02 4.6760e+00 2.4687e+00 -1.4900e+00 6.2689e+00 -6.9171e-04 -8.3151e-03 6.1458e+00 1.2134e-02 6.2163e+00 6.2103e+00 1.2060e-01 1.2060e-01 8.7940e-01 1.5232e-03
1.1558e-01 1.1558e-01 8.8442e-01 1.0946e-04 -1.0314e+00 8.2276e-01 9.5426e-03 2.7265e+02 4.3653e+00 2.6285e+00 -1.5054e+00 6.2669e+00 -8.8807e-04 -8.0928e-03 6.1473e+00 1.1917e-02 6.2158e+00 6.2100e+00 1.1558e-01 1.1558e-01 8.8442e-01 1.5319e-03
1.1055e-01 1.1055e-01 8.8945e-01 1.0946e-04 -9.6415e-01 7.6436e-01 1.3371e-02 2.7266e+02 4.0704e+00 2.7726e+00 -1.5203e+00 6.2648e+00 -1.0707e-03 -7.8688e-03 6.1489e+00 1.1701e-02 6.2153e+00 6.2096e+00 1.1055e-01 1.1055e-01 8.8945e-01 1.5406e-03
1.0553e-01 1.0553e-01 8.9447e-01 1.0945e-04 -8.9854e-01 7.0862e-01 1.7252e-02 2.7267e+02 3.7924e+00 2.8984e+00 -1.5336e+00 6.2626e+00 -1.2410e-03 -7.6468e-03 6.1505e+00 1.1485e-02 6.2148e+00 6.2093e+00 1.0553e-01 1.0553e-01 8.9447e-01 1.5493e-03
1.0050e-01 1.0050e-01 8.9950e-01 1.0944e-04 -8.3548e-01 6.5496e-01 2.1449e-02 2.7268e+02 3.5315e+00 3.0106e+00 -1.5468e+00 6.2604e+00 -1.3954e-03 -7.4168e-03 6.1520e+00 1.1261e-02 6.2143e+00 6.2089e+00 1.0050e-01 1.0050e-01 8.9950e-01 1.5580e-03
9.5477e-02 9.5477e-02 9.0452e-01 1.0943e-04 -7.7445e-01 6.0482e-01 2.5344e-02 2.7268e+02 3.2882e+00 3.1031e+00 -1.5574e+00 6.2582e+00 -1.5390e-03 -7.1926e-03 6.1537e+00 1.1037e-02 6.2138e+00 6.2085e+00 9.5477e-02 9.5477e-02 9.0452e-01 1.5667e-03
9.0452e-02 9.0452e-02 9.0955e-01 1.0942e-04 -7.1572e-01 5.5800e-01 2.8916e-02 2.7269e+02 3.0618e+00 3.1785e+00 -1.5655e+00 6.2559e+00 -1.6723e-03 -6.9725e-03 6.1553e+00 1.0811e-02 6.2134e+00 6.2082e+00 9.0452e-02 9.0452e-02 9.0955e-01 1.5754e-03
8.5427e-02 8.5427e-02 9.1457e-01 1.0941e-04 -6.5974e-01 5.1391e-01 3.2366e-02 2.7270e+02 2.8516e+00 3.2405e+00 -1.5723e+00 6.2536e+00 -1.7939e-03 -6.7509e-03 6.1569e+00 1.0577e-02 6.2129e+00 6.2078e+00 8.5427e-02 8.5427e-02 9.1457e-01 1.5841e-03
8.0402e-02 8.0402e-02 9.1960e-01 1.0940e-04 -6.0644e-01 4.7441e-01 3.5027e-02 2.7271e+02 2.6610e+00 3.2808e+00 -1.5747e+00 6.2513e+00 -1.9075e-03 -6.5429e-03 6.1584e+00 1.0343e-02 6.2125e+00 6.2074e+00 8.0402e-02 8.0402e-02 9.1960e-01 1.5928e-03
7.5377e-02 7.5377e-02 9.2462e-01 1.0939e-04 -5.5581e-01 4.3804e-01 3.7244e-02 2.7271e+02 2.4862e+00 3.3074e+00 -1.5746e+00 6.2490e+00 -2.0133e-03 -6.3408e-03 6.1600e+00 1.0107e-02 6.2120e+00 6.2070e+00 7.5377e-02 7.5377e-02 9.2462e-01 1.6015e-03
7.0352e-02 7.0352e-02 9.2965e-01 1.0938e-04 -5.0790e-01 4.0438e-01 3.9113e-02 2.7272e+02 2.3262e+00 3.3224e+00 -1.5725e+00 6.2467e+00 -2.1113e-03 -6.1426e-03 6.1615e+00 9.8670e-03 6.2116e+00 6.2066e+00 7.0352e-02 7.0352e-02 9.2965e-01 1.6102e-03
6.5327e-02 6.5327e-02 9.3467e-01 1.0937e-04 -4.6310e-01 3.7547e-01 3.9948e-02 2.7273e+02 2.1866e+00 3.3169e+00 -1.5653e+00 6.2443e+00 -2.2054e-03 -5.9644e-03 6.1629e+00 9.6324e-03 6.2112e+00 6.2061e+00 6.5327e-02 6.5327e-02 9.3467e-01 1.6189e-03
6.0302e-02 6.0302e-02 9.3970e-01 1.0936e-04 -4.2110e-01 3.4888e-01 4.0448e-02 2.7273e+02 2.0612e+00 3.3025e+00 -1.5563e+00 6.2420e+00 -2.2938e-03 -5.7914e-03 6.1643e+00 9.3960e-03 6.2107e+00 6.2057e+00 6.0302e-02 6.0302e-02 9.3970e-01 1.6276e-03
5.5276e-02 5.5276e-02 9.4472e-01 1.0934e-04 -3.8184e-01 3.2484e-01 4.0482e-02 2.7274e+02 1.9503e+00 3.2780e+00 -1.5448e+00 6.2397e+00 -2.3779e-03 -5.6276e-03 6.1655e+00 9.1613e-03 6.2102e+00 6.2052e+00 5.5276e-02 5.5276e-02 9.4472e-01 1.6363e-03
5.0251e-02 5.0251e-02 9.4975e-01 1.0933e-04 -3.4548e-01 3.0409e-01 3.9752e-02 2.7275e+02 1.8567e+00 3.2403e+00 -1.5294e+00 6.2374e+00 -2.4611e-03 -5.4813e-03 6.1667e+00 8.9355e-03 6.2097e+00 6.2046e+00 5.0251e-02 5.0251e-02 9.4975e-01 1.6450e-03
4.5226e-02 4.5226e-02 9.5477e-01 1.0932e-04 -3.1210e-01 2.8476e-01 3.8894e-02 2.7275e+02 1.7767e+00 3.1979e+00 -1.5129e+00 6.2351e+00 -2.5388e-03 -5.3390e-03 6.1676e+00 8.7096e-03 6.2091e+00 6.2039e+00 4.5226e-02 4.5226e-02 9.5477e-01 1.6537e-03
4.0201e-02 4.0201e-02 9.5980e-01 1.0930e-04 -2.8133e-01 2.6722e-01 3.7693e-02 2.7276e+02 1.7105e+00 3.1489e+00 -1.4944e+00 6.2328e+00 -2.6141e-03 -5.2073e-03 6.1684e+00 8.4895e-03 6.2084e+00 6.2032e+00 4.0201e-02 4.0201e-02 9.5980e-01 1.6624e-03
3.5176e-02 3.5176e-02 9.6482e-01 1.0929e-04 -2.5312e-01 2.5119e-01 3.6201e-02 2.7276e+02 1.6583e+00 3.0943e+00 -1.4737e+00 6.2305e+00 -2.6876e-03 -5.0869e-03 6.1690e+00 8.2768e-03 6.2076e+00 6.2024e+00 3.5176e-02 3.5176e-02 9.6482e-01 1.6711e-03
3.0151e-02 3.0151e-02 9.6985e-01 1.0927e-04 -2.2788e-01 2.3521e-01 3.4987e-02 2.7276e+02 1.6185e+00 3.0407e+00 -1.4534e+00 6.2282e+00 -2.7514e-03 -4.9662e-03 6.1693e+00 8.0597e-03 6.2067e+00 6.2014e+00 3.0151e-02 3.0151e-02 9.6985e-01 1.6798e-03
2.5126e-02 2.5126e-02 9.7487e-01 1.0925e-04 -2.0504e-01 2.1970e-01 3.3790e-02 2.7277e+02 1.5915e+00 2.9855e+00 -1.4320e+00 6.2259e+00 -2.8093e-03 -4.8533e-03 6.1694e+00 7.8444e-03 6.2057e+00 6.2003e+00 2.5126e-02 2.5126e-02 9.7487e-01 1.6885e-03
2.0101e-02 2.0101e-02 9.7990e-01 1.0922e-04 -1.8452e-01 2.0378e-01 3.2919e-02 2.7277e+02 1.5756e+00 2.9323e+00 -1.4107e+00 6.2235e+00 -2.8567e-03 -4.7425e-03 6.1691e+00 7.6229e-03 6.2045e+00 6.1990e+00 2.0101e-02 2.0101e-02 9.7990e-01 1.6972e-03
1.5075e-02 1.5075e-02 9.8492e-01 1.0920e-04 -1.6645e-01 1.8651e-01 3.2733e-02 2.7278e+02 1.5695e+00 2.8851e+00 -1.3909e+00 6.2211e+00 -2.8850e-03 -4.6272e-03 6.1685e+00 7.3819e-03 6.2031e+00 6.1975e+00 1.5075e-02 1.5075e-02 9.8492e-01 1.7059e-03
1.0050e-02 1.0050e-02 9.8995e-01 1.0916e-04 -1.5066e-01 1.6784e-01 3.3186e-02 2.7278e+02 1.5751e+00 2.8428e+00 -1.3717e+00 6.2185e+00 -2.8920e-03 -4.5125e-03 6.1674e+00 7.1178e-03 6.2014e+00 6.1958e+00 1.0050e-02 1.0050e-02 9.8995e-01 1.7146e-03
5.0251e-03 5.0251e-03 9.9497e-01 1.0913e-04 -1.3689e-01 1.4697e-01 3.4567e-02 2.7278e+02 1.5892e+00 2.8090e+00 -1.3544e+00 6.2158e+00 -2.8691e-03 -4.3914e-03 6.1659e+00 6.8146e-03 6.1995e+00 6.1937e+00 5.0251e-03 5.0251e-03 9.9497e-01 1.7233e-03
0.0000e+00 0.0000e+00 1.0000e+00 1.0908e-04 -1.2503e-01 1.2356e-01 3.6989e-02 2.7279e+02 1.6105e+00 2.7849e+00 -1.3395e+00 6.2130e+00 -2.8086e-03 -4.2623e-03 6.1640e+00 6.4591e-03 6.1972e+00 6.1914e+00 0.0000e+00 0.0000e+00 1.0000e+00 1.7321e-03
