	0	8.191241646e-05	83.47243666	1.365594169e-05	251.5271101	4.286897478	838.0268298
	3.803994216e-06	8.163765549e-05	83.75765051	1.406425637e-05	251.5392794	4.272724564	838.2733389
	1.259993336e-05	8.101089232e-05	84.4141921	1.491498067e-05	251.5660008	4.240371725	838.8290616
	2.599896352e-05	8.007845001e-05	85.40694042	1.596792584e-05	251.6027834	4.19217765	839.6383429
	4.345141214e-05	7.890251085e-05	86.68819514	1.692072096e-05	251.6432646	4.13128082	840.6278816
	6.424257226e-05	7.755507226e-05	88.20006449	1.747835571e-05	251.6798905	4.061320739	841.7169597
	8.752119139e-05	7.611000205e-05	89.87865638	1.742048953e-05	251.7049663	3.986043557	842.8291
	0.0001123342158	7.463659823e-05	91.65733936	1.664704061e-05	251.7119038	3.908985502	843.9009823
	0.0001376657842	7.319565534e-05	93.46867179	1.519255698e-05	251.6964909	3.833283214	844.8870526
	0.0001624788086	7.18381859e-05	95.24520855	1.320937709e-05	251.6579301	3.761616002	845.7596155
	0.0001857574277	7.060619307e-05	96.91985588	1.092812975e-05	251.5993839	3.696246724	846.505424
	0.0002065485879	6.953443776e-05	98.42662168	8.609114871e-06	251.5278182	3.639105664	847.1205355
	0.0002240010365	6.86521022e-05	99.7024411	6.498268477e-06	251.4530749	3.591861134	847.6052982
	0.0002374000666	6.798359006e-05	100.6903035	4.797203079e-06	251.3862785	3.555939572	847.9608193
	0.0002461960058	6.754827725e-05	101.3433009	3.650216009e-06	251.3378653	3.532489	848.1873923
	0.00025	6.73607791e-05	101.6268993	3.147976413e-06	251.3157885	3.522373727	848.2838754

	0.00025	6.736054871e-05	101.6164611	3.071610672e-06	251.3212935	3.522438837	848.2203458
	0.0002538039942	6.71753991e-05	101.8989854	2.489120941e-06	251.298499	3.512439486	848.304646
	0.0002625999334	6.674903368e-05	102.5549941	1.137847721e-06	251.2435435	3.489384525	848.4930446
	0.0002759989635	6.610407895e-05	103.5621562	-9.306810211e-07	251.153713	3.454434395	848.7627237
	0.0002934514121	6.527175594e-05	104.889664	-3.63866949e-06	251.0254031	3.409195999	849.0832069
	0.0003142425723	6.429072955e-05	106.4970461	-6.876079666e-06	250.8554084	3.355679531	849.4206367
	0.0003375211914	6.320451343e-05	108.3344587	-1.050188308e-05	250.6422788	3.296177684	849.7428725
	0.0003623342158	6.205904958e-05	110.3424418	-1.435020292e-05	250.3876925	3.233150661	850.0238958
	0.0003876657842	6.0900731e-05	112.4513646	-1.824129825e-05	250.0975991	3.169128459	850.2467852
	0.0004124788086	5.977491682e-05	114.5812167	-2.199575875e-05	249.7828638	3.10663168	850.404888
	0.0004357574277	5.872481509e-05	116.6426142	-2.544905678e-05	249.4591855	3.048104378	850.5012065
	0.0004565485879	5.779051413e-05	118.5397919	-2.846327646e-05	249.146161	2.995848792	850.5463404
	0.0004740010365	5.700795388e-05	120.1759331	-3.09335663e-05	248.8655239	2.951953241	850.5555274
	0.0004874000666	5.640773255e-05	121.460536	-3.278841973e-05	248.6387612	2.918210239	850.545372
	0.0004961960058	5.601381597e-05	122.3177954	-3.39846966e-05	248.4844776	2.896030908	850.5307835
	0.0005	5.58434565e-05	122.6920497	-3.44965392e-05	248.4164094	2.886430668	850.5225624

	0.0005	5.584323725e-05	122.6925451	-3.450667043e-05	248.4180707	2.886438638	850.5225214
	0.0005038039942	5.567287193e-05	123.0719488	-3.499081132e-05	248.3477634	2.876827889	850.5092084
	0.0005125999334	5.527890991e-05	123.9566029	-3.609860067e-05	248.1827511	2.854588119	850.4740059
	0.0005259989635	5.467853346e-05	125.3255837	-3.775254e-05	247.92426	2.820653663	850.4083364
	0.0005434514121	5.3895615e-05	127.1518461	-3.983988882e-05	247.5730899	2.776322113	850.3004766
	0.0005642425723	5.296065545e-05	129.3997562	-4.221590273e-05	247.1303108	2.723258674	850.1380209
	0.0005875211914	5.190951519e-05	132.0230265	-4.47152697e-05	246.5983609	2.663434959	849.9107821
	0.0006123342158	5.078224122e-05	134.960143	-4.716857083e-05	245.9831515	2.599074728	849.6138269
	0.0006376657842	4.962205389e-05	138.1281167	-4.942191715e-05	245.2968686	2.532608308	849.2501392
	0.0006624788086	4.847438596e-05	141.4167053	-5.135623527e-05	244.560696	2.466627184	848.8323497
	0.0006857574277	4.738576335e-05	144.6859511	-5.290175624e-05	243.8064264	2.403824404	848.383028
	0.0007065485879	4.640230848e-05	147.7696356	-5.404366741e-05	243.0760061	2.346906601	847.9332375
	0.0007240010365	4.556774235e-05	150.4860005	-5.481669268e-05	242.4184971	2.29847014	847.5193652
	0.0007374000666	4.492093807e-05	152.6551245	-5.52891423e-05	241.8846277	2.26084564	847.1786108
	0.0007461960058	4.449329811e-05	154.1201886	-5.553989955e-05	241.5198607	2.235929178	846.9438665
	0.00075	4.430758242e-05	154.7641424	-5.563340631e-05	241.3585056	2.225098395	846.8396025

	0.00075	4.43073544e-05	154.7813662	-5.596117707e-05	241.3532254	2.225038266	846.9030732
	0.0007538039942	4.411927859e-05	155.4781188	-5.599841541e-05	241.1552722	2.213981615	846.7866888
	0.0007625999334	4.368259558e-05	157.0939138	-5.609932319e-05	240.7070595	2.18833384	846.5142873
	0.0007759989635	4.301190291e-05	159.5826248	-5.627699603e-05	240.0398421	2.148978509	846.0894817
	0.0007934514121	4.212655611e-05	162.9143608	-5.650827923e-05	239.1714116	2.097016581	845.5154838
	0.0008142425723	4.105095671e-05	167.094798	-5.669990071e-05	238.0848234	2.033725109	844.7956609
	0.0008375211914	3.981432221e-05	172.168238	-5.667753647e-05	236.7197196	1.96052534	843.9348326
	0.0008623342158	3.845150402e-05	178.1895953	-5.621057173e-05	234.9858783	1.879074928	842.9424599
	0.0008876657842	3.700466415e-05	185.167462	-5.50720369e-05	232.7987952	1.791472028	841.8372861
	0.0009124788086	3.552504711e-05	192.9937749	-5.31184312e-05	230.1277336	1.700499396	840.6521212
	0.0009357574277	3.407374641e-05	201.3845674	-5.036374914e-05	227.0400997	1.609798608	839.4369575
	0.0009565485879	3.272040811e-05	209.8570536	-4.702024976e-05	223.724872	1.523864008	838.2586893
	0.0009740010365	3.153926844e-05	217.7598362	-4.348661739e-05	220.4829328	1.447787073	837.1964455
	0.0009874000666	3.06026776e-05	224.357615	-4.027988079e-05	217.6820886	1.386753951	836.3327393
	0.0009961960058	2.997311669e-05	228.9540564	-3.792579682e-05	215.68618	1.345381483	835.7419668
	0.001	2.969712737e-05	231.0093837	-3.684405307e-05	214.7827891	1.327157537	835.4804693
