1.0000e+00 1.0000e+00 0.0000e+00 1.3191e-04 3.8583e+00 -4.5474e+00 6.8477e-01 2.7530e+02 3.5326e+01 -3.1786e+00 -1.1942e+01 7.7815e+00 -4.4759e-01 -1.4526e-02 7.4042e+00 8.8490e-02 7.4819e+00 7.5559e+00 1.0000e+00 1.0000e+00 0.0000e+00 0.0000e+00
9.9497e-01 9.9497e-01 5.0251e-03 1.3043e-04 4.1748e+00 -4.4583e+00 6.0842e-01 2.7526e+02 3.3925e+01 -2.7765e+00 -1.1139e+01 7.6826e+00 -4.3843e-01 -1.9284e-02 7.3261e+00 8.2336e-02 7.4031e+00 7.4706e+00 9.9497e-01 9.9497e-01 5.0251e-03 8.7038e-06
9.8995e-01 9.8995e-01 1.0050e-02 1.2915e-04 4.3829e+00 -4.4171e+00 5.3817e-01 2.7523e+02 3.2803e+01 -2.3724e+00 -1.0490e+01 7.5974e+00 -4.2884e-01 -2.2758e-02 7.2571e+00 7.7383e-02 7.3335e+00 7.3960e+00 9.8995e-01 9.8995e-01 1.0050e-02 1.7408e-05
9.8492e-01 9.8492e-01 1.5075e-02 1.2803e-04 4.4805e+00 -4.4174e+00 4.7349e-01 2.7520e+02 3.1980e+01 -1.9871e+00 -9.9711e+00 7.5252e+00 -4.1883e-01 -2.5372e-02 7.1963e+00 7.3442e-02 7.2726e+00 7.3314e+00 9.8492e-01 9.8492e-01 1.5075e-02 2.6111e-05
9.7990e-01 9.7990e-01 2.0101e-02 1.2708e-04 4.4766e+00 -4.4504e+00 4.1531e-01 2.7518e+02 3.1443e+01 -1.6424e+00 -9.5596e+00 7.4659e+00 -4.0870e-01 -2.7433e-02 7.1436e+00 7.0351e-02 7.2206e+00 7.2767e+00 9.7990e-01 9.7990e-01 2.0101e-02 3.4815e-05
9.7487e-01 9.7487e-01 2.5126e-02 1.2627e-04 4.3674e+00 -4.5142e+00 3.6008e-01 2.7517e+02 3.1198e+01 -1.3361e+00 -9.2262e+00 7.4168e+00 -3.9812e-01 -2.9308e-02 7.0963e+00 6.7868e-02 7.1752e+00 7.2294e+00 9.7487e-01 9.7487e-01 2.5126e-02 4.3519e-05
9.6985e-01 9.6985e-01 3.0151e-02 1.2556e-04 4.1813e+00 -4.5969e+00 3.0840e-01 2.7516e+02 3.1173e+01 -1.0750e+00 -8.9451e+00 7.3761e+00 -3.8747e-01 -3.1153e-02 7.0538e+00 6.5802e-02 7.1357e+00 7.1885e+00 9.6985e-01 9.6985e-01 3.0151e-02 5.2223e-05
9.6482e-01 9.6482e-01 3.5176e-02 1.2494e-04 3.9448e+00 -4.6899e+00 2.6062e-01 2.7515e+02 3.1296e+01 -8.5699e-01 -8.6972e+00 7.3421e+00 -3.7705e-01 -3.2990e-02 7.0156e+00 6.4009e-02 7.1012e+00 7.1530e+00 9.6482e-01 9.6482e-01 3.5176e-02 6.0926e-05
9.5980e-01 9.5980e-01 4.0201e-02 1.2441e-04 3.6313e+00 -4.7997e+00 2.1423e-01 2.7515e+02 3.1633e+01 -6.8401e-01 -8.4793e+00 7.3150e+00 -3.6644e-01 -3.5018e-02 6.9807e+00 6.2459e-02 7.0713e+00 7.1223e+00 9.5980e-01 9.5980e-01 4.0201e-02 6.9630e-05
9.5477e-01 9.5477e-01 4.5226e-02 1.2393e-04 3.2989e+00 -4.9100e+00 1.7130e-01 2.7515e+02 3.2025e+01 -5.4524e-01 -8.2701e+00 7.2921e+00 -3.5632e-01 -3.7055e-02 6.9489e+00 6.0998e-02 7.0447e+00 7.0952e+00 9.5477e-01 9.5477e-01 4.5226e-02 7.8334e-05
9.4975e-01 9.4975e-01 5.0251e-02 1.2351e-04 2.9581e+00 -5.0190e+00 1.3127e-01 2.7515e+02 3.2439e+01 -4.3113e-01 -8.0635e+00 7.2721e+00 -3.4672e-01 -3.9050e-02 6.9198e+00 5.9578e-02 7.0208e+00 7.0709e+00 9.4975e-01 9.4975e-01 5.0251e-02 8.7038e-05
9.4472e-01 9.4472e-01 5.5276e-02 1.2313e-04 2.5897e+00 -5.1318e+00 9.2597e-02 2.7515e+02 3.2923e+01 -3.4229e-01 -7.8600e+00 7.2554e+00 -3.3731e-01 -4.1118e-02 6.8926e+00 5.8203e-02 6.9994e+00 7.0491e+00 9.4472e-01 9.4472e-01 5.5276e-02 9.5742e-05
9.3970e-01 9.3970e-01 6.0302e-02 1.2278e-04 2.2586e+00 -5.2322e+00 5.8347e-02 2.7515e+02 3.3297e+01 -2.6041e-01 -7.6464e+00 7.2395e+00 -3.2891e-01 -4.2880e-02 6.8681e+00 5.6783e-02 6.9797e+00 7.0291e+00 9.3970e-01 9.3970e-01 6.0302e-02 1.0445e-04
9.3467e-01 9.3467e-01 6.5327e-02 1.2245e-04 1.9464e+00 -5.3260e+00 2.6734e-02 2.7515e+02 3.3610e+01 -1.8091e-01 -7.4264e+00 7.2242e+00 -3.2110e-01 -4.4423e-02 6.8454e+00 5.5344e-02 6.9613e+00 7.0103e+00 9.3467e-01 9.3467e-01 6.5327e-02 1.1315e-04
9.2965e-01 9.2965e-01 7.0352e-02 1.2215e-04 1.6434e+00 -5.4158e+00 -2.9653e-03 2.7514e+02 3.3888e+01 -1.0355e-01 -7.2010e+00 7.2098e+00 -3.1371e-01 -4.5804e-02 6.8242e+00 5.3894e-02 6.9440e+00 6.9927e+00 9.2965e-01 9.2965e-01 7.0352e-02 1.2185e-04
9.2462e-01 9.2462e-01 7.5377e-02 1.2185e-04 1.4247e+00 -5.4835e+00 -2.6794e-02 2.7513e+02 3.3925e+01 -1.3975e-03 -6.9600e+00 7.1936e+00 -3.0762e-01 -4.6493e-02 6.8054e+00 5.2377e-02 6.9272e+00 6.9754e+00 9.2462e-01 9.2462e-01 7.5377e-02 1.3056e-04
9.1960e-01 9.1960e-01 8.0402e-02 1.2156e-04 1.2302e+00 -5.5442e+00 -4.8275e-02 2.7512e+02 3.3888e+01 1.1233e-01 -6.7134e+00 7.1771e+00 -3.0196e-01 -4.6884e-02 6.7879e+00 5.0858e-02 6.9109e+00 6.9586e+00 9.1960e-01 9.1960e-01 8.0402e-02 1.3926e-04
9.1457e-01 9.1457e-01 8.5427e-02 1.2128e-04 1.0745e+00 -5.5943e+00 -6.6670e-02 2.7511e+02 3.3742e+01 2.4382e-01 -6.4598e+00 7.1598e+00 -2.9685e-01 -4.6882e-02 6.7718e+00 4.9334e-02 6.8950e+00 6.9422e+00 9.1457e-01 9.1457e-01 8.5427e-02 1.4796e-04
9.0955e-01 9.0955e-01 9.0452e-02 1.2100e-04 1.0035e+00 -5.6222e+00 -7.9451e-02 2.7509e+02 3.3365e+01 4.1256e-01 -6.1944e+00 7.1398e+00 -2.9275e-01 -4.6147e-02 6.7576e+00 4.7791e-02 6.8789e+00 6.9254e+00 9.0955e-01 9.0955e-01 9.0452e-02 1.5667e-04
9.0452e-01 9.0452e-01 9.5477e-02 1.2072e-04 9.5124e-01 -5.6432e+00 -9.0053e-02 2.7506e+02 3.2945e+01 5.9667e-01 -5.9255e+00 7.1194e+00 -2.8881e-01 -4.5137e-02 6.7444e+00 4.6286e-02 6.8632e+00 6.9090e+00 9.0452e-01 9.0452e-01 9.5477e-02 1.6537e-04
8.9950e-01 8.9950e-01 1.0050e-01 1.2045e-04 9.4661e-01 -5.6498e+00 -9.7017e-02 2.7503e+02 3.2410e+01 8.0564e-01 -5.6497e+00 7.0974e+00 -2.8531e-01 -4.3670e-02 6.7324e+00 4.4805e-02 6.8475e+00 6.8924e+00 8.9950e-01 8.9950e-01 1.0050e-01 1.7408e-04
8.9447e-01 8.9447e-01 1.0553e-01 1.2017e-04 9.9840e-01 -5.6385e+00 -9.9806e-02 2.7498e+02 3.1747e+01 1.0419e+00 -5.3655e+00 7.0735e+00 -2.8229e-01 -4.1694e-02 6.7215e+00 4.3358e-02 6.8316e+00 6.8756e+00 8.9447e-01 8.9447e-01 1.0553e-01 1.8278e-04
8.8945e-01 8.8945e-01 1.1055e-01 1.1990e-04 1.0440e+00 -5.6227e+00 -1.0164e-01 2.7494e+02 3.1133e+01 1.2809e+00 -5.0783e+00 7.0497e+00 -2.7899e-01 -3.9635e-02 6.7113e+00 4.1992e-02 6.8163e+00 6.8591e+00 8.8945e-01 8.8945e-01 1.1055e-01 1.9148e-04
8.8442e-01 8.8442e-01 1.1558e-01 1.1964e-04 1.1229e+00 -5.5917e+00 -1.0071e-01 2.7488e+02 3.0475e+01 1.5319e+00 -4.7822e+00 7.0248e+00 -2.7584e-01 -3.7246e-02 6.7019e+00 4.0684e-02 6.8011e+00 6.8426e+00 8.8442e-01 8.8442e-01 1.1558e-01 2.0019e-04
8.7940e-01 8.7940e-01 1.2060e-01 1.1938e-04 1.2094e+00 -5.5499e+00 -9.8587e-02 2.7482e+02 2.9850e+01 1.7802e+00 -4.4774e+00 6.9997e+00 -2.7254e-01 -3.4709e-02 6.6932e+00 3.9453e-02 6.7863e+00 6.8264e+00 8.7940e-01 8.7940e-01 1.2060e-01 2.0889e-04
8.7437e-01 8.7437e-01 1.2563e-01 1.1909e-04 1.1828e+00 -5.4910e+00 -8.9373e-03 2.7474e+02 2.7471e+01 2.2253e+00 -4.0240e+00 6.9688e+00 -2.6470e-01 -3.1149e-02 6.6814e+00 3.9124e-02 6.7725e+00 6.8076e+00 8.7437e-01 8.7437e-01 1.2563e-01 2.1759e-04
8.6935e-01 8.6935e-01 1.3065e-01 1.1886e-04 1.1366e+00 -5.4483e+00 -8.7495e-04 2.7474e+02 2.7779e+01 2.0765e+00 -4.0775e+00 6.9512e+00 -2.6336e-01 -2.9984e-02 6.6729e+00 3.7790e-02 6.7598e+00 6.7946e+00 8.6935e-01 8.6935e-01 1.3065e-01 2.2630e-04
8.6432e-01 8.6432e-01 1.3568e-01 1.1865e-04 1.0821e+00 -5.4087e+00 6.7048e-03 2.7473e+02 2.8088e+01 1.9400e+00 -4.1317e+00 6.9345e+00 -2.6170e-01 -2.8885e-02 6.6646e+00 3.6537e-02 6.7476e+00 6.7822e+00 8.6432e-01 8.6432e-01 1.3568e-01 2.3500e-04
8.5930e-01 8.5930e-01 1.4070e-01 1.1844e-04 1.0182e+00 -5.3724e+00 1.3946e-02 2.7473e+02 2.8404e+01 1.8143e+00 -4.1874e+00 6.9184e+00 -2.5973e-01 -2.7851e-02 6.6565e+00 3.5354e-02 6.7359e+00 6.7703e+00 8.5930e-01 8.5930e-01 1.4070e-01 2.4371e-04
8.5427e-01 8.5427e-01 1.4573e-01 1.1824e-04 9.5102e-01 -5.3376e+00 2.0265e-02 2.7473e+02 2.8699e+01 1.6998e+00 -4.2377e+00 6.9030e+00 -2.5753e-01 -2.6903e-02 6.6488e+00 3.4247e-02 6.7248e+00 6.7589e+00 8.5427e-01 8.5427e-01 1.4573e-01 2.5241e-04
8.4925e-01 8.4925e-01 1.5075e-01 1.1805e-04 8.7731e-01 -5.3047e+00 2.6186e-02 2.7473e+02 2.8994e+01 1.5920e+00 -4.2870e+00 6.8883e+00 -2.5512e-01 -2.6016e-02 6.6413e+00 3.3189e-02 6.7140e+00 6.7479e+00 8.4925e-01 8.4925e-01 1.5075e-01 2.6111e-04
8.4422e-01 8.4422e-01 1.5578e-01 1.1786e-04 7.9876e-01 -5.2733e+00 3.1610e-02 2.7473e+02 2.9282e+01 1.4901e+00 -4.3335e+00 6.8742e+00 -2.5253e-01 -2.5191e-02 6.6340e+00 3.2176e-02 6.7037e+00 6.7373e+00 8.4422e-01 8.4422e-01 1.5578e-01 2.6982e-04
8.3920e-01 8.3920e-01 1.6080e-01 1.1768e-04 7.2069e-01 -5.2416e+00 3.6065e-02 2.7473e+02 2.9541e+01 1.3925e+00 -4.3721e+00 6.8606e+00 -2.4985e-01 -2.4439e-02 6.6270e+00 3.1206e-02 6.6938e+00 6.7271e+00 8.3920e-01 8.3920e-01 1.6080e-01 2.7852e-04
8.3417e-01 8.3417e-01 1.6583e-01 1.1751e-04 6.3749e-01 -5.2109e+00 4.0055e-02 2.7473e+02 2.9795e+01 1.2981e+00 -4.4077e+00 6.8476e+00 -2.4702e-01 -2.3746e-02 6.6201e+00 3.0271e-02 6.6842e+00 6.7173e+00 8.3417e-01 8.3417e-01 1.6583e-01 2.8722e-04
8.2915e-01 8.2915e-01 1.7085e-01 1.1734e-04 5.5379e-01 -5.1799e+00 4.3293e-02 2.7473e+02 3.0028e+01 1.2056e+00 -4.4368e+00 6.8350e+00 -2.4413e-01 -2.3109e-02 6.6135e+00 2.9364e-02 6.6749e+00 6.7078e+00 8.2915e-01 8.2915e-01 1.7085e-01 2.9593e-04
8.2412e-01 8.2412e-01 1.7588e-01 1.1718e-04 4.7273e-01 -5.1475e+00 4.5532e-02 2.7474e+02 3.0229e+01 1.1138e+00 -4.4568e+00 6.8227e+00 -2.4124e-01 -2.2528e-02 6.6070e+00 2.8483e-02 6.6660e+00 6.6986e+00 8.2412e-01 8.2412e-01 1.7588e-01 3.0463e-04
8.1910e-01 8.1910e-01 1.8090e-01 1.1703e-04 3.8769e-01 -5.1153e+00 4.7186e-02 2.7474e+02 3.0419e+01 1.0231e+00 -4.4723e+00 6.8110e+00 -2.3825e-01 -2.2001e-02 6.6008e+00 2.7628e-02 6.6573e+00 6.6897e+00 8.1910e-01 8.1910e-01 1.8090e-01 3.1334e-04
8.1407e-01 8.1407e-01 1.8593e-01 1.1687e-04 3.0608e-01 -5.0811e+00 4.7799e-02 2.7474e+02 3.0576e+01 9.3236e-01 -4.4780e+00 6.7996e+00 -2.3529e-01 -2.1521e-02 6.5947e+00 2.6793e-02 6.6489e+00 6.6811e+00 8.1407e-01 8.1407e-01 1.8593e-01 3.2204e-04
8.0905e-01 8.0905e-01 1.9095e-01 1.1673e-04 2.2732e-01 -5.0452e+00 4.7412e-02 2.7474e+02 3.0701e+01 8.4161e-01 -4.4746e+00 6.7885e+00 -2.3238e-01 -2.1084e-02 6.5887e+00 2.5976e-02 6.6408e+00 6.6727e+00 8.0905e-01 8.0905e-01 1.9095e-01 3.3074e-04
8.0402e-01 8.0402e-01 1.9598e-01 1.1658e-04 1.4655e-01 -5.0086e+00 4.6328e-02 2.7474e+02 3.0809e+01 7.5201e-01 -4.4652e+00 6.7777e+00 -2.2942e-01 -2.0688e-02 6.5829e+00 2.5178e-02 6.6328e+00 6.6645e+00 8.0402e-01 8.0402e-01 1.9598e-01 3.3945e-04
7.9899e-01 7.9899e-01 2.0101e-01 1.1645e-04 7.1878e-02 -4.9691e+00 4.3910e-02 2.7474e+02 3.0872e+01 6.6310e-01 -4.4435e+00 6.7671e+00 -2.2656e-01 -2.0330e-02 6.5773e+00 2.4398e-02 6.6251e+00 6.6565e+00 7.9899e-01 7.9899e-01 2.0101e-01 3.4815e-04
7.9397e-01 7.9397e-01 2.0603e-01 1.1631e-04 -8.9572e-04 -4.9277e+00 4.0541e-02 2.7473e+02 3.0907e+01 5.7639e-01 -4.4133e+00 6.7568e+00 -2.2374e-01 -2.0002e-02 6.5719e+00 2.3634e-02 6.6176e+00 6.6488e+00 7.9397e-01 7.9397e-01 2.0603e-01 3.5685e-04
7.8894e-01 7.8894e-01 2.1106e-01 1.1618e-04 -7.4236e-02 -4.8853e+00 3.6408e-02 2.7473e+02 3.0921e+01 4.9294e-01 -4.3764e+00 6.7467e+00 -2.2092e-01 -1.9704e-02 6.5665e+00 2.2886e-02 6.6102e+00 6.6412e+00 7.8894e-01 7.8894e-01 2.1106e-01 3.6556e-04
7.8392e-01 7.8392e-01 2.1608e-01 1.1605e-04 -1.3969e-01 -4.8392e+00 3.0662e-02 2.7472e+02 3.0881e+01 4.1485e-01 -4.3247e+00 6.7368e+00 -2.1824e-01 -1.9431e-02 6.5613e+00 2.2156e-02 6.6031e+00 6.6337e+00 7.8392e-01 7.8392e-01 2.1608e-01 3.7426e-04
7.7889e-01 7.7889e-01 2.2111e-01 1.1593e-04 -2.0511e-01 -4.7919e+00 2.4081e-02 2.7471e+02 3.0818e+01 3.4352e-01 -4.2656e+00 6.7270e+00 -2.1556e-01 -1.9179e-02 6.5563e+00 2.1443e-02 6.5961e+00 6.6264e+00 7.7889e-01 7.7889e-01 2.2111e-01 3.8297e-04
7.7387e-01 7.7387e-01 2.2613e-01 1.1581e-04 -2.6947e-01 -4.7431e+00 1.6571e-02 2.7470e+02 3.0729e+01 2.8031e-01 -4.1982e+00 6.7174e+00 -2.1290e-01 -1.8947e-02 6.5513e+00 2.0746e-02 6.5892e+00 6.6193e+00 7.7387e-01 7.7387e-01 2.2613e-01 3.9167e-04
7.6884e-01 7.6884e-01 2.3116e-01 1.1569e-04 -3.2712e-01 -4.6911e+00 7.4990e-03 2.7468e+02 3.0589e+01 2.3016e-01 -4.1164e+00 6.7079e+00 -2.1036e-01 -1.8725e-02 6.5465e+00 2.0068e-02 6.5825e+00 6.6123e+00 7.6884e-01 7.6884e-01 2.3116e-01 4.0037e-04
7.6382e-01 7.6382e-01 2.3618e-01 1.1558e-04 -3.8647e-01 -4.6383e+00 -2.3734e-03 2.7466e+02 3.0430e+01 1.9405e-01 -4.0272e+00 6.6985e+00 -2.0779e-01 -1.8519e-02 6.5419e+00 1.9409e-02 6.5759e+00 6.6054e+00 7.6382e-01 7.6382e-01 2.3618e-01 4.0908e-04
7.5879e-01 7.5879e-01 2.4121e-01 1.1547e-04 -4.4376e-01 -4.5840e+00 -1.3346e-02 2.7464e+02 3.0239e+01 1.7443e-01 -3.9277e+00 6.6892e+00 -2.0524e-01 -1.8321e-02 6.5373e+00 1.8769e-02 6.5695e+00 6.5987e+00 7.5879e-01 7.5879e-01 2.4121e-01 4.1778e-04
7.5377e-01 7.5377e-01 2.4623e-01 1.1537e-04 -4.9698e-01 -4.5276e+00 -2.5694e-02 2.7461e+02 3.0007e+01 1.7681e-01 -3.8150e+00 6.6800e+00 -2.0275e-01 -1.8123e-02 6.5329e+00 1.8150e-02 6.5633e+00 6.5920e+00 7.5377e-01 7.5377e-01 2.4623e-01 4.2648e-04
7.4874e-01 7.4874e-01 2.5126e-01 1.1529e-04 -5.9277e-01 -4.5018e+00 -5.9522e-02 2.7453e+02 2.9745e+01 4.6352e-01 -3.4755e+00 6.6704e+00 -1.9886e-01 -1.8003e-02 6.5284e+00 1.7808e-02 6.5577e+00 6.5855e+00 7.4874e-01 7.4874e-01 2.5126e-01 4.3519e-04
7.4372e-01 7.4372e-01 2.5628e-01 1.1516e-04 -6.4273e-01 -4.4256e+00 -5.2983e-02 2.7452e+02 2.9286e+01 3.3700e-01 -3.3588e+00 6.6592e+00 -1.9631e-01 -1.7330e-02 6.5241e+00 1.7049e-02 6.5506e+00 6.5780e+00 7.4372e-01 7.4372e-01 2.5628e-01 4.4389e-04
7.3869e-01 7.3869e-01 2.6131e-01 1.1504e-04 -6.9921e-01 -4.3499e+00 -4.8017e-02 2.7450e+02 2.8876e+01 2.2414e-01 -3.2319e+00 6.6482e+00 -1.9365e-01 -1.6669e-02 6.5199e+00 1.6318e-02 6.5438e+00 6.5706e+00 7.3869e-01 7.3869e-01 2.6131e-01 4.5260e-04
7.3367e-01 7.3367e-01 2.6633e-01 1.1492e-04 -7.6341e-01 -4.2751e+00 -4.4487e-02 2.7448e+02 2.8514e+01 1.2545e-01 -3.0958e+00 6.6374e+00 -1.9085e-01 -1.6021e-02 6.5157e+00 1.5616e-02 6.5371e+00 6.5634e+00 7.3367e-01 7.3367e-01 2.6633e-01 4.6130e-04
7.2864e-01 7.2864e-01 2.7136e-01 1.1481e-04 -8.3225e-01 -4.2000e+00 -4.1993e-02 2.7446e+02 2.8192e+01 3.6194e-02 -2.9558e+00 6.6269e+00 -1.8797e-01 -1.5388e-02 6.5115e+00 1.4936e-02 6.5306e+00 6.5563e+00 7.2864e-01 7.2864e-01 2.7136e-01 4.7000e-04
7.2362e-01 7.2362e-01 2.7638e-01 1.1470e-04 -9.0551e-01 -4.1248e+00 -4.0221e-02 2.7444e+02 2.7903e+01 -4.5573e-02 -2.8139e+00 6.6167e+00 -1.8501e-01 -1.4770e-02 6.5074e+00 1.4274e-02 6.5242e+00 6.5494e+00 7.2362e-01 7.2362e-01 2.7638e-01 4.7871e-04
7.1859e-01 7.1859e-01 2.8141e-01 1.1459e-04 -9.8359e-01 -4.0495e+00 -3.9060e-02 2.7441e+02 2.7645e+01 -1.1984e-01 -2.6711e+00 6.6067e+00 -1.8196e-01 -1.4165e-02 6.5033e+00 1.3630e-02 6.5180e+00 6.5426e+00 7.1859e-01 7.1859e-01 2.8141e-01 4.8741e-04
7.1357e-01 7.1357e-01 2.8643e-01 1.1449e-04 -1.0636e+00 -3.9729e+00 -3.8185e-02 2.7438e+02 2.7413e+01 -1.9168e-01 -2.5324e+00 6.5969e+00 -1.7886e-01 -1.3578e-02 6.4993e+00 1.2999e-02 6.5119e+00 6.5360e+00 7.1357e-01 7.1357e-01 2.8643e-01 4.9612e-04
7.0854e-01 7.0854e-01 2.9146e-01 1.1438e-04 -1.1467e+00 -3.8957e+00 -3.7517e-02 2.7435e+02 2.7202e+01 -2.6019e-01 -2.3966e+00 6.5873e+00 -1.7571e-01 -1.3004e-02 6.4953e+00 1.2381e-02 6.5059e+00 6.5295e+00 7.0854e-01 7.0854e-01 2.9146e-01 5.0482e-04
7.0352e-01 7.0352e-01 2.9648e-01 1.1428e-04 -1.2321e+00 -3.8177e+00 -3.6938e-02 2.7432e+02 2.7008e+01 -3.2667e-01 -2.2649e+00 6.5780e+00 -1.7249e-01 -1.2444e-02 6.4912e+00 1.1775e-02 6.5000e+00 6.5231e+00 7.0352e-01 7.0352e-01 2.9648e-01 5.1352e-04
6.9849e-01 6.9849e-01 3.0151e-01 1.1419e-04 -1.3173e+00 -3.7377e+00 -3.6153e-02 2.7429e+02 2.6827e+01 -3.9625e-01 -2.1416e+00 6.5688e+00 -1.6927e-01 -1.1899e-02 6.4872e+00 1.1176e-02 6.4943e+00 6.5168e+00 6.9849e-01 6.9849e-01 3.0151e-01 5.2223e-04
6.9347e-01 6.9347e-01 3.0653e-01 1.1409e-04 -1.4046e+00 -3.6569e+00 -3.5308e-02 2.7426e+02 2.6659e+01 -4.6519e-01 -2.0237e+00 6.5599e+00 -1.6600e-01 -1.1368e-02 6.4832e+00 1.0587e-02 6.4886e+00 6.5106e+00 6.9347e-01 6.9347e-01 3.0653e-01 5.3093e-04
6.8844e-01 6.8844e-01 3.1156e-01 1.1400e-04 -1.4921e+00 -3.5745e+00 -3.4239e-02 2.7422e+02 2.6499e+01 -5.3676e-01 -1.9130e+00 6.5512e+00 -1.6270e-01 -1.0849e-02 6.4792e+00 1.0007e-02 6.4830e+00 6.5045e+00 6.8844e-01 6.8844e-01 3.1156e-01 5.3963e-04
6.8342e-01 6.8342e-01 3.1658e-01 1.1391e-04 -1.5781e+00 -3.4899e+00 -3.2808e-02 2.7419e+02 2.6341e+01 -6.1401e-01 -1.8109e+00 6.5427e+00 -1.5942e-01 -1.0343e-02 6.4752e+00 9.4314e-03 6.4776e+00 6.4985e+00 6.8342e-01 6.8342e-01 3.1658e-01 5.4834e-04
6.7839e-01 6.7839e-01 3.2161e-01 1.1382e-04 -1.6656e+00 -3.4043e+00 -3.1215e-02 2.7416e+02 2.6193e+01 -6.9227e-01 -1.7151e+00 6.5344e+00 -1.5608e-01 -9.8495e-03 6.4713e+00 8.8671e-03 6.4722e+00 6.4926e+00 6.7839e-01 6.7839e-01 3.2161e-01 5.5704e-04
6.7337e-01 6.7337e-01 3.2663e-01 1.1373e-04 -1.7514e+00 -3.3167e+00 -2.9283e-02 2.7412e+02 2.6045e+01 -7.7638e-01 -1.6271e+00 6.5262e+00 -1.5276e-01 -9.3676e-03 6.4672e+00 8.3091e-03 6.4669e+00 6.4868e+00 6.7337e-01 6.7337e-01 3.2663e-01 5.6575e-04
6.6834e-01 6.6834e-01 3.3166e-01 1.1364e-04 -1.8356e+00 -3.2271e+00 -2.7064e-02 2.7409e+02 2.5897e+01 -8.6602e-01 -1.5462e+00 6.5183e+00 -1.4944e-01 -8.8965e-03 6.4632e+00 7.7584e-03 6.4616e+00 6.4810e+00 6.6834e-01 6.6834e-01 3.3166e-01 5.7445e-04
6.6332e-01 6.6332e-01 3.3668e-01 1.1356e-04 -1.9206e+00 -3.1363e+00 -2.4733e-02 2.7406e+02 2.5754e+01 -9.5719e-01 -1.4703e+00 6.5105e+00 -1.4608e-01 -8.4379e-03 6.4592e+00 7.2194e-03 6.4565e+00 6.4754e+00 6.6332e-01 6.6332e-01 3.3668e-01 5.8315e-04
6.5829e-01 6.5829e-01 3.4171e-01 1.1347e-04 -2.0027e+00 -3.0433e+00 -2.2135e-02 2.7403e+02 2.5608e+01 -1.0552e+00 -1.4013e+00 6.5029e+00 -1.4275e-01 -7.9903e-03 6.4552e+00 6.6889e-03 6.4514e+00 6.4698e+00 6.5829e-01 6.5829e-01 3.4171e-01 5.9186e-04
6.5327e-01 6.5327e-01 3.4673e-01 1.1339e-04 -2.0837e+00 -2.9488e+00 -1.9460e-02 2.7400e+02 2.5463e+01 -1.1562e+00 -1.3365e+00 6.4955e+00 -1.3941e-01 -7.5533e-03 6.4511e+00 6.1694e-03 6.4464e+00 6.4643e+00 6.5327e-01 6.5327e-01 3.4673e-01 6.0056e-04
6.4824e-01 6.4824e-01 3.5176e-01 1.1331e-04 -2.1650e+00 -2.8534e+00 -1.6824e-02 2.7397e+02 2.5322e+01 -1.2577e+00 -1.2745e+00 6.4882e+00 -1.3604e-01 -7.1284e-03 6.4471e+00 5.6631e-03 6.4414e+00 6.4589e+00 6.4824e-01 6.4824e-01 3.5176e-01 6.0926e-04
6.4322e-01 6.4322e-01 3.5678e-01 1.1322e-04 -2.2429e+00 -2.7558e+00 -1.4157e-02 2.7394e+02 2.5176e+01 -1.3641e+00 -1.2168e+00 6.4811e+00 -1.3270e-01 -6.7155e-03 6.4430e+00 5.1703e-03 6.4366e+00 6.4536e+00 6.4322e-01 6.4322e-01 3.5678e-01 6.1797e-04
6.3819e-01 6.3819e-01 3.6181e-01 1.1314e-04 -2.3208e+00 -2.6575e+00 -1.1681e-02 2.7391e+02 2.5036e+01 -1.4690e+00 -1.1601e+00 6.4742e+00 -1.2933e-01 -6.3151e-03 6.4390e+00 4.6931e-03 6.4318e+00 6.4483e+00 6.3819e-01 6.3819e-01 3.6181e-01 6.2667e-04
6.3317e-01 6.3317e-01 3.6683e-01 1.1306e-04 -2.3985e+00 -2.5585e+00 -9.4376e-03 2.7388e+02 2.4900e+01 -1.5717e+00 -1.1039e+00 6.4674e+00 -1.2594e-01 -5.9277e-03 6.4349e+00 4.2322e-03 6.4270e+00 6.4431e+00 6.3317e-01 6.3317e-01 3.6683e-01 6.3538e-04
6.2814e-01 6.2814e-01 3.7186e-01 1.1299e-04 -2.4736e+00 -2.4582e+00 -7.4969e-03 2.7385e+02 2.4764e+01 -1.6731e+00 -1.0481e+00 6.4608e+00 -1.2256e-01 -5.5545e-03 6.4308e+00 3.7903e-03 6.4224e+00 6.4380e+00 6.2814e-01 6.2814e-01 3.7186e-01 6.4408e-04
6.2312e-01 6.2312e-01 3.7688e-01 1.1292e-04 -2.5923e+00 -2.3639e+00 -5.7964e-03 2.7381e+02 2.4835e+01 -1.7100e+00 -1.0067e+00 6.4542e+00 -1.1816e-01 -5.1714e-03 6.4268e+00 3.3690e-03 6.4180e+00 6.4330e+00 6.2312e-01 6.2312e-01 3.7688e-01 6.5278e-04
6.1809e-01 6.1809e-01 3.8191e-01 1.1283e-04 -2.6618e+00 -2.2555e+00 -4.5724e-03 2.7378e+02 2.4662e+01 -1.8474e+00 -9.3122e-01 6.4473e+00 -1.1504e-01 -4.7740e-03 6.4226e+00 2.9674e-03 6.4133e+00 6.4277e+00 6.1809e-01 6.1809e-01 3.8191e-01 6.6149e-04
6.1307e-01 6.1307e-01 3.8693e-01 1.1276e-04 -2.7294e+00 -2.1499e+00 -4.0260e-03 2.7376e+02 2.4474e+01 -1.9513e+00 -8.5524e-01 6.4407e+00 -1.1192e-01 -4.4102e-03 6.4184e+00 2.5990e-03 6.4088e+00 6.4226e+00 6.1307e-01 6.1307e-01 3.8693e-01 6.7019e-04
6.0804e-01 6.0804e-01 3.9196e-01 1.1268e-04 -2.7968e+00 -2.0471e+00 -3.9937e-03 2.7373e+02 2.4278e+01 -2.0251e+00 -7.8010e-01 6.4342e+00 -1.0879e-01 -4.0765e-03 6.4142e+00 2.2611e-03 6.4043e+00 6.4176e+00 6.0804e-01 6.0804e-01 3.9196e-01 6.7889e-04
6.0302e-01 6.0302e-01 3.9698e-01 1.1261e-04 -2.8624e+00 -1.9461e+00 -4.2595e-03 2.7370e+02 2.4070e+01 -2.0764e+00 -7.0688e-01 6.4281e+00 -1.0567e-01 -3.7691e-03 6.4101e+00 1.9460e-03 6.4000e+00 6.4127e+00 6.0302e-01 6.0302e-01 3.9698e-01 6.8760e-04
5.9799e-01 5.9799e-01 4.0201e-01 1.1253e-04 -2.9263e+00 -1.8464e+00 -4.6806e-03 2.7367e+02 2.3854e+01 -2.1108e+00 -6.3652e-01 6.4221e+00 -1.0256e-01 -3.4849e-03 6.4060e+00 1.6501e-03 6.3957e+00 6.4079e+00 5.9799e-01 5.9799e-01 4.0201e-01 6.9630e-04
5.9296e-01 5.9296e-01 4.0704e-01 1.1247e-04 -2.9899e+00 -1.7481e+00 -5.1917e-03 2.7364e+02 2.3634e+01 -2.1286e+00 -5.6976e-01 6.4163e+00 -9.9436e-02 -3.2230e-03 6.4019e+00 1.3735e-03 6.3916e+00 6.4033e+00 5.9296e-01 5.9296e-01 4.0704e-01 7.0501e-04
5.8794e-01 5.8794e-01 4.1206e-01 1.1240e-04 -3.0513e+00 -1.6501e+00 -5.6495e-03 2.7361e+02 2.3408e+01 -2.1377e+00 -5.0740e-01 6.4108e+00 -9.6333e-02 -2.9808e-03 6.3977e+00 1.1113e-03 6.3875e+00 6.3987e+00 5.8794e-01 5.8794e-01 4.1206e-01 7.1371e-04
5.8291e-01 5.8291e-01 4.1709e-01 1.1233e-04 -3.1115e+00 -1.5523e+00 -6.0105e-03 2.7357e+02 2.3178e+01 -2.1415e+00 -4.4936e-01 6.4055e+00 -9.3236e-02 -2.7543e-03 6.3935e+00 8.6171e-04 6.3835e+00 6.3942e+00 5.8291e-01 5.8291e-01 4.1709e-01 7.2241e-04
5.7789e-01 5.7789e-01 4.2211e-01 1.1227e-04 -3.1712e+00 -1.4549e+00 -6.2571e-03 2.7354e+02 2.2949e+01 -2.1403e+00 -3.9573e-01 6.4003e+00 -9.0131e-02 -2.5427e-03 6.3893e+00 6.2464e-04 6.3796e+00 6.3898e+00 5.7789e-01 5.7789e-01 4.2211e-01 7.3112e-04
5.7286e-01 5.7286e-01 4.2714e-01 1.1220e-04 -3.2285e+00 -1.3567e+00 -6.2732e-03 2.7351e+02 2.2720e+01 -2.1436e+00 -3.4771e-01 6.3953e+00 -8.7056e-02 -2.3448e-03 6.3851e+00 3.9876e-04 6.3758e+00 6.3854e+00 5.7286e-01 5.7286e-01 4.2714e-01 7.3982e-04
5.6784e-01 5.6784e-01 4.3216e-01 1.1214e-04 -3.2850e+00 -1.2580e+00 -6.1283e-03 2.7349e+02 2.2494e+01 -2.1494e+00 -3.0405e-01 6.3906e+00 -8.3979e-02 -2.1573e-03 6.3808e+00 1.8363e-04 6.3720e+00 6.3811e+00 5.6784e-01 5.6784e-01 4.3216e-01 7.4852e-04
5.6281e-01 5.6281e-01 4.3719e-01 1.1208e-04 -3.3410e+00 -1.1590e+00 -5.8214e-03 2.7346e+02 2.2273e+01 -2.1596e+00 -2.6465e-01 6.3859e+00 -8.0903e-02 -1.9794e-03 6.3764e+00 -2.0826e-05 6.3683e+00 6.3769e+00 5.6281e-01 5.6281e-01 4.3719e-01 7.5723e-04
5.5779e-01 5.5779e-01 4.4221e-01 1.1201e-04 -3.3947e+00 -1.0583e+00 -5.2999e-03 2.7343e+02 2.2059e+01 -2.1840e+00 -2.3020e-01 6.3815e+00 -7.7856e-02 -1.8089e-03 6.3720e+00 -2.1395e-04 6.3646e+00 6.3727e+00 5.5779e-01 5.5779e-01 4.4221e-01 7.6593e-04
5.5276e-01 5.5276e-01 4.4724e-01 1.1195e-04 -3.4482e+00 -9.5699e-01 -4.6710e-03 2.7341e+02 2.1855e+01 -2.2163e+00 -1.9945e-01 6.3772e+00 -7.4801e-02 -1.6459e-03 6.3675e+00 -3.9431e-04 6.3610e+00 6.3686e+00 5.5276e-01 5.5276e-01 4.4724e-01 7.7464e-04
5.4774e-01 5.4774e-01 4.5226e-01 1.1189e-04 -3.5009e+00 -8.5463e-01 -3.9473e-03 2.7338e+02 2.1663e+01 -2.2608e+00 -1.7208e-01 6.3731e+00 -7.1754e-02 -1.4881e-03 6.3630e+00 -5.6235e-04 6.3575e+00 6.3645e+00 5.4774e-01 5.4774e-01 4.5226e-01 7.8334e-04
5.4271e-01 5.4271e-01 4.5729e-01 1.1183e-04 -3.5520e+00 -7.5063e-01 -3.1618e-03 2.7336e+02 2.1483e+01 -2.3237e+00 -1.4781e-01 6.3691e+00 -6.8729e-02 -1.3333e-03 6.3584e+00 -7.1654e-04 6.3539e+00 6.3605e+00 5.4271e-01 5.4271e-01 4.5729e-01 7.9204e-04
5.3769e-01 5.3769e-01 4.6231e-01 1.1177e-04 -3.6035e+00 -6.4603e-01 -2.4163e-03 2.7334e+02 2.1322e+01 -2.3982e+00 -1.2598e-01 6.3652e+00 -6.5690e-02 -1.1842e-03 6.3538e+00 -8.5310e-04 6.3505e+00 6.3565e+00 5.3769e-01 5.3769e-01 4.6231e-01 8.0075e-04
5.3266e-01 5.3266e-01 4.6734e-01 1.1170e-04 -3.6539e+00 -5.4009e-01 -1.7409e-03 2.7332e+02 2.1179e+01 -2.4905e+00 -1.0591e-01 6.3614e+00 -6.2665e-02 -1.0370e-03 6.3491e+00 -9.7322e-04 6.3470e+00 6.3525e+00 5.3266e-01 5.3266e-01 4.6734e-01 8.0945e-04
5.2764e-01 5.2764e-01 4.7236e-01 1.1164e-04 -3.7037e+00 -4.3294e-01 -1.2123e-03 2.7330e+02 2.1055e+01 -2.6011e+00 -8.6906e-02 6.3578e+00 -5.9651e-02 -8.9084e-04 6.3443e+00 -1.0750e-03 6.3436e+00 6.3486e+00 5.2764e-01 5.2764e-01 4.7236e-01 8.1815e-04
5.2261e-01 5.2261e-01 4.7739e-01 1.1158e-04 -3.7541e+00 -3.2548e-01 -9.3709e-04 2.7329e+02 2.0957e+01 -2.7243e+00 -6.8361e-02 6.3542e+00 -5.6618e-02 -7.4898e-04 6.3395e+00 -1.1542e-03 6.3403e+00 6.3447e+00 5.2261e-01 5.2261e-01 4.7739e-01 8.2686e-04
5.1759e-01 5.1759e-01 4.8241e-01 1.1152e-04 -3.8039e+00 -2.1689e-01 -9.7584e-04 2.7327e+02 2.0885e+01 -2.8681e+00 -4.9501e-02 6.3508e+00 -5.3599e-02 -6.0682e-04 6.3347e+00 -1.2104e-03 6.3370e+00 6.3408e+00 5.1759e-01 5.1759e-01 4.8241e-01 8.3556e-04
5.1256e-01 5.1256e-01 4.8744e-01 1.1146e-04 -3.8538e+00 -1.0792e-01 -1.3977e-03 2.7326e+02 2.0841e+01 -3.0268e+00 -2.9630e-02 6.3475e+00 -5.0577e-02 -4.6586e-04 6.3298e+00 -1.2428e-03 6.3337e+00 6.3370e+00 5.1256e-01 5.1256e-01 4.8744e-01 8.4427e-04
5.0754e-01 5.0754e-01 4.9246e-01 1.1139e-04 -3.9047e+00 8.2611e-04 -2.2780e-03 2.7325e+02 2.0826e+01 -3.1962e+00 -8.1988e-03 6.3442e+00 -4.7535e-02 -3.2835e-04 6.3249e+00 -1.2494e-03 6.3305e+00 6.3332e+00 5.0754e-01 5.0754e-01 4.9246e-01 8.5297e-04
5.0251e-01 5.0251e-01 4.9749e-01 1.1133e-04 -3.9554e+00 1.0989e-01 -3.7879e-03 2.7324e+02 2.0849e+01 -3.3855e+00 1.6061e-02 6.3410e+00 -4.4503e-02 -1.8960e-04 6.3200e+00 -1.2244e-03 6.3273e+00 6.3294e+00 5.0251e-01 5.0251e-01 4.9749e-01 8.6167e-04
4.9749e-01 4.9749e-01 5.0251e-01 1.1128e-04 -4.0373e+00 2.0262e-01 -5.9145e-03 2.7322e+02 2.1180e+01 -3.5009e+00 4.4298e-02 6.3380e+00 -4.0736e-02 -4.8043e-05 6.3157e+00 -1.1851e-03 6.3244e+00 6.3261e+00 4.9749e-01 4.9749e-01 5.0251e-01 8.7038e-04
4.9246e-01 4.9246e-01 5.0754e-01 1.1122e-04 -4.0714e+00 3.0982e-01 -8.3809e-03 2.7321e+02 2.1101e+01 -3.6930e+00 6.9609e-02 6.3350e+00 -3.8261e-02 5.3413e-05 6.3108e+00 -1.1141e-03 6.3213e+00 6.3224e+00 4.9246e-01 4.9246e-01 5.0754e-01 8.7908e-04
4.8744e-01 4.8744e-01 5.1256e-01 1.1116e-04 -4.1000e+00 4.0997e-01 -1.0913e-02 2.7320e+02 2.0985e+01 -3.8268e+00 9.2734e-02 6.3323e+00 -3.5893e-02 1.1795e-04 6.3061e+00 -1.0250e-03 6.3184e+00 6.3189e+00 4.8744e-01 4.8744e-01 5.1256e-01 8.8778e-04
4.8241e-01 4.8241e-01 5.1759e-01 1.1111e-04 -4.1255e+00 5.0477e-01 -1.3445e-02 2.7318e+02 2.0848e+01 -3.9193e+00 1.1340e-01 6.3297e+00 -3.3585e-02 1.5547e-04 6.3014e+00 -9.2146e-04 6.3155e+00 6.3155e+00 4.8241e-01 4.8241e-01 5.1759e-01 8.9649e-04
4.7739e-01 4.7739e-01 5.2261e-01 1.1106e-04 -4.1473e+00 5.9461e-01 -1.5853e-02 2.7317e+02 2.0686e+01 -3.9738e+00 1.3077e-01 6.3273e+00 -3.1352e-02 1.6765e-04 6.2968e+00 -8.0699e-04 6.3128e+00 6.3123e+00 4.7739e-01 4.7739e-01 5.2261e-01 9.0519e-04
4.7236e-01 4.7236e-01 5.2764e-01 1.1101e-04 -4.1644e+00 6.7971e-01 -1.8032e-02 2.7315e+02 2.0496e+01 -3.9931e+00 1.4394e-01 6.3251e+00 -2.9218e-02 1.5516e-04 6.2923e+00 -6.8337e-04 6.3101e+00 6.3091e+00 4.7236e-01 4.7236e-01 5.2764e-01 9.1390e-04
4.6734e-01 4.6734e-01 5.3266e-01 1.1097e-04 -4.1784e+00 7.6037e-01 -1.9947e-02 2.7313e+02 2.0289e+01 -3.9824e+00 1.5242e-01 6.3230e+00 -2.7147e-02 1.2124e-04 6.2878e+00 -5.5106e-04 6.3075e+00 6.3061e+00 4.6734e-01 4.6734e-01 5.3266e-01 9.2260e-04
4.6231e-01 4.6231e-01 5.3769e-01 1.1092e-04 -4.1885e+00 8.3738e-01 -2.1542e-02 2.7310e+02 2.0060e+01 -3.9478e+00 1.5615e-01 6.3212e+00 -2.5162e-02 6.9115e-05 6.2834e+00 -4.1288e-04 6.3050e+00 6.3032e+00 4.6231e-01 4.6231e-01 5.3769e-01 9.3130e-04
4.5729e-01 4.5729e-01 5.4271e-01 1.1088e-04 -4.1946e+00 9.1117e-01 -2.2800e-02 2.7308e+02 1.9813e+01 -3.8944e+00 1.5504e-01 6.3194e+00 -2.3265e-02 1.4382e-06 6.2791e+00 -2.6937e-04 6.3025e+00 6.3003e+00 4.5729e-01 4.5729e-01 5.4271e-01 9.4001e-04
4.5226e-01 4.5226e-01 5.4774e-01 1.1084e-04 -4.1981e+00 9.8158e-01 -2.3675e-02 2.7306e+02 1.9553e+01 -3.8231e+00 1.4839e-01 6.3178e+00 -2.1427e-02 -8.1014e-05 6.2748e+00 -1.2040e-04 6.3001e+00 6.2976e+00 4.5226e-01 4.5226e-01 5.4774e-01 9.4871e-04
4.4724e-01 4.4724e-01 5.5276e-01 1.1081e-04 -4.1974e+00 1.0493e+00 -2.4176e-02 2.7303e+02 1.9278e+01 -3.7403e+00 1.3663e-01 6.3163e+00 -1.9685e-02 -1.7540e-04 6.2705e+00 3.3328e-05 6.2977e+00 6.2949e+00 4.4724e-01 4.4724e-01 5.5276e-01 9.5742e-04
4.4221e-01 4.4221e-01 5.5779e-01 1.1077e-04 -4.1938e+00 1.1148e+00 -2.4345e-02 2.7301e+02 1.8992e+01 -3.6497e+00 1.2019e-01 6.3150e+00 -1.8013e-02 -2.7902e-04 6.2663e+00 1.9191e-04 6.2954e+00 6.2922e+00 4.4221e-01 4.4221e-01 5.5779e-01 9.6612e-04
4.3719e-01 4.3719e-01 5.6281e-01 1.1073e-04 -4.1881e+00 1.1778e+00 -2.4170e-02 2.7298e+02 1.8701e+01 -3.5520e+00 9.8852e-02 6.3137e+00 -1.6396e-02 -3.9120e-04 6.2621e+00 3.5532e-04 6.2932e+00 6.2897e+00 4.3719e-01 4.3719e-01 5.6281e-01 9.7482e-04
4.3216e-01 4.3216e-01 5.6784e-01 1.1070e-04 -4.1783e+00 1.2389e+00 -2.3687e-02 2.7296e+02 1.8401e+01 -3.4537e+00 7.2965e-02 6.3126e+00 -1.4877e-02 -5.1008e-04 6.2579e+00 5.2571e-04 6.2910e+00 6.2871e+00 4.3216e-01 4.3216e-01 5.6784e-01 9.8353e-04
4.2714e-01 4.2714e-01 5.7286e-01 1.1067e-04 -4.1667e+00 1.2982e+00 -2.2961e-02 2.7294e+02 1.8100e+01 -3.3549e+00 4.3256e-02 6.3116e+00 -1.3410e-02 -6.3404e-04 6.2537e+00 7.0243e-04 6.2888e+00 6.2847e+00 4.2714e-01 4.2714e-01 5.7286e-01 9.9223e-04
4.2211e-01 4.2211e-01 5.7789e-01 1.1063e-04 -4.1533e+00 1.3557e+00 -2.2016e-02 2.7291e+02 1.7800e+01 -3.2568e+00 9.9596e-03 6.3106e+00 -1.1993e-02 -7.6248e-04 6.2495e+00 8.8587e-04 6.2867e+00 6.2823e+00 4.2211e-01 4.2211e-01 5.7789e-01 1.0009e-03
4.1709e-01 4.1709e-01 5.8291e-01 1.1060e-04 -4.1367e+00 1.4117e+00 -2.0962e-02 2.7289e+02 1.7501e+01 -3.1665e+00 -2.6032e-02 6.3098e+00 -1.0662e-02 -8.9347e-04 6.2454e+00 1.0804e-03 6.2846e+00 6.2799e+00 4.1709e-01 4.1709e-01 5.8291e-01 1.0096e-03
4.1206e-01 4.1206e-01 5.8794e-01 1.1057e-04 -4.1191e+00 1.4660e+00 -1.9805e-02 2.7287e+02 1.7210e+01 -3.0801e+00 -6.4595e-02 6.3090e+00 -9.3674e-03 -1.0277e-03 6.2413e+00 1.2843e-03 6.2825e+00 6.2776e+00 4.1206e-01 4.1206e-01 5.8794e-01 1.0183e-03
4.0704e-01 4.0704e-01 5.9296e-01 1.1054e-04 -4.1002e+00 1.5188e+00 -1.8636e-02 2.7285e+02 1.6928e+01 -3.0004e+00 -1.0477e-01 6.3083e+00 -8.1195e-03 -1.1640e-03 6.2372e+00 1.4991e-03 6.2805e+00 6.2753e+00 4.0704e-01 4.0704e-01 5.9296e-01 1.0270e-03
4.0201e-01 4.0201e-01 5.9799e-01 1.1051e-04 -4.0794e+00 1.5703e+00 -1.7605e-02 2.7283e+02 1.6657e+01 -2.9322e+00 -1.4519e-01 6.3076e+00 -6.9315e-03 -1.3013e-03 6.2332e+00 1.7287e-03 6.2785e+00 6.2731e+00 4.0201e-01 4.0201e-01 5.9799e-01 1.0357e-03
3.9698e-01 3.9698e-01 6.0302e-01 1.1047e-04 -4.0585e+00 1.6198e+00 -1.6672e-02 2.7281e+02 1.6404e+01 -2.8701e+00 -1.8641e-01 6.3070e+00 -5.7651e-03 -1.4419e-03 6.2291e+00 1.9722e-03 6.2766e+00 6.2709e+00 3.9698e-01 3.9698e-01 6.0302e-01 1.0445e-03
3.9196e-01 3.9196e-01 6.0804e-01 1.1044e-04 -4.0368e+00 1.6679e+00 -1.6004e-02 2.7279e+02 1.6169e+01 -2.8186e+00 -2.2658e-01 6.3065e+00 -4.6375e-03 -1.5843e-03 6.2252e+00 2.2320e-03 6.2746e+00 6.2688e+00 3.9196e-01 3.9196e-01 6.0804e-01 1.0532e-03
3.8693e-01 3.8693e-01 6.1307e-01 1.1041e-04 -4.0147e+00 1.7143e+00 -1.5706e-02 2.7278e+02 1.5955e+01 -2.7781e+00 -2.6469e-01 6.3060e+00 -3.5428e-03 -1.7289e-03 6.2212e+00 2.5100e-03 6.2727e+00 6.2666e+00 3.8693e-01 3.8693e-01 6.1307e-01 1.0619e-03
3.8191e-01 3.8191e-01 6.1809e-01 1.1038e-04 -3.9935e+00 1.7583e+00 -1.5761e-02 2.7276e+02 1.5769e+01 -2.7440e+00 -3.0114e-01 6.3055e+00 -2.4516e-03 -1.8790e-03 6.2174e+00 2.8062e-03 6.2709e+00 6.2646e+00 3.8191e-01 3.8191e-01 6.1809e-01 1.0706e-03
3.7688e-01 3.7688e-01 6.2312e-01 1.1035e-04 -3.9724e+00 1.8003e+00 -1.6406e-02 2.7275e+02 1.5613e+01 -2.7212e+00 -3.3340e-01 6.3050e+00 -1.3846e-03 -2.0330e-03 6.2136e+00 3.1247e-03 6.2691e+00 6.2626e+00 3.7688e-01 3.7688e-01 6.2312e-01 1.0793e-03
3.7186e-01 3.7186e-01 6.2814e-01 1.1033e-04 -3.9701e+00 1.8268e+00 -1.6692e-02 2.7273e+02 1.5657e+01 -2.6338e+00 -3.5610e-01 6.3048e+00 5.5552e-05 -2.3263e-03 6.2106e+00 3.4023e-03 6.2675e+00 6.2610e+00 3.7186e-01 3.7186e-01 6.2814e-01 1.0880e-03
3.6683e-01 3.6683e-01 6.3317e-01 1.1030e-04 -3.9355e+00 1.8681e+00 -2.0850e-02 2.7273e+02 1.5438e+01 -2.6438e+00 -3.5447e-01 6.3042e+00 7.0834e-04 -2.4748e-03 6.2069e+00 3.7866e-03 6.2658e+00 6.2589e+00 3.6683e-01 3.6683e-01 6.3317e-01 1.0967e-03
3.6181e-01 3.6181e-01 6.3819e-01 1.1027e-04 -3.8994e+00 1.9042e+00 -2.4550e-02 2.7272e+02 1.5223e+01 -2.6359e+00 -3.5579e-01 6.3037e+00 1.3108e-03 -2.6395e-03 6.2033e+00 4.1633e-03 6.2641e+00 6.2570e+00 3.6181e-01 3.6181e-01 6.3819e-01 1.1054e-03
3.5678e-01 3.5678e-01 6.4322e-01 1.1024e-04 -3.8625e+00 1.9364e+00 -2.7859e-02 2.7271e+02 1.5012e+01 -2.6149e+00 -3.5992e-01 6.3032e+00 1.8855e-03 -2.8146e-03 6.1999e+00 4.5331e-03 6.2624e+00 6.2552e+00 3.5678e-01 3.5678e-01 6.4322e-01 1.1141e-03
3.5176e-01 3.5176e-01 6.4824e-01 1.1021e-04 -3.8249e+00 1.9648e+00 -3.0763e-02 2.7270e+02 1.4805e+01 -2.5821e+00 -3.6697e-01 6.3028e+00 2.4332e-03 -2.9989e-03 6.1965e+00 4.8951e-03 6.2608e+00 6.2534e+00 3.5176e-01 3.5176e-01 6.4824e-01 1.1228e-03
3.4673e-01 3.4673e-01 6.5327e-01 1.1018e-04 -3.7852e+00 1.9890e+00 -3.3192e-02 2.7270e+02 1.4597e+01 -2.5390e+00 -3.7716e-01 6.3025e+00 2.9208e-03 -3.1927e-03 6.1934e+00 5.2464e-03 6.2592e+00 6.2517e+00 3.4673e-01 3.4673e-01 6.5327e-01 1.1315e-03
3.4171e-01 3.4171e-01 6.5829e-01 1.1016e-04 -3.7447e+00 2.0099e+00 -3.5219e-02 2.7269e+02 1.4392e+01 -2.4877e+00 -3.9035e-01 6.3022e+00 3.3807e-03 -3.3919e-03 6.1903e+00 5.5889e-03 6.2577e+00 6.2501e+00 3.4171e-01 3.4171e-01 6.5829e-01 1.1402e-03
3.3668e-01 3.3668e-01 6.6332e-01 1.1013e-04 -3.7030e+00 2.0277e+00 -3.6861e-02 2.7268e+02 1.4188e+01 -2.4299e+00 -4.0628e-01 6.3019e+00 3.8020e-03 -3.5958e-03 6.1873e+00 5.9220e-03 6.2563e+00 6.2485e+00 3.3668e-01 3.3668e-01 6.6332e-01 1.1489e-03
3.3166e-01 3.3166e-01 6.6834e-01 1.1011e-04 -3.6592e+00 2.0423e+00 -3.8135e-02 2.7268e+02 1.3979e+01 -2.3679e+00 -4.2475e-01 6.3017e+00 4.1657e-03 -3.8025e-03 6.1844e+00 6.2453e-03 6.2548e+00 6.2470e+00 3.3166e-01 3.3166e-01 6.6834e-01 1.1576e-03
3.2663e-01 3.2663e-01 6.7337e-01 1.1008e-04 -3.6145e+00 2.0540e+00 -3.9024e-02 2.7267e+02 1.3773e+01 -2.3006e+00 -4.4611e-01 6.3014e+00 4.4994e-03 -4.0111e-03 6.1816e+00 6.5588e-03 6.2534e+00 6.2455e+00 3.2663e-01 3.2663e-01 6.7337e-01 1.1663e-03
3.2161e-01 3.2161e-01 6.7839e-01 1.1006e-04 -3.5681e+00 2.0631e+00 -3.9617e-02 2.7267e+02 1.3563e+01 -2.2311e+00 -4.6956e-01 6.3012e+00 4.7848e-03 -4.2198e-03 6.1789e+00 6.8637e-03 6.2521e+00 6.2441e+00 3.2161e-01 3.2161e-01 6.7839e-01 1.1750e-03
3.1658e-01 3.1658e-01 6.8342e-01 1.1004e-04 -3.5198e+00 2.0698e+00 -3.9959e-02 2.7266e+02 1.3349e+01 -2.1604e+00 -4.9475e-01 6.3010e+00 5.0189e-03 -4.4273e-03 6.1763e+00 7.1608e-03 6.2508e+00 6.2427e+00 3.1658e-01 3.1658e-01 6.8342e-01 1.1837e-03
3.1156e-01 3.1156e-01 6.8844e-01 1.1001e-04 -3.4707e+00 2.0737e+00 -3.9997e-02 2.7266e+02 1.3135e+01 -2.0865e+00 -5.2222e-01 6.3008e+00 5.2229e-03 -4.6333e-03 6.1738e+00 7.4486e-03 6.2495e+00 6.2414e+00 3.1156e-01 3.1156e-01 6.8844e-01 1.1924e-03
3.0653e-01 3.0653e-01 6.9347e-01 1.0999e-04 -3.4195e+00 2.0754e+00 -3.9856e-02 2.7266e+02 1.2916e+01 -2.0127e+00 -5.5083e-01 6.3006e+00 5.3715e-03 -4.8360e-03 6.1714e+00 7.7295e-03 6.2482e+00 6.2401e+00 3.0653e-01 3.0653e-01 6.9347e-01 1.2011e-03
3.0151e-01 3.0151e-01 6.9849e-01 1.0997e-04 -3.3668e+00 2.0748e+00 -3.9558e-02 2.7266e+02 1.2694e+01 -1.9384e+00 -5.8046e-01 6.3004e+00 5.4783e-03 -5.0350e-03 6.1691e+00 8.0039e-03 6.2470e+00 6.2388e+00 3.0151e-01 3.0151e-01 6.9849e-01 1.2098e-03
2.9648e-01 2.9648e-01 7.0352e-01 1.0995e-04 -3.3133e+00 2.0718e+00 -3.9076e-02 2.7265e+02 1.2472e+01 -1.8620e+00 -6.1131e-01 6.3001e+00 5.5572e-03 -5.2306e-03 6.1668e+00 8.2708e-03 6.2458e+00 6.2376e+00 2.9648e-01 2.9648e-01 7.0352e-01 1.2185e-03
2.9146e-01 2.9146e-01 7.0854e-01 1.0993e-04 -3.2577e+00 2.0665e+00 -3.8528e-02 2.7265e+02 1.2244e+01 -1.7863e+00 -6.4225e-01 6.2999e+00 5.5778e-03 -5.4201e-03 6.1647e+00 8.5320e-03 6.2446e+00 6.2364e+00 2.9146e-01 2.9146e-01 7.0854e-01 1.2272e-03
2.8643e-01 2.8643e-01 7.1357e-01 1.0991e-04 -3.2012e+00 2.0591e+00 -3.7887e-02 2.7265e+02 1.2016e+01 -1.7091e+00 -6.7355e-01 6.2996e+00 5.5688e-03 -5.6052e-03 6.1626e+00 8.7871e-03 6.2434e+00 6.2352e+00 2.8643e-01 2.8643e-01 7.1357e-01 1.2359e-03
2.8141e-01 2.8141e-01 7.1859e-01 1.0989e-04 -3.1439e+00 2.0494e+00 -3.7157e-02 2.7265e+02 1.1788e+01 -1.6298e+00 -7.0512e-01 6.2994e+00 5.5348e-03 -5.7860e-03 6.1607e+00 9.0357e-03 6.2423e+00 6.2341e+00 2.8141e-01 2.8141e-01 7.1859e-01 1.2446e-03
2.7638e-01 2.7638e-01 7.2362e-01 1.0987e-04 -3.0849e+00 2.0373e+00 -3.6443e-02 2.7265e+02 1.1556e+01 -1.5502e+00 -7.3579e-01 6.2991e+00 5.4486e-03 -5.9598e-03 6.1588e+00 9.2786e-03 6.2412e+00 6.2330e+00 2.7638e-01 2.7638e-01 7.2362e-01 1.2533e-03
2.7136e-01 2.7136e-01 7.2864e-01 1.0985e-04 -3.0255e+00 2.0228e+00 -3.5653e-02 2.7265e+02 1.1326e+01 -1.4673e+00 -7.6637e-01 6.2988e+00 5.3463e-03 -6.1295e-03 6.1570e+00 9.5141e-03 6.2401e+00 6.2320e+00 2.7136e-01 2.7136e-01 7.2864e-01 1.2620e-03
2.6633e-01 2.6633e-01 7.3367e-01 1.0983e-04 -2.9656e+00 2.0062e+00 -3.4826e-02 2.7265e+02 1.1098e+01 -1.3816e+00 -7.9642e-01 6.2984e+00 5.2213e-03 -6.2947e-03 6.1553e+00 9.7424e-03 6.2390e+00 6.2309e+00 2.6633e-01 2.6633e-01 7.3367e-01 1.2708e-03
2.6131e-01 2.6131e-01 7.3869e-01 1.0981e-04 -2.9047e+00 1.9871e+00 -3.4005e-02 2.7265e+02 1.0871e+01 -1.2937e+00 -8.2524e-01 6.2981e+00 5.0638e-03 -6.4545e-03 6.1537e+00 9.9628e-03 6.2380e+00 6.2299e+00 2.6131e-01 2.6131e-01 7.3869e-01 1.2795e-03
2.5628e-01 2.5628e-01 7.4372e-01 1.0980e-04 -2.8441e+00 1.9653e+00 -3.3061e-02 2.7266e+02 1.0651e+01 -1.2004e+00 -8.5382e-01 6.2977e+00 4.9034e-03 -6.6114e-03 6.1522e+00 1.0172e-02 6.2369e+00 6.2290e+00 2.5628e-01 2.5628e-01 7.4372e-01 1.2882e-03
2.5126e-01 2.5126e-01 7.4874e-01 1.0978e-04 -2.7834e+00 1.9412e+00 -3.2048e-02 2.7266e+02 1.0435e+01 -1.1033e+00 -8.8155e-01 6.2973e+00 4.7289e-03 -6.7648e-03 6.1509e+00 1.0370e-02 6.2359e+00 6.2280e+00 2.5126e-01 2.5126e-01 7.4874e-01 1.2969e-03
2.4623e-01 2.4623e-01 7.5377e-01 1.0977e-04 -2.7192e+00 1.9008e+00 -2.7424e-02 2.7265e+02 1.0244e+01 -9.5308e-01 -8.9745e-01 6.2969e+00 4.5518e-03 -7.0974e-03 6.1503e+00 1.0419e-02 6.2353e+00 6.2275e+00 2.4623e-01 2.4623e-01 7.5377e-01 1.3056e-03
2.4121e-01 2.4121e-01 7.5879e-01 1.0976e-04 -2.6462e+00 1.8792e+00 -2.8242e-02 2.7265e+02 9.9903e+00 -9.0937e-01 -8.9936e-01 6.2961e+00 4.0529e-03 -7.2297e-03 6.1490e+00 1.0622e-02 6.2343e+00 6.2265e+00 2.4121e-01 2.4121e-01 7.5879e-01 1.3143e-03
2.3618e-01 2.3618e-01 7.6382e-01 1.0974e-04 -2.5740e+00 1.8550e+00 -2.8679e-02 2.7265e+02 9.7475e+00 -8.5616e-01 -9.0465e-01 6.2953e+00 3.5876e-03 -7.3632e-03 6.1478e+00 1.0811e-02 6.2333e+00 6.2255e+00 2.3618e-01 2.3618e-01 7.6382e-01 1.3230e-03
2.3116e-01 2.3116e-01 7.6884e-01 1.0972e-04 -2.5028e+00 1.8288e+00 -2.8798e-02 2.7264e+02 9.5141e+00 -7.9477e-01 -9.1282e-01 6.2944e+00 3.1537e-03 -7.4960e-03 6.1467e+00 1.0988e-02 6.2323e+00 6.2245e+00 2.3116e-01 2.3116e-01 7.6884e-01 1.3317e-03
2.2613e-01 2.2613e-01 7.7387e-01 1.0971e-04 -2.4329e+00 1.8007e+00 -2.8583e-02 2.7264e+02 9.2906e+00 -7.2638e-01 -9.2380e-01 6.2936e+00 2.7536e-03 -7.6266e-03 6.1457e+00 1.1149e-02 6.2314e+00 6.2236e+00 2.2613e-01 2.2613e-01 7.7387e-01 1.3404e-03
2.2111e-01 2.2111e-01 7.7889e-01 1.0969e-04 -2.3634e+00 1.7703e+00 -2.8146e-02 2.7264e+02 9.0728e+00 -6.4769e-01 -9.3751e-01 6.2927e+00 2.3810e-03 -7.7550e-03 6.1448e+00 1.1301e-02 6.2305e+00 6.2227e+00 2.2111e-01 2.2111e-01 7.7889e-01 1.3491e-03
2.1608e-01 2.1608e-01 7.8392e-01 1.0968e-04 -2.2948e+00 1.7384e+00 -2.7513e-02 2.7264e+02 8.8604e+00 -5.6179e-01 -9.5331e-01 6.2918e+00 2.0342e-03 -7.8794e-03 6.1439e+00 1.1442e-02 6.2296e+00 6.2218e+00 2.1608e-01 2.1608e-01 7.8392e-01 1.3578e-03
2.1106e-01 2.1106e-01 7.8894e-01 1.0966e-04 -2.2270e+00 1.7050e+00 -2.6693e-02 2.7264e+02 8.6530e+00 -4.6916e-01 -9.7107e-01 6.2909e+00 1.7129e-03 -7.9992e-03 6.1432e+00 1.1572e-02 6.2288e+00 6.2210e+00 2.1106e-01 2.1106e-01 7.8894e-01 1.3665e-03
2.0603e-01 2.0603e-01 7.9397e-01 1.0965e-04 -2.1593e+00 1.6697e+00 -2.5814e-02 2.7264e+02 8.4465e+00 -3.6578e-01 -9.9059e-01 6.2900e+00 1.4127e-03 -8.1126e-03 6.1425e+00 1.1697e-02 6.2279e+00 6.2202e+00 2.0603e-01 2.0603e-01 7.9397e-01 1.3752e-03
2.0101e-01 2.0101e-01 7.9899e-01 1.0964e-04 -2.0925e+00 1.6332e+00 -2.4815e-02 2.7264e+02 8.2432e+00 -2.5592e-01 -1.0116e+00 6.2890e+00 1.1356e-03 -8.2190e-03 6.1419e+00 1.1812e-02 6.2271e+00 6.2194e+00 2.0101e-01 2.0101e-01 7.9899e-01 1.3839e-03
1.9598e-01 1.9598e-01 8.0402e-01 1.0962e-04 -2.0263e+00 1.5955e+00 -2.3754e-02 2.7263e+02 8.0412e+00 -1.3883e-01 -1.0338e+00 6.2880e+00 8.7808e-04 -8.3181e-03 6.1415e+00 1.1921e-02 6.2263e+00 6.2186e+00 1.9598e-01 1.9598e-01 8.0402e-01 1.3926e-03
1.9095e-01 1.9095e-01 8.0905e-01 1.0961e-04 -1.9601e+00 1.5565e+00 -2.2735e-02 2.7263e+02 7.8375e+00 -1.2464e-02 -1.0568e+00 6.2870e+00 6.3649e-04 -8.4078e-03 6.1411e+00 1.2026e-02 6.2256e+00 6.2179e+00 1.9095e-01 1.9095e-01 8.0905e-01 1.4013e-03
1.8593e-01 1.8593e-01 8.1407e-01 1.0960e-04 -1.8949e+00 1.5164e+00 -2.1634e-02 2.7263e+02 7.6357e+00 1.2016e-01 -1.0809e+00 6.2859e+00 4.1767e-04 -8.4876e-03 6.1407e+00 1.2122e-02 6.2248e+00 6.2172e+00 1.8593e-01 1.8593e-01 8.1407e-01 1.4100e-03
1.8090e-01 1.8090e-01 8.1910e-01 1.0959e-04 -1.8301e+00 1.4754e+00 -2.0561e-02 2.7263e+02 7.4325e+00 2.6012e-01 -1.1056e+00 6.2848e+00 2.1433e-04 -8.5574e-03 6.1405e+00 1.2214e-02 6.2240e+00 6.2165e+00 1.8090e-01 1.8090e-01 8.1910e-01 1.4187e-03
1.7588e-01 1.7588e-01 8.2412e-01 1.0958e-04 -1.7656e+00 1.4335e+00 -1.9547e-02 2.7263e+02 7.2271e+00 4.0747e-01 -1.1307e+00 6.2837e+00 2.5147e-05 -8.6161e-03 6.1403e+00 1.2303e-02 6.2233e+00 6.2158e+00 1.7588e-01 1.7588e-01 8.2412e-01 1.4274e-03
1.7085e-01 1.7085e-01 8.2915e-01 1.0956e-04 -1.7022e+00 1.3909e+00 -1.8450e-02 2.7263e+02 7.0232e+00 5.6018e-01 -1.1566e+00 6.2825e+00 -1.4071e-04 -8.6627e-03 6.1403e+00 1.2383e-02 6.2226e+00 6.2151e+00 1.7085e-01 1.7085e-01 8.2915e-01 1.4361e-03
1.6583e-01 1.6583e-01 8.3417e-01 1.0955e-04 -1.6392e+00 1.3475e+00 -1.7410e-02 2.7263e+02 6.8168e+00 7.1961e-01 -1.1829e+00 6.2813e+00 -2.9247e-04 -8.6968e-03 6.1403e+00 1.2461e-02 6.2219e+00 6.2145e+00 1.6583e-01 1.6583e-01 8.3417e-01 1.4448e-03
1.6080e-01 1.6080e-01 8.3920e-01 1.0954e-04 -1.5768e+00 1.3036e+00 -1.6361e-02 2.7263e+02 6.6093e+00 8.8418e-01 -1.2097e+00 6.2801e+00 -4.2766e-04 -8.7187e-03 6.1404e+00 1.2534e-02 6.2212e+00 6.2139e+00 1.6080e-01 1.6080e-01 8.3920e-01 1.4535e-03
1.5578e-01 1.5578e-01 8.4422e-01 1.0953e-04 -1.5156e+00 1.2592e+00 -1.5200e-02 2.7263e+02 6.4033e+00 1.0523e+00 -1.2374e+00 6.2788e+00 -5.4089e-04 -8.7283e-03 6.1405e+00 1.2597e-02 6.2205e+00 6.2133e+00 1.5578e-01 1.5578e-01 8.4422e-01 1.4622e-03
1.5075e-01 1.5075e-01 8.4925e-01 1.0952e-04 -1.4551e+00 1.2143e+00 -1.4031e-02 2.7262e+02 6.1952e+00 1.2255e+00 -1.2656e+00 6.2775e+00 -6.3692e-04 -8.7231e-03 6.1408e+00 1.2657e-02 6.2198e+00 6.2127e+00 1.5075e-01 1.5075e-01 8.4925e-01 1.4709e-03
1.4573e-01 1.4573e-01 8.5427e-01 1.0951e-04 -1.3958e+00 1.1693e+00 -1.2724e-02 2.7262e+02 5.9884e+00 1.4011e+00 -1.2949e+00 6.2762e+00 -7.1227e-04 -8.7056e-03 6.1411e+00 1.2707e-02 6.2192e+00 6.2122e+00 1.4573e-01 1.4573e-01 8.5427e-01 1.4796e-03
1.4070e-01 1.4070e-01 8.5930e-01 1.0950e-04 -1.3377e+00 1.1240e+00 -1.1228e-02 2.7262e+02 5.7839e+00 1.5779e+00 -1.3255e+00 6.2748e+00 -7.6538e-04 -8.6763e-03 6.1415e+00 1.2747e-02 6.2185e+00 6.2116e+00 1.4070e-01 1.4070e-01 8.5930e-01 1.4883e-03
1.3568e-01 1.3568e-01 8.6432e-01 1.0950e-04 -1.2808e+00 1.0787e+00 -9.5563e-03 2.7262e+02 5.5794e+00 1.7569e+00 -1.3574e+00 6.2734e+00 -7.9556e-04 -8.6309e-03 6.1420e+00 1.2779e-02 6.2179e+00 6.2111e+00 1.3568e-01 1.3568e-01 8.6432e-01 1.4970e-03
1.3065e-01 1.3065e-01 8.6935e-01 1.0949e-04 -1.2256e+00 1.0334e+00 -7.5691e-03 2.7263e+02 5.3791e+00 1.9348e+00 -1.3913e+00 6.2721e+00 -7.9975e-04 -8.5739e-03 6.1426e+00 1.2795e-02 6.2172e+00 6.2106e+00 1.3065e-01 1.3065e-01 8.6935e-01 1.5058e-03
1.2563e-01 1.2563e-01 8.7437e-01 1.0948e-04 -1.1719e+00 9.8832e-01 -5.2537e-03 2.7263e+02 5.1824e+00 2.1114e+00 -1.4273e+00 6.2706e+00 -7.7856e-04 -8.5049e-03 6.1433e+00 1.2797e-02 6.2166e+00 6.2102e+00 1.2563e-01 1.2563e-01 8.7437e-01 1.5145e-03
1.2060e-01 1.2060e-01 8.7940e-01 1.0947e-04 -1.0999e+00 8.8296e-01 6.0647e-03 2.7264e+02 4.6762e+00 2.4691e+00 -1.4905e+00 6.2687e+00 -6.9179e-04 -8.3149e-03 6.1456e+00 1.2133e-02 6.2161e+00 6.2101e+00 1.2060e-01 1.2060e-01 8.7940e-01 1.5232e-03
1.1558e-01 1.1558e-01 8.8442e-01 1.0946e-04 -1.0313e+00 8.2277e-01 9.5337e-03 2.7265e+02 4.3655e+00 2.6290e+00 -1.5058e+00 6.2667e+00 -8.8816e-04 -8.0925e-03 6.1471e+00 1.1917e-02 6.2156e+00 6.2098e+00 1.1558e-01 1.1558e-01 8.8442e-01 1.5319e-03
1.1055e-01 1.1055e-01 8.8945e-01 1.0945e-04 -9.6407e-01 7.6437e-01 1.3361e-02 2.7266e+02 4.0707e+00 2.7731e+00 -1.5207e+00 6.2646e+00 -1.0708e-03 -7.8685e-03 6.1487e+00 1.1700e-02 6.2151e+00 6.2095e+00 1.1055e-01 1.1055e-01 8.8945e-01 1.5406e-03
1.0553e-01 1.0553e-01 8.9447e-01 1.0944e-04 -8.9846e-01 7.0863e-01 1.7241e-02 2.7267e+02 3.7927e+00 2.8989e+00 -1.5341e+00 6.2624e+00 -1.2411e-03 -7.6465e-03 6.1503e+00 1.1485e-02 6.2146e+00 6.2091e+00 1.0553e-01 1.0553e-01 8.9447e-01 1.5493e-03
1.0050e-01 1.0050e-01 8.9950e-01 1.0943e-04 -8.3541e-01 6.5497e-01 2.1437e-02 2.7268e+02 3.5318e+00 3.0110e+00 -1.5473e+00 6.2603e+00 -1.3955e-03 -7.4165e-03 6.1519e+00 1.1261e-02 6.2141e+00 6.2087e+00 1.0050e-01 1.0050e-01 8.9950e-01 1.5580e-03
9.5477e-02 9.5477e-02 9.0452e-01 1.0942e-04 -7.7438e-01 6.0483e-01 2.5330e-02 2.7268e+02 3.2886e+00 3.1036e+00 -1.5579e+00 6.2580e+00 -1.5391e-03 -7.1922e-03 6.1535e+00 1.1037e-02 6.2136e+00 6.2084e+00 9.5477e-02 9.5477e-02 9.0452e-01 1.5667e-03
9.0452e-02 9.0452e-02 9.0955e-01 1.0941e-04 -7.1565e-01 5.5801e-01 2.8902e-02 2.7269e+02 3.0621e+00 3.1789e+00 -1.5660e+00 6.2557e+00 -1.6725e-03 -6.9722e-03 6.1551e+00 1.0810e-02 6.2132e+00 6.2080e+00 9.0452e-02 9.0452e-02 9.0955e-01 1.5754e-03
8.5427e-02 8.5427e-02 9.1457e-01 1.0940e-04 -6.5968e-01 5.1393e-01 3.2352e-02 2.7270e+02 2.8520e+00 3.2409e+00 -1.5728e+00 6.2534e+00 -1.7941e-03 -6.7505e-03 6.1567e+00 1.0576e-02 6.2127e+00 6.2076e+00 8.5427e-02 8.5427e-02 9.1457e-01 1.5841e-03
8.0402e-02 8.0402e-02 9.1960e-01 1.0939e-04 -6.0639e-01 4.7443e-01 3.5013e-02 2.7271e+02 2.6614e+00 3.2813e+00 -1.5752e+00 6.2511e+00 -1.9077e-03 -6.5425e-03 6.1583e+00 1.0343e-02 6.2123e+00 6.2072e+00 8.0402e-02 8.0402e-02 9.1960e-01 1.5928e-03
7.5377e-02 7.5377e-02 9.2462e-01 1.0938e-04 -5.5576e-01 4.3805e-01 3.7230e-02 2.7271e+02 2.4866e+00 3.3078e+00 -1.5751e+00 6.2488e+00 -2.0136e-03 -6.3403e-03 6.1598e+00 1.0107e-02 6.2119e+00 6.2068e+00 7.5377e-02 7.5377e-02 9.2462e-01 1.6015e-03
7.0352e-02 7.0352e-02 9.2965e-01 1.0937e-04 -5.0786e-01 4.0439e-01 3.9099e-02 2.7272e+02 2.3267e+00 3.3228e+00 -1.5730e+00 6.2465e+00 -2.1116e-03 -6.1421e-03 6.1613e+00 9.8667e-03 6.2114e+00 6.2064e+00 7.0352e-02 7.0352e-02 9.2965e-01 1.6102e-03
6.5327e-02 6.5327e-02 9.3467e-01 1.0936e-04 -4.6306e-01 3.7549e-01 3.9934e-02 2.7273e+02 2.1871e+00 3.3173e+00 -1.5658e+00 6.2441e+00 -2.2057e-03 -5.9639e-03 6.1628e+00 9.6322e-03 6.2110e+00 6.2060e+00 6.5327e-02 6.5327e-02 9.3467e-01 1.6189e-03
6.0302e-02 6.0302e-02 9.3970e-01 1.0935e-04 -4.2107e-01 3.4889e-01 4.0435e-02 2.7273e+02 2.0617e+00 3.3029e+00 -1.5567e+00 6.2418e+00 -2.2941e-03 -5.7909e-03 6.1641e+00 9.3959e-03 6.2105e+00 6.2055e+00 6.0302e-02 6.0302e-02 9.3970e-01 1.6276e-03
5.5276e-02 5.5276e-02 9.4472e-01 1.0934e-04 -3.8181e-01 3.2485e-01 4.0469e-02 2.7274e+02 1.9509e+00 3.2784e+00 -1.5453e+00 6.2395e+00 -2.3782e-03 -5.6270e-03 6.1654e+00 9.1611e-03 6.2100e+00 6.2050e+00 5.5276e-02 5.5276e-02 9.4472e-01 1.6363e-03
5.0251e-02 5.0251e-02 9.4975e-01 1.0933e-04 -3.4546e-01 3.0410e-01 3.9740e-02 2.7274e+02 1.8572e+00 3.2407e+00 -1.5299e+00 6.2372e+00 -2.4615e-03 -5.4808e-03 6.1665e+00 8.9355e-03 6.2095e+00 6.2044e+00 5.0251e-02 5.0251e-02 9.4975e-01 1.6450e-03
4.5226e-02 4.5226e-02 9.5477e-01 1.0932e-04 -3.1208e-01 2.8478e-01 3.8883e-02 2.7275e+02 1.7773e+00 3.1983e+00 -1.5134e+00 6.2349e+00 -2.5393e-03 -5.3385e-03 6.1674e+00 8.7096e-03 6.2089e+00 6.2038e+00 4.5226e-02 4.5226e-02 9.5477e-01 1.6537e-03
4.0201e-02 4.0201e-02 9.5980e-01 1.0930e-04 -2.8132e-01 2.6724e-01 3.7684e-02 2.7276e+02 1.7112e+00 3.1493e+00 -1.4949e+00 6.2327e+00 -2.6145e-03 -5.2068e-03 6.1682e+00 8.4896e-03 6.2082e+00 6.2030e+00 4.0201e-02 4.0201e-02 9.5980e-01 1.6624e-03
3.5176e-02 3.5176e-02 9.6482e-01 1.0928e-04 -2.5311e-01 2.5120e-01 3.6192e-02 2.7276e+02 1.6589e+00 3.0947e+00 -1.4742e+00 6.2303e+00 -2.6880e-03 -5.0863e-03 6.1688e+00 8.2769e-03 6.2075e+00 6.2022e+00 3.5176e-02 3.5176e-02 9.6482e-01 1.6711e-03
3.0151e-02 3.0151e-02 9.6985e-01 1.0927e-04 -2.2788e-01 2.3522e-01 3.4979e-02 2.7276e+02 1.6192e+00 3.0411e+00 -1.4539e+00 6.2281e+00 -2.7518e-03 -4.9657e-03 6.1691e+00 8.0599e-03 6.2066e+00 6.2013e+00 3.0151e-02 3.0151e-02 9.6985e-01 1.6798e-03
2.5126e-02 2.5126e-02 9.7487e-01 1.0924e-04 -2.0504e-01 2.1971e-01 3.3783e-02 2.7277e+02 1.5921e+00 2.9859e+00 -1.4325e+00 6.2257e+00 -2.8098e-03 -4.8527e-03 6.1692e+00 7.8447e-03 6.2055e+00 6.2001e+00 2.5126e-02 2.5126e-02 9.7487e-01 1.6885e-03
2.0101e-02 2.0101e-02 9.7990e-01 1.0922e-04 -1.8452e-01 2.0379e-01 3.2913e-02 2.7277e+02 1.5762e+00 2.9327e+00 -1.4111e+00 6.2233e+00 -2.8572e-03 -4.7419e-03 6.1689e+00 7.6231e-03 6.2043e+00 6.1989e+00 2.0101e-02 2.0101e-02 9.7990e-01 1.6972e-03
1.5075e-02 1.5075e-02 9.8492e-01 1.0919e-04 -1.6645e-01 1.8652e-01 3.2728e-02 2.7278e+02 1.5701e+00 2.8855e+00 -1.3914e+00 6.2209e+00 -2.8854e-03 -4.6266e-03 6.1683e+00 7.3822e-03 6.2029e+00 6.1974e+00 1.5075e-02 1.5075e-02 9.8492e-01 1.7059e-03
1.0050e-02 1.0050e-02 9.8995e-01 1.0916e-04 -1.5067e-01 1.6785e-01 3.3181e-02 2.7278e+02 1.5757e+00 2.8432e+00 -1.3721e+00 6.2183e+00 -2.8924e-03 -4.5119e-03 6.1672e+00 7.1181e-03 6.2012e+00 6.1956e+00 1.0050e-02 1.0050e-02 9.8995e-01 1.7146e-03
5.0251e-03 5.0251e-03 9.9497e-01 1.0912e-04 -1.3689e-01 1.4697e-01 3.4563e-02 2.7278e+02 1.5898e+00 2.8094e+00 -1.3548e+00 6.2156e+00 -2.8696e-03 -4.3908e-03 6.1657e+00 6.8149e-03 6.1993e+00 6.1936e+00 5.0251e-03 5.0251e-03 9.9497e-01 1.7233e-03
0.0000e+00 0.0000e+00 1.0000e+00 1.0908e-04 -1.2504e-01 1.2357e-01 3.6985e-02 2.7279e+02 1.6111e+00 2.7852e+00 -1.3399e+00 6.2128e+00 -2.8090e-03 -4.2617e-03 6.1638e+00 6.4594e-03 6.1971e+00 6.1912e+00 0.0000e+00 0.0000e+00 1.0000e+00 1.7321e-03
