	0	0.0004909059568	31.81401157	7.104666014e-06	266.3582631	27.2065225	1990.225166
	1.901997108e-06	0.0004895467241	31.90858083	6.835120857e-06	266.4288127	27.13828981	1992.195655
	6.299966682e-06	0.0004864720031	32.12253714	6.251734863e-06	266.58589	26.98359857	1996.586872
	1.299948176e-05	0.000481964132	32.43651103	5.465096505e-06	266.809408	26.75589106	2002.853067
	2.172570607e-05	0.0004763913271	32.82577152	4.61152467e-06	267.0733457	26.47274346	2010.304333
	3.212128613e-05	0.0004701556868	33.26414603	3.820852133e-06	267.350184	26.15350507	2018.238237
	4.376059569e-05	0.0004636359829	33.72799404	3.186857975e-06	267.6155965	25.81666145	2026.068602
	5.61671079e-05	0.0004571479384	34.1985122	2.750532956e-06	267.8518371	25.47800296	2033.403717
	6.88328921e-05	0.0004509292795	34.66189493	2.500054366e-06	268.0491826	25.14993021	2040.057389
	8.123940431e-05	0.0004451484194	35.10764836	2.385743044e-06	268.2053972	24.84183502	2045.99908
	9.287871387e-05	0.0004399284594	35.52598092	2.343582274e-06	268.3237285	24.56116413	2051.268452
	0.0001032742939	0.0004353744505	35.90546672	2.318634188e-06	268.4102707	24.31460301	2055.888899
	0.0001120005182	0.0004315925887	36.23201055	2.28056146e-06	268.4715425	24.10885693	2059.811322
	0.0001187000333	0.0004286946567	36.48960633	2.227002723e-06	268.5128772	23.95072826	2062.905321
	0.0001230980029	0.0004267877575	36.66266693	2.175379936e-06	268.5378019	23.84650831	2064.995482
	0.000125	0.0004259608165	36.73859599	2.148211767e-06	268.5481166	23.80128036	2065.917152

	0.000125	0.0004260308958	36.69928771	1.99204543e-06	268.5501838	23.80537941	2064.582024
	0.0001269019971	0.0004252270507	36.7691083	1.971408175e-06	268.5597371	23.76130537	2065.265295
	0.0001312999667	0.0004233734454	36.93102416	1.925261534e-06	268.5810104	23.6595971	2066.816787
	0.0001379994818	0.0004205631712	37.17900277	1.858954355e-06	268.611261	23.50519359	2069.105535
	0.0001467257061	0.0004169259032	37.504589	1.779172082e-06	268.6468614	23.3049975	2071.955944
	0.0001571212861	0.0004126250323	37.89664011	1.692622351e-06	268.6838518	23.06777272	2075.167196
	0.0001687605957	0.0004078481285	38.34153263	1.604791553e-06	268.7185713	22.80367424	2078.537874
	0.0001811671079	0.0004027972023	38.82336414	1.519268675e-06	268.7481775	22.5237525	2081.886485
	0.0001938328921	0.0003976797025	39.32417427	1.437789793e-06	268.7709627	22.23947578	2085.064604
	0.0002062394043	0.0003927006433	39.82426395	1.360902587e-06	268.7864333	21.96229046	2087.961636
	0.0002178787139	0.0003880558251	40.30271342	1.28894341e-06	268.7951728	21.70322128	2090.502352
	0.0002282742939	0.0003839258488	40.7381811	1.222928661e-06	268.7985497	21.47250349	2092.639783
	0.0002370005182	0.0003804705841	41.11000612	1.165016212e-06	268.7983517	21.27923736	2094.346569
	0.0002437000333	0.0003778239188	41.39955033	1.118368556e-06	268.796422	21.13106344	2095.607276
	0.0002480980029	0.0003760889925	41.59161717	1.086482589e-06	268.7943522	21.033874	2096.413045
	0.00025	0.0003753392413	41.67518052	1.072345332e-06	268.7932657	20.99185964	2096.756416

	0.00025	0.0003753406366	41.67335731	1.065938767e-06	268.7937033	20.99197185	2096.706069
	0.0002519019971	0.0003745923518	41.75700755	1.051675426e-06	268.7924186	20.95002173	2097.03576
	0.0002562999667	0.0003728635491	41.95150985	1.018134136e-06	268.7890242	20.85307061	2097.78396
	0.0002629994818	0.0003702338246	42.25075704	9.655964805e-07	268.7827167	20.70551253	2098.886267
	0.0002717257061	0.0003668151815	42.64606201	8.947173254e-07	268.7724445	20.51353925	2100.255666
	0.0002821212861	0.0003627518145	43.12549494	8.069820458e-07	268.7571724	20.28514956	2101.791737
	0.0002937605957	0.0003582135117	43.67377869	7.049860531e-07	268.7361613	20.02980099	2103.392803
	0.0003061671079	0.0003533881136	44.27224424	5.925260839e-07	268.70922	19.75800407	2104.96668
	0.0003188328921	0.000348473575	44.89892975	4.744569696e-07	268.6768826	19.48088649	2106.438337
	0.0003312394043	0.0003436699777	45.52894443	3.563357139e-07	268.6404788	19.2097454	2107.753696
	0.0003428787139	0.0003391717426	46.13521275	2.439347651e-07	268.6020764	18.95560219	2108.879629
	0.0003532742939	0.0003351602162	46.68966714	1.427373702e-07	268.5643032	18.72877202	2109.800964
	0.0003620005182	0.0003317967833	47.16487022	5.75210173e-08	268.5300672	18.53845963	2110.515668
	0.0003687000333	0.0003292166892	47.53594051	-7.90482835e-09	268.502218	18.39239458	2111.029447
	0.0003730980029	0.0003275238875	47.78254204	-5.079498728e-08	268.4831975	18.29652648	2111.350739
	0.000375	0.0003267920119	47.88993904	-6.931953097e-08	268.4747905	18.25507	2111.485846

	0.000375	0.0003267920152	47.88959396	-7.149275707e-08	268.4750311	18.25508654	2111.478524
	0.0003769019971	0.0003260604722	47.99753824	-9.044607218e-08	268.4664611	18.21364095	2111.608623
	0.0003812999667	0.0003243694089	48.24886324	-1.343036005e-07	268.4462438	18.11781563	2111.90031
	0.0003879994818	0.0003217946099	48.63645172	-2.011988394e-07	268.4143544	17.97186465	2112.320258
	0.0003967257061	0.0003184429928	49.15017015	-2.884881703e-07	268.3707975	17.78179406	2112.823487
	0.0004071212861	0.0003144530499	49.77584547	-3.927106883e-07	268.3158408	17.55539868	2113.359104
	0.0004187605957	0.0003099890405	50.4949038	-5.097083826e-07	268.250223	17.30194546	2113.877523
	0.0004311671079	0.0003052341135	51.28404999	-6.347783968e-07	268.1753599	17.03179427	2114.337059
	0.0004438328921	0.0003003827896	52.11513653	-7.628509626e-07	268.0935051	16.75597864	2114.708829
	0.0004562394043	0.0002956331152	52.95543261	-8.8868787e-07	268.0078197	16.48576292	2114.979299
	0.0004678787139	0.0002911787596	53.76850003	-1.007095048e-06	267.9223115	16.23219108	2115.150235
	0.0004782742939	0.0002872013068	54.51580597	-1.11314118e-06	267.8416202	16.00564224	2115.23627
	0.0004870005182	0.0002838629918	55.15906142	-1.202372667e-06	267.770656	15.81540822	2115.260693
	0.0004937000333	0.0002813001505	55.66309509	-1.271013775e-06	267.7141291	15.66931032	2115.250228
	0.0004980980029	0.0002796177611	55.99888741	-1.316137726e-06	267.6760403	15.57337843	2115.229699
	0.0005	0.0002788901717	56.14533178	-1.335668276e-06	267.6593245	15.53188426	2115.217491

	0.0005	0.0002788901363	56.14533929	-1.336198718e-06	267.6594937	15.53189211	2115.217518
	0.0005019019971	0.0002781625423	56.29286337	-1.355796344e-06	267.6425379	15.49039243	2115.201522
	0.0005062999667	0.0002764801081	56.63680545	-1.401174184e-06	267.6027901	15.39441839	2115.156834
	0.0005129994818	0.0002739171069	57.16853786	-1.470483994e-06	267.5407434	15.24817683	2115.067977
	0.0005217257061	0.000270578418	57.87586002	-1.561143549e-06	267.4570863	15.05761012	2114.914247
	0.0005321212861	0.0002666002746	58.74142987	-1.669803223e-06	267.3529847	14.83044686	2114.674317
	0.0005437605957	0.000262144829	59.74195901	-1.79245142e-06	267.2303209	14.57590083	2114.33135
	0.0005561671079	0.000257393624	60.84732435	-1.924517661e-06	267.0919746	14.30430737	2113.877933
	0.0005688328921	0.0002525403443	62.01986094	-2.060972257e-06	266.9420912	14.02671683	2113.319967
	0.0005812394043	0.0002477831159	63.21424187	-2.196437402e-06	266.7862478	13.75445902	2112.678732
	0.0005928787139	0.0002433165999	64.37837394	-2.325332493e-06	266.6314257	13.49869196	2111.99057
	0.0006032742939	0.0002393241333	65.45561616	-2.442074507e-06	266.4857174	13.26994891	2111.304021
	0.0006120005182	0.0002359701902	66.3883701	-2.541341781e-06	266.3577489	13.07769972	2110.674642
	0.0006187000333	0.0002333934766	67.12275073	-2.61838936e-06	266.2558691	12.92994572	2110.158206
	0.0006230980029	0.0002317010956	67.6136903	-2.669380043e-06	266.1872271	12.83287459	2109.803361
	0.000625	0.0002309689677	67.82821566	-2.691535996e-06	266.1571014	12.79087485	2109.645995

	0.000625	0.0002309689726	67.82870428	-2.691648943e-06	266.15726	12.79088274	2109.653335
	0.0006269019971	0.000230236502	68.04566483	-2.714082223e-06	266.1265498	12.748857	2109.490995
	0.0006312999667	0.0002285422899	68.55232914	-2.766174338e-06	266.054608	12.65163743	2109.106848
	0.0006379994818	0.0002259599546	69.33810333	-2.846168336e-06	265.9423681	12.50341665	2108.497634
	0.0006467257061	0.0002225934336	70.3884569	-2.95166343e-06	265.7909595	12.31011333	2107.659221
	0.0006571212861	0.0002185779773	71.68248785	-3.079533567e-06	265.6020839	12.07943563	2106.591449
	0.0006687605957	0.0002140750158	73.19118657	-3.225949136e-06	265.3784087	11.82059587	2105.302853
	0.0006811671079	0.0002092659975	74.8750743	-3.386335609e-06	265.1241904	11.54396821	2103.81573
	0.0006938328921	0.000204345513	76.68173106	-3.555288504e-06	264.8460193	11.26070586	2102.170571
	0.0007062394043	0.0001995138838	78.54414316	-3.72650696e-06	264.5534619	10.98232541	2100.428684
	0.0007178787139	0.0001949693654	80.38095429	-3.892830781e-06	264.2593227	10.72026417	2098.671854
	0.0007282742939	0.0001909001422	82.09950284	-4.046458562e-06	263.9792795	10.48541848	2096.998272
	0.0007370005182	0.0001874763592	83.60196908	-4.179385634e-06	263.7307773	10.28767622	2095.514671
	0.0007437000333	0.0001848425491	84.79416257	-4.284039161e-06	263.5312564	10.13546512	2094.325474
	0.0007480980029	0.0001831109981	85.59563638	-4.35401887e-06	263.3960026	10.03535106	2093.520618
	0.00075	0.0001823615084	85.94697072	-4.384605292e-06	263.336435	9.992005999	2093.16652

	0.00075	0.0001823629261	85.94975945	-4.368515658e-06	263.3360213	9.992067978	2093.216491
	0.0007519019971	0.0001816119509	86.30947012	-4.39977197e-06	263.2737563	9.948617646	2092.848839
	0.0007562999667	0.000179874159	87.1506161	-4.472867178e-06	263.1280574	9.848051463	2091.987133
	0.0007629994818	0.0001772230302	88.45946502	-4.586050437e-06	262.9007188	9.694570794	2090.641787
	0.0007717257061	0.0001737617672	90.22047278	-4.735779569e-06	262.5927291	9.494065661	2088.825836
	0.0007821212861	0.0001696243591	92.4136795	-4.915600337e-06	262.2042121	9.254179695	2086.560032
	0.0007937605957	0.0001649708303	95.01116437	-5.11579411e-06	261.7350822	8.984048507	2083.877877
	0.0008061671079	0.0001599820067	97.96952518	-5.323937918e-06	261.1871872	8.694021742	2080.832914
	0.0008188328921	0.0001548539972	101.2195452	-5.526401229e-06	260.5676763	8.395377339	2077.50698
	0.0008312394043	0.000149792216	104.6561096	-5.710448718e-06	259.8926743	8.10001001	2074.016909
	0.0008428787139	0.0001450045977	108.1324913	-5.866355534e-06	259.1899327	7.820063326	2070.516684
	0.0008532742939	0.0001406937021	111.4628302	-5.988877059e-06	258.4991646	7.567477899	2067.192446
	0.0008620005182	0.0001370476743	114.4348876	-6.077582305e-06	257.8692766	7.353447798	2064.24926
	0.0008687000333	0.0001342304542	116.8323898	-6.135909137e-06	257.3525728	7.187809079	2061.890604
	0.0008730980029	0.0001323721826	118.463226	-6.169212447e-06	256.9969734	7.078423658	2060.293862
	0.000875	0.0001315662929	119.1828764	-6.182331663e-06	256.839036	7.030953528	2059.59118

	0.000875	0.0001316367798	119.2271962	-6.38623698e-06	256.8086376	7.033887773	2060.919616
	0.0008769019971	0.0001308076463	120.1578666	-6.209377655e-06	256.5235152	6.984324822	2059.979723
	0.0008812999667	0.0001288956579	122.2263555	-5.913615855e-06	255.9295491	6.870460382	2057.847453
	0.0008879994818	0.0001259898851	125.207147	-5.747995126e-06	255.1713569	6.698388267	2054.689487
	0.0008967257061	0.0001221975516	128.9302596	-5.996204952e-06	254.3700852	6.475091012	2050.684333
	0.0009071212861	0.0001176304945	133.4162255	-6.877140087e-06	253.5383733	6.207090907	2045.966712
	0.0009187605957	0.0001123948928	138.9438216	-8.465053366e-06	252.5316371	5.899531583	2040.591115
	0.0009311671079	0.0001065957779	145.995653	-1.065747493e-05	251.0659294	5.556554723	2034.540225
	0.0009438328921	0.0001003563657	155.0791744	-1.320095215e-05	248.8058573	5.182997774	2027.780528
	0.0009562394043	9.384548634e-05	166.4721492	-1.576452168e-05	245.4981431	4.78686316	2020.348072
	0.0009678787139	8.730172304e-05	179.9783923	-1.803457289e-05	241.1059579	4.381604474	2012.433277
	0.0009782742939	8.104214339e-05	194.7872722	-1.979807008e-05	235.8940923	3.987199215	2004.430398
	0.0009870005182	7.544726762e-05	209.5043227	-2.098621145e-05	230.4279424	3.629280048	1996.926433
	0.0009937000333	7.092112893e-05	222.3679352	-2.166552685e-05	225.4763339	3.336191761	1990.623267
	0.0009980980029	6.783375534e-05	231.6052508	-2.198266703e-05	221.8405367	3.134544294	1986.209525
	0.001	6.646888274e-05	235.8034631	-2.208516764e-05	220.1689515	3.044969952	1984.229739
