	-0.015	1.064442711e-06	2707.798243	9.112640976e-12	222.4135157	0.246503488	5.368851501	223.1122101	223.0022535
	-0.01499454326	1.064443449e-06	2707.79653	9.103680212e-12	222.4148164	0.2465051004	5.356793231	223.1132103	223.0032181
	-0.01498174908	1.064445174e-06	2707.792524	9.08280285e-12	222.4178563	0.2465088693	5.328739777	223.1155472	223.0054763
	-0.01496175855	1.064447858e-06	2707.786294	9.050554584e-12	222.422579	0.2465147254	5.285521841	223.1191751	223.0089955
	-0.01493472968	1.064451466e-06	2707.77793	9.007673609e-12	222.4289117	0.2465225799	5.228279713	223.1240354	223.0137359
	-0.01490087429	1.064455949e-06	2707.767549	8.955132443e-12	222.4367583	0.2465323153	5.158513808	223.1300499	223.0196448
	-0.01486045743	1.064461252e-06	2707.755293	8.894112226e-12	222.4460011	0.2465437877	5.078042479	223.1371234	223.0266567
	-0.01481379544	1.064467304e-06	2707.741331	8.825969663e-12	222.4565034	0.24655683	4.988948361	223.1451456	223.0346952
	-0.01476125353	1.064474032e-06	2707.725849	8.752199002e-12	222.4681127	0.2465712556	4.893516764	223.1539936	223.0436735
	-0.01470324291	1.064481351e-06	2707.709052	8.674390325e-12	222.4806643	0.2465868627	4.794168183	223.1635348	223.0534965
	-0.01464021761	1.064489173e-06	2707.691154	8.594185474e-12	222.4939843	0.2466034382	4.693387083	223.1736297	223.0640617
	-0.01457267088	1.064497408e-06	2707.672377	8.513232931e-12	222.5078938	0.2466207628	4.593649119	223.1841356	223.0752612
	-0.01450113137	1.064505961e-06	2707.65295	8.433143021e-12	222.5222126	0.2466386148	4.497349059	223.1949092	223.0869833
	-0.01442615897	1.064514738e-06	2707.633095	8.355444798e-12	222.5367627	0.2466567753	4.406731608	223.2058095	223.099114
	-0.01434834044	1.064523648e-06	2707.613035	8.281545882e-12	222.5513716	0.2466750319	4.323827257	223.2167014	223.1115386
	-0.01426828482	1.0645326e-06	2707.59298	8.212696465e-12	222.565876	0.2466931826	4.250395107	223.2274575	223.1241432
	-0.01418661866	1.064541508e-06	2707.57313	8.149958537e-12	222.5801241	0.2467110394	4.187874413	223.2379609	223.1368162
	-0.0141039811	1.064550293e-06	2707.553668	8.094181229e-12	222.5939782	0.246728431	4.137346308	223.2481069	223.1494498
	-0.0140210189	1.06455888e-06	2707.534763	8.045982974e-12	222.6073166	0.2467452053	4.099506851	223.2578049	223.1619404
	-0.01393838134	1.064567202e-06	2707.516563	8.00574099e-12	222.6200348	0.246761231	4.074652188	223.2669789	223.1741903
	-0.01385671518	1.064575198e-06	2707.499194	7.973588324e-12	222.6320467	0.2467763987	4.062676231	223.2755685	223.1861083
	-0.01377665956	1.064582819e-06	2707.482763	7.949418493e-12	222.6432844	0.2467906212	4.063080886	223.2835288	223.1976097
	-0.01369884103	1.064590018e-06	2707.467358	7.93289751e-12	222.6536982	0.2468038332	4.074998436	223.2908303	223.2086176
	-0.01362386863	1.06459676e-06	2707.453044	7.923482841e-12	222.6632557	0.2468159903	4.09722535	223.2974579	223.2190623
	-0.01355232912	1.064603016e-06	2707.439868	7.920448642e-12	222.6719406	0.2468270677	4.128266385	223.3034098	223.2288819
	-0.01348478239	1.064608764e-06	2707.427859	7.922916421e-12	222.6797509	0.246837058	4.166387578	223.3086958	223.2380217
	-0.01342175709	1.064613988e-06	2707.417034	7.929890103e-12	222.6866969	0.2468459689	4.209676396	223.3133357	223.2464345
	-0.01336374647	1.064618678e-06	2707.407393	7.940294343e-12	222.6927988	0.2468538204	4.25610714	223.3173571	223.2540794
	-0.01331120456	1.064622827e-06	2707.398929	7.953014833e-12	222.6980844	0.2468606418	4.303609506	223.320793	223.2609223
	-0.01326454257	1.064626434e-06	2707.391625	7.966939298e-12	222.7025864	0.2468664689	4.350138112	223.32368	223.2669345
	-0.01322412571	1.064629498e-06	2707.38546	7.980997838e-12	222.7063398	0.2468713404	4.393740796	223.3260556	223.2720927
	-0.01319027032	1.064632022e-06	2707.380413	7.994201319e-12	222.7093795	0.2468752956	4.432623495	223.3279562	223.2763783
	-0.01316324145	1.06463401e-06	2707.376458	8.005676566e-12	222.711738	0.2468783712	4.465209633	223.3294152	223.2797767
	-0.01314325092	1.064635464e-06	2707.373577	8.014697176e-12	222.7134433	0.2468805989	4.490192015	223.3304608	223.2822769
	-0.01313045674	1.064636387e-06	2707.371752	8.020708561e-12	222.7145174	0.2468820038	4.506574496	223.3311151	223.2838712
	-0.013125	1.06463678e-06	2707.370979	8.023328958e-12	222.7149713	0.246882598	4.513655075	223.3313907	223.2845498

	-0.013125	1.064635638e-06	2707.375468	7.63830798e-12	222.710364	0.2468772261	4.288997026	223.3284012	223.276694
	-0.01311954326	1.064636096e-06	2707.374466	7.646830685e-12	222.7111854	0.2468782428	4.29292932	223.3288719	223.2775825
	-0.01310674908	1.064637165e-06	2707.372132	7.66662466e-12	222.7130956	0.2468806082	4.302167482	223.3299657	223.279655
	-0.01308675855	1.064638818e-06	2707.368526	7.697022175e-12	222.7160368	0.2468842522	4.316653166	223.3316469	223.2828627
	-0.01305972968	1.064641023e-06	2707.363728	7.737094412e-12	222.7199293	0.2468890786	4.336338546	223.3338659	223.2871406
	-0.01302587429	1.064643736e-06	2707.357845	7.785620554e-12	222.724668	0.2468949609	4.361157167	223.3365576	223.2924031
	-0.01298545743	1.064646903e-06	2707.351007	7.841123956e-12	222.7301258	0.2469017457	4.391020942	223.3396433	223.2985458
	-0.01293879544	1.064650463e-06	2707.343364	7.901917738e-12	222.7361573	0.2469092574	4.425817412	223.3430328	223.3054486
	-0.01288625353	1.064654346e-06	2707.335078	7.966157068e-12	222.7426028	0.2469173033	4.465406815	223.3466276	223.3129787
	-0.01282824291	1.064658481e-06	2707.326326	8.031896355e-12	222.7492936	0.2469256792	4.509619028	223.3503237	223.3209942
	-0.01276521761	1.064662791e-06	2707.317287	8.097149554e-12	222.7560564	0.2469341756	4.558250533	223.3540147	223.3293476
	-0.01269767088	1.064667199e-06	2707.308144	8.15995168e-12	222.7627189	0.2469425837	4.611061555	223.3575952	223.3378899
	-0.01262613137	1.06467163e-06	2707.299074	8.218419627e-12	222.7691148	0.2469507016	4.667773538	223.3609639	223.3464742
	-0.01255115897	1.064676012e-06	2707.290246	8.270810382e-12	222.7750885	0.2469583399	4.728067115	223.3640268	223.3549593
	-0.01247334044	1.064680276e-06	2707.281816	8.315574832e-12	222.7804998	0.2469653275	4.791580714	223.3667	223.3632133
	-0.01239328482	1.06468436e-06	2707.273923	8.35140547e-12	222.7852278	0.2469715161	4.857909948	223.3689123	223.3711165
	-0.01231161866	1.064688212e-06	2707.266686	8.377276543e-12	222.7891742	0.2469767841	4.926607879	223.370607	223.3785642
	-0.0122289811	1.064691785e-06	2707.260199	8.392475361e-12	222.7922664	0.2469810406	4.997186261	223.3717441	223.3854687
	-0.0121460189	1.064695044e-06	2707.254535	8.396623815e-12	222.7944588	0.2469842268	5.06911782	223.3723011	223.3917611
	-0.01206338134	1.064697964e-06	2707.249736	8.389689439e-12	222.7957343	0.2469863178	5.141839592	223.3722735	223.3973922
	-0.01198171518	1.064700528e-06	2707.245822	8.371985659e-12	222.7961041	0.2469873226	5.214757336	223.3716753	223.4023327
	-0.01190165956	1.064702733e-06	2707.242782	8.344161246e-12	222.7956074	0.2469872833	5.28725096	223.370538	223.4065734
	-0.01182384103	1.064704583e-06	2707.240586	8.307179295e-12	222.794309	0.246986273	5.358680926	223.3689096	223.4101239
	-0.01174886863	1.064706092e-06	2707.239176	8.262286401e-12	222.7922978	0.2469843934	5.428395505	223.3668533	223.4130116
	-0.01167732912	1.064707281e-06	2707.238477	8.210972999e-12	222.789683	0.2469817705	5.495738774	223.3644452	223.4152793
	-0.01160978239	1.06470818e-06	2707.238396	8.154926107e-12	222.7865905	0.2469785507	5.560059201	223.3617716	223.4169834
	-0.01154675709	1.064708822e-06	2707.238828	8.095975961e-12	222.7831589	0.2469748954	5.620718627	223.3589269	223.4181905
	-0.01148874647	1.064709245e-06	2707.239658	8.036038216e-12	222.7795342	0.2469709753	5.677101473	223.3560097	223.4189748
	-0.01143620456	1.06470949e-06	2707.240769	7.977053513e-12	222.7758656	0.2469669653	5.728623959	223.3531203	223.419415
	-0.01138954257	1.064709596e-06	2707.242041	7.920926317e-12	222.7723004	0.2469630377	5.774743121	223.3503573	223.4195905
	-0.01134912571	1.064709604e-06	2707.243359	7.869464937e-12	222.7689787	0.2469593573	5.814965425	223.3478143	223.4195787
	-0.01131527032	1.064709551e-06	2707.244619	7.824324614e-12	222.7660294	0.2469560755	5.848854758	223.3455772	223.4194519
	-0.01128824145	1.06470947e-06	2707.245726	7.786955487e-12	222.7635655	0.2469533252	5.876039602	223.3437211	223.419274
	-0.01126825092	1.064709387e-06	2707.246602	7.758557192e-12	222.7616808	0.2469512168	5.896219105	223.3423084	223.4190988
	-0.01125545674	1.064709324e-06	2707.247189	7.740042741e-12	222.7604468	0.2469498341	5.909167076	223.3413864	223.4189671
	-0.01125	1.064709295e-06	2707.247446	7.732065755e-12	222.7599138	0.2469492366	5.91469721	223.3409889	223.4189063

	-0.01125	1.064710871e-06	2707.244938	7.993812483e-12	222.7660642	0.2469564205	5.746847618	223.3425841	223.4194691
	-0.01124454326	1.064710859e-06	2707.245071	8.001415918e-12	222.7655937	0.2469558961	5.751428964	223.3423221	223.4194496
	-0.01123174908	1.064710828e-06	2707.245394	8.019133884e-12	222.7644775	0.2469546513	5.762023676	223.3417002	223.4193924
	-0.01121175855	1.064710768e-06	2707.245929	8.04651044e-12	222.7626965	0.246952663	5.77816512	223.3407074	223.4192711
	-0.01118472968	1.064710668e-06	2707.246711	8.082930021e-12	222.7602171	0.2469498907	5.799189827	223.3393243	223.4190452
	-0.01115087429	1.064710508e-06	2707.247786	8.127581532e-12	222.7569954	0.2469462821	5.824227297	223.3375256	223.4186617
	-0.01111045743	1.06471027e-06	2707.249209	8.179479598e-12	222.7529805	0.2469417758	5.852227938	223.3352818	223.4180577
	-0.01106379544	1.064709931e-06	2707.251041	8.237491931e-12	222.7481166	0.2469363048	5.881997826	223.3325607	223.4171623
	-0.01101125353	1.064709465e-06	2707.253346	8.300370832e-12	222.7423467	0.2469298001	5.912238476	223.3293292	223.4159001
	-0.01095324291	1.064708849e-06	2707.256189	8.366787741e-12	222.7356154	0.2469221948	5.941590285	223.3255551	223.414194
	-0.01089021761	1.064708057e-06	2707.259631	8.435369761e-12	222.7278731	0.2469134281	5.968678255	223.3212096	223.4119687
	-0.01082267088	1.064707068e-06	2707.26373	8.504737054e-12	222.7190793	0.2469034499	5.992158537	223.3162688	223.4091539
	-0.01075113137	1.064705861e-06	2707.268533	8.573539985e-12	222.7092059	0.2468922247	6.010764313	223.3107161	223.4056878
	-0.01067615897	1.064704421e-06	2707.274077	8.640494885e-12	222.6982409	0.2468797352	6.023349544	223.3045438	223.4015202
	-0.01059834044	1.064702736e-06	2707.280384	8.704417383e-12	222.6861907	0.2468659861	6.028929203	223.2977551	223.3966149
	-0.01051828482	1.064700801e-06	2707.287459	8.764252309e-12	222.6730832	0.246851007	6.026714676	223.2903649	223.3909527
	-0.01043661866	1.064698616e-06	2707.295289	8.819099286e-12	222.6589691	0.2468348541	6.016143218	223.2824014	223.384533
	-0.0103539811	1.064696189e-06	2707.303843	8.868233276e-12	222.6439233	0.2468176122	5.996900473	223.2739068	223.3773753
	-0.0102710189	1.064693532e-06	2707.313069	8.911119501e-12	222.6280455	0.2467993951	5.968935344	223.2649372	223.36952
	-0.01018838134	1.064690667e-06	2707.322894	8.947422318e-12	222.6114601	0.2467803453	5.932466697	223.2555628	223.3610285
	-0.01010671518	1.064687622e-06	2707.333227	8.977007846e-12	222.5943149	0.2467606331	5.887981645	223.2458672	223.351983
	-0.01002665956	1.06468443e-06	2707.343957	8.999940324e-12	222.5767794	0.2467404545	5.836225435	223.2359467	223.342485
	-0.009948841034	1.06468113e-06	2707.354958	9.016472361e-12	222.559043	0.2467200282	5.77818321	223.2259084	223.3326536
	-0.009873868633	1.064677769e-06	2707.366089	9.027029461e-12	222.5413108	0.2466995923	5.715054172	223.2158691	223.3226237
	-0.00980232912	1.064674394e-06	2707.377197	9.032189359e-12	222.5238009	0.2466793998	5.648218924	223.2059525	223.3125422
	-0.009734782389	1.064671057e-06	2707.388121	9.032656861e-12	222.5067399	0.2466597137	5.579200964	223.1962874	223.3025655
	-0.009671757085	1.064667813e-06	2707.398695	9.029235051e-12	222.4903579	0.2466408017	5.509623508	223.1870047	223.2928557
	-0.00961374647	1.064664714e-06	2707.408755	9.022793797e-12	222.4748844	0.2466229308	5.441162943	223.1782349	223.2835763
	-0.009561204558	1.064661814e-06	2707.418136	9.014236601e-12	222.4605429	0.2466063608	5.375500349	223.1701051	223.2748885
	-0.009514542569	1.064659166e-06	2707.426682	9.004466876e-12	222.4475459	0.2465913394	5.314272556	223.1627363	223.2669475
	-0.009474125708	1.064656815e-06	2707.434248	8.994354744e-12	222.4360905	0.2465780959	5.259024261	223.1562406	223.2598977
	-0.009440270321	1.064654806e-06	2707.440702	8.98470543e-12	222.4263533	0.2465668364	5.211162657	223.1507186	223.2538699
	-0.009413241454	1.064653176e-06	2707.445932	8.976230287e-12	222.4184869	0.2465577385	5.17191602	223.1462572	223.2489774
	-0.009393250921	1.064651955e-06	2707.449843	8.96952142e-12	222.4126161	0.2465509476	5.142297648	223.1429273	223.245313
	-0.009380456742	1.064651167e-06	2707.452366	8.96503102e-12	222.4088351	0.2465465736	5.123077541	223.1407826	223.2429474
	-0.009375	1.064650829e-06	2707.453446	8.963069167e-12	222.4072169	0.2465447015	5.114817449	223.1398647	223.2419335

	-0.009375	1.064653949e-06	2707.44718	8.366744652e-12	222.416053	0.2465552189	5.08513381	223.1441465	223.2471522
	-0.009369543258	1.064653584e-06	2707.448256	8.372849164e-12	222.4142294	0.246553113	5.078510324	223.143273	223.2460542
	-0.009356749079	1.064652729e-06	2707.450782	8.387017673e-12	222.4099462	0.246548167	5.062786181	223.1412232	223.2434725
	-0.009336758546	1.064651394e-06	2707.454735	8.40875007e-12	222.4032329	0.2465404157	5.037672181	223.1380153	223.2394179
	-0.009309729679	1.064649589e-06	2707.460094	8.437347791e-12	222.3941151	0.2465298904	5.002658187	223.1336682	223.2338955
	-0.009275874292	1.064647329e-06	2707.466828	8.471892966e-12	222.3826284	0.2465166337	4.957085305	223.1282072	223.2269133
	-0.009235457431	1.064644632e-06	2707.4749	8.51127606e-12	222.3688192	0.2465007014	4.900181513	223.1216647	223.2184828
	-0.009188795442	1.064641521e-06	2707.484262	8.554230604e-12	222.3527459	0.2464821634	4.831103151	223.1140797	223.2086213
	-0.00913625353	1.06463802e-06	2707.494859	8.599373007e-12	222.3344801	0.2464611047	4.74898184	223.1054987	223.1973522
	-0.009078242915	1.064634156e-06	2707.506627	8.645246099e-12	222.3141074	0.246437627	4.652975314	223.0959749	223.1847074
	-0.009015217611	1.064629963e-06	2707.519494	8.690365021e-12	222.2917289	0.2464118495	4.542320412	223.0855689	223.1707283
	-0.00894767088	1.064625472e-06	2707.533378	8.733264019e-12	222.2674622	0.2463839104	4.416386375	223.0743481	223.1554675
	-0.008876131367	1.064620719e-06	2707.548189	8.77254268e-12	222.2414419	0.2463539672	4.27472655	223.0623871	223.1389899
	-0.008801158966	1.064615744e-06	2707.563828	8.806910154e-12	222.2138208	0.2463221981	4.117126632	223.0497672	223.1213743
	-0.00872334044	1.064610584e-06	2707.580187	8.835225986e-12	222.1847697	0.2462888018	3.943647681	223.0365763	223.102714
	-0.008643284824	1.064605282e-06	2707.597151	8.856536267e-12	222.1544782	0.2462539976	3.754662273	223.0229084	223.0831175
	-0.008561618662	1.064599879e-06	2707.614597	8.870103983e-12	222.1231537	0.2462180255	3.550882362	223.0088634	223.0627092
	-0.008478981103	1.064594417e-06	2707.632395	8.875432598e-12	222.0910212	0.2461811445	3.333377678	222.9945464	223.0416288
	-0.008396018897	1.064588939e-06	2707.65041	8.872282135e-12	222.0583218	0.2461436319	3.103583762	222.9800669	223.0200311
	-0.008313381338	1.064583489e-06	2707.6685	8.86067725e-12	222.0253115	0.2461057813	2.863299063	222.9655382	222.9980852
	-0.008231715176	1.064578108e-06	2707.68652	8.840907041e-12	221.9922589	0.2460679003	2.614670865	222.9510765	222.975973
	-0.00815165956	1.064572839e-06	2707.704322	8.813516587e-12	221.9594429	0.2460303078	2.360170146	222.9367999	222.9538874
	-0.008073841034	1.064567723e-06	2707.721759	8.779290487e-12	221.92715	0.2459933305	2.102555834	222.9228272	222.9320305
	-0.007998868633	1.064562798e-06	2707.738679	8.739228907e-12	221.8956707	0.2459572999	1.844829244	222.909277	222.9106107
	-0.00792732912	1.064558103e-06	2707.754936	8.694516866e-12	221.8652967	0.2459225478	1.590179814	222.8962662	222.8898403
	-0.007859782389	1.064553675e-06	2707.770387	8.646487737e-12	221.8363166	0.2458894024	1.34192351	222.8839089	222.869932
	-0.007796757085	1.064549546e-06	2707.78489	8.596582084e-12	221.8090125	0.2458581842	1.103435539	222.8723151	222.8510961
	-0.00773874647	1.064545749e-06	2707.798315	8.546303123e-12	221.7836556	0.2458292012	0.8780791883	222.8615895	222.8335369
	-0.007686204558	1.064542312e-06	2707.810536	8.497170195e-12	221.7605029	0.2458027447	0.6691327392	222.8518301	222.8174493
	-0.007639542569	1.064539262e-06	2707.821438	8.450671703e-12	221.7397928	0.2457790849	0.4797164939	222.843127	222.8030157
	-0.007599125708	1.064536622e-06	2707.830919	8.408218973e-12	221.7217415	0.245758467	0.3127219752	222.8355616	222.7904026
	-0.007565270321	1.064534411e-06	2707.838888	8.371102503e-12	221.7065402	0.2457411073	0.1707453153	222.8292049	222.7797576
	-0.007538241454	1.064532647e-06	2707.845267	8.340451958e-12	221.6943512	0.2457271896	0.05602680679	222.8241172	222.771207
	-0.007518250921	1.064531342e-06	2707.849995	8.317201292e-12	221.6853061	0.2457168628	-0.02960125635	222.8203471	222.7648533
	-0.007505456742	1.064530507e-06	2707.853025	8.302061074e-12	221.6795037	0.2457102387	-0.08475335153	222.8179309	222.7607736
	-0.0075	1.064530151e-06	2707.854319	8.295542125e-12	221.6770257	0.2457074099	-0.108358716	222.8168997	222.7590304

	-0.0075	1.064537154e-06	2707.841047	8.369390745e-12	221.6861228	0.2457191096	-0.04940558	222.8266745	222.7678367
	-0.007494543258	1.064536713e-06	2707.842413	8.36933191e-12	221.6833008	0.2457158798	-0.07067555849	222.8256559	222.7659197
	-0.007481749079	1.064535685e-06	2707.8456	8.369154885e-12	221.6766873	0.2457083125	-0.1208029026	222.8232798	222.761426
	-0.007461758546	1.064534102e-06	2707.850534	8.368768608e-12	221.6663633	0.2456965045	-0.1998455546	222.8196018	222.7544081
	-0.007434729679	1.064532006e-06	2707.857118	8.368033646e-12	221.6524225	0.2456805694	-0.3081142459	222.8146956	222.7449256
	-0.007400874292	1.064529453e-06	2707.865223	8.366768105e-12	221.6349901	0.2456606589	-0.4459926107	222.8086588	222.7330584
	-0.007360457431	1.06452651e-06	2707.874694	8.364754926e-12	221.6142218	0.2456369612	-0.6138914444	222.80161	222.7189062
	-0.007313795442	1.064523255e-06	2707.88535	8.36175068e-12	221.5903024	0.2456096988	-0.812198352	222.7936859	222.7025873
	-0.00726125353	1.064519773e-06	2707.896992	8.35749557e-12	221.5634431	0.2455791254	-1.041221415	222.7850376	222.684238
	-0.007203242915	1.064516154e-06	2707.909406	8.351724315e-12	221.5338795	0.245545523	-1.301128622	222.7758267	222.6640106
	-0.007140217611	1.064512489e-06	2707.922371	8.344177557e-12	221.5018689	0.2455091978	-1.59188529	222.766221	222.6420726
	-0.00707267088	1.06450887e-06	2707.935661	8.334613402e-12	221.4676875	0.2454704773	-1.913191855	222.7563905	222.6186045
	-0.007001131367	1.064505387e-06	2707.949056	8.322818723e-12	221.4316272	0.2454297053	-2.264424477	222.7465024	222.5937987
	-0.006926158966	1.064502121e-06	2707.962341	8.308619819e-12	221.3939929	0.2453872391	-2.644580845	222.7367181	222.567857
	-0.00684834044	1.064499149e-06	2707.975316	8.291892088e-12	221.3550993	0.2453434446	-3.052233451	222.727188	222.5409895
	-0.006768284824	1.064496534e-06	2707.987797	8.27256837e-12	221.3152676	0.2452986927	-3.485492398	222.7180492	222.5134124
	-0.006686618662	1.06449433e-06	2707.999626	8.250645657e-12	221.2748225	0.2452533557	-3.941979566	222.7094215	222.4853461
	-0.006603981103	1.064492576e-06	2708.010664	8.226189938e-12	221.2340898	0.2452078036	-4.418815576	222.7014059	222.4570134
	-0.006521018897	1.064491297e-06	2708.020805	8.199338982e-12	221.1933926	0.2451624004	-4.912620664	222.6940818	222.4286375
	-0.006438381338	1.064490502e-06	2708.029969	8.170302933e-12	221.1530495	0.2451175015	-5.419530136	222.6875067	222.4004407
	-0.006356715176	1.064490188e-06	2708.038106	8.13936267e-12	221.1133718	0.2450734506	-5.935224608	222.681715	222.3726419
	-0.00627665956	1.064490334e-06	2708.045196	8.106865927e-12	221.0746608	0.2450305775	-6.454974817	222.6767189	222.3454556
	-0.006198841034	1.064490906e-06	2708.051246	8.073221278e-12	221.0372066	0.2449891956	-6.973700293	222.672509	222.31909
	-0.006123868633	1.06449186e-06	2708.05629	8.038890116e-12	221.0012853	0.2449496007	-7.486040759	222.669056	222.2937456
	-0.00605232912	1.064493137e-06	2708.060385	8.004376857e-12	220.967158	0.244912069	-7.98643872	222.6663127	222.2696137
	-0.005984782389	1.064494672e-06	2708.063607	7.970217624e-12	220.9350693	0.2448768562	-8.469231314	222.664217	222.2468752
	-0.005921757085	1.064496394e-06	2708.066051	7.936967741e-12	220.9052456	0.2448441969	-8.928749197	222.6626946	222.2256998
	-0.00586374647	1.064498224e-06	2708.067818	7.905188391e-12	220.8778949	0.2448143037	-9.359419993	222.661663	222.206244
	-0.005811204558	1.064500086e-06	2708.069022	7.875432819e-12	220.8532053	0.2447873673	-9.755873633	222.6610343	222.1886511
	-0.005764542569	1.064501902e-06	2708.069773	7.84823249e-12	220.8313446	0.2447635557	-10.11304685	222.6607195	222.1730501
	-0.005724125708	1.064503598e-06	2708.070183	7.824083603e-12	220.8124598	0.2447430151	-10.42628401	222.6606322	222.1595545
	-0.005690270321	1.064505107e-06	2708.070354	7.803434358e-12	220.7966766	0.2447258691	-10.69143163	222.6606913	222.1482624
	-0.005663241454	1.064506369e-06	2708.070378	7.786673378e-12	220.7840994	0.2447122197	-10.90492372	222.6608252	222.1392553
	-0.005643250921	1.064507336e-06	2708.070331	7.774119668e-12	220.7748106	0.244702147	-11.06385514	222.6609736	222.1325984
	-0.005630456742	1.064507969e-06	2708.070273	7.766014947e-12	220.7688717	0.2446957104	-11.16603404	222.6610907	222.1283399
	-0.005625	1.064508243e-06	2708.070241	7.762541602e-12	220.7663402	0.2446929676	-11.20972296	222.6611459	222.1265242

	-0.005625	1.064531439e-06	2708.028219	7.436020549e-12	220.7916359	0.2447263373	-11.38166063	222.6922308	222.1480621
	-0.005619543258	1.064531475e-06	2708.028265	7.446911894e-12	220.7887992	0.2447232017	-11.42818151	222.6924388	222.1459541
	-0.005606749079	1.064531595e-06	2708.028299	7.472186645e-12	220.7821849	0.2447158981	-11.53800602	222.6929847	222.141035
	-0.005586758546	1.064531876e-06	2708.028144	7.510943193e-12	220.7719535	0.2447046225	-11.71170606	222.6940009	222.133415
	-0.005559729679	1.064532438e-06	2708.027532	7.561920946e-12	220.75832	0.2446896406	-11.95063991	222.6956915	222.1232403
	-0.005525874292	1.064533438e-06	2708.026112	7.623463702e-12	220.741568	0.2446713026	-12.25653225	222.6983227	222.1107035
	-0.005485457431	1.064535061e-06	2708.023467	7.693569688e-12	220.7220422	0.2446500334	-12.631339	222.7022117	222.0960393
	-0.005438795442	1.064537519e-06	2708.019125	7.769954421e-12	220.7001394	0.2446263209	-13.07709483	222.707714	222.0795188
	-0.00538625353	1.064541033e-06	2708.012586	7.850122749e-12	220.6762979	0.2446007021	-13.59574172	222.7152083	222.0614416
	-0.005328242915	1.064545832e-06	2708.003335	7.931447642e-12	220.6509852	0.2445737476	-14.18894401	222.7250805	222.042129
	-0.005265217611	1.064552141e-06	2707.990869	8.011253219e-12	220.6246862	0.244546046	-14.85789647	222.7377066	222.0219157
	-0.00519767088	1.064560166e-06	2707.974714	8.086899408e-12	220.59789	0.2445181872	-15.60313261	222.7534358	222.0011408
	-0.005126131367	1.064570093e-06	2707.954453	8.155865576e-12	220.5710775	0.2444907466	-16.42434022	222.7725739	221.9801405
	-0.005051158966	1.064582071e-06	2707.929741	8.215830516e-12	220.5447089	0.2444642685	-17.32019134	222.795367	221.9592392
	-0.00497334044	1.064596208e-06	2707.900324	8.264746272e-12	220.5192124	0.2444392526	-18.28819333	222.8219877	221.9387424
	-0.004893284824	1.064612564e-06	2707.866059	8.300903489e-12	220.4949742	0.2444161402	-19.32456721	222.8525226	221.9189298
	-0.004811618662	1.064631143e-06	2707.826922	8.32298624e-12	220.4723291	0.2443953036	-20.42415858	222.8869623	221.9000494
	-0.004728981103	1.06465189e-06	2707.783018	8.330114597e-12	220.4515538	0.2443770366	-21.5803856	222.9251944	221.8823124
	-0.004646018897	1.064674688e-06	2707.734591	8.321873608e-12	220.4328612	0.2443615488	-22.78522728	222.9669996	221.86589
	-0.004563381338	1.064699359e-06	2707.682018	8.298327771e-12	220.4163978	0.2443489613	-24.02925407	223.0120507	221.8509107
	-0.004481715176	1.064725664e-06	2707.625814	8.260020525e-12	220.4022419	0.2443393063	-25.30170175	223.0599153	221.8374594
	-0.00440165956	1.064753307e-06	2707.566618	8.207958779e-12	220.3904048	0.2443325282	-26.59058772	223.1100615	221.8255778
	-0.004323841034	1.064781939e-06	2707.505184	8.143582933e-12	220.3808341	0.244328489	-27.88286805	223.1618673	221.8152661
	-0.004248868633	1.064811166e-06	2707.442369	8.068723338e-12	220.373418	0.2443269746	-29.16463195	223.2146324	221.8064858
	-0.00417732912	1.064840558e-06	2707.379111	7.985544522e-12	220.3679929	0.2443277045	-30.42132924	223.2675928	221.7991635
	-0.004109782389	1.064869656e-06	2707.316408	7.896478925e-12	220.3643506	0.2443303433	-31.63802544	223.319938	221.7931965
	-0.004046757085	1.064897987e-06	2707.255295	7.804152205e-12	220.3622487	0.2443345131	-32.79967794	223.3708296	221.7884581
	-0.00398874647	1.06492507e-06	2707.196821	7.711302429e-12	220.3614202	0.2443398082	-33.8914262	223.4194214	221.7848041
	-0.003936204558	1.064950433e-06	2707.14202	7.620695678e-12	220.3615849	0.2443458094	-34.89888832	223.4648795	221.7820799
	-0.003889542569	1.064973621e-06	2707.091885	7.535040678e-12	220.3624605	0.2443520997	-35.8084559	223.5064038	221.780127
	-0.003849125708	1.064994211e-06	2707.047345	7.456905134e-12	220.3637733	0.2443582784	-36.60757934	223.5432474	221.77879
	-0.003815270321	1.065011818e-06	2707.00924	7.38863638e-12	220.3652692	0.2443639758	-37.28503551	223.5747361	221.7779234
	-0.003788241454	1.065026111e-06	2706.978297	7.332288842e-12	220.3667227	0.2443688659	-37.83117013	223.6002855	221.7773974
	-0.003768250921	1.065036817e-06	2706.955114	7.289560805e-12	220.3679458	0.2443726777	-38.23810623	223.619416	221.777103
	-0.003755456742	1.065043729e-06	2706.940144	7.261744253e-12	220.3687947	0.2443752043	-38.49989575	223.6317643	221.7769569
	-0.00375	1.065046692e-06	2706.933727	7.249768826e-12	220.3691724	0.2443763026	-38.61186896	223.6370556	221.7769046

	-0.00375	1.065133983e-06	2706.779086	7.003657077e-12	220.4591977	0.2444961726	-39.71672062	223.7491375	221.8473295
	-0.003744543258	1.065136119e-06	2706.772705	7.006449489e-12	220.459292	0.2444967556	-39.84836137	223.7552256	221.8465049
	-0.003731749079	1.065141254e-06	2706.757457	7.013036067e-12	220.4596586	0.2444983135	-40.15973283	223.7697243	221.8446671
	-0.003711758546	1.065149634e-06	2706.732833	7.0234378e-12	220.4606395	0.2445012842	-40.65387395	223.7930072	221.8420645
	-0.003684729679	1.065161656e-06	2706.697985	7.037715885e-12	220.4627573	0.2445063412	-41.33679391	223.8257074	221.8390668
	-0.003650874292	1.065177836e-06	2706.651815	7.055947311e-12	220.466694	0.2445143628	-42.21619918	223.8686452	221.8361572
	-0.003610457431	1.065198787e-06	2706.593028	7.078217798e-12	220.4732632	0.2445263964	-43.30099893	223.922786	221.8339148
	-0.003563795442	1.065225186e-06	2706.520189	7.104613916e-12	220.4833784	0.2445436158	-44.60073831	223.9891928	221.8329922
	-0.00351125353	1.06525775e-06	2706.4318	7.135214234e-12	220.4980147	0.2445672719	-46.12495941	224.0689708	221.8340909
	-0.003453242915	1.065297193e-06	2706.32637	7.170079797e-12	220.5181689	0.2445986403	-47.88251039	224.1632082	221.837934
	-0.003390217611	1.065344199e-06	2706.2025	7.209244248e-12	220.5448166	0.2446389649	-49.88082699	224.2729142	221.8452377
	-0.00332267088	1.065399378e-06	2706.058961	7.252703997e-12	220.5788695	0.2446894025	-52.12521216	224.3989563	221.8566823
	-0.003251131367	1.065463235e-06	2705.894772	7.300408775e-12	220.6211327	0.2447509669	-54.61814021	224.5419998	221.8728839
	-0.003176158966	1.065536135e-06	2705.709276	7.352252978e-12	220.6722656	0.2448244776	-57.35861136	224.7024511	221.8943676
	-0.00309834044	1.065618275e-06	2705.502202	7.408068121e-12	220.7327453	0.2449105122	-60.34158116	224.8804063	221.9215428
	-0.003018284824	1.065709656e-06	2705.273723	7.46761675e-12	220.8028357	0.2450093665	-63.55748749	225.0756089	221.9546824
	-0.002936618662	1.065810064e-06	2705.024501	7.530588066e-12	220.8825623	0.2451210213	-66.99189468	225.2874159	221.993905
	-0.002853981103	1.065919058e-06	2704.755716	7.596595508e-12	220.9716942	0.2452451191	-70.62527121	225.5147751	222.0391622
	-0.002771018897	1.066035958e-06	2704.469078	7.665176461e-12	221.0697332	0.2453809511	-74.43291296	225.7562148	222.0902313
	-0.002688381338	1.06615985e-06	2704.166831	7.735794185e-12	221.1759123	0.2455274541	-78.38501996	226.0098454	222.1467126
	-0.002606715176	1.06628959e-06	2703.851733	7.807842019e-12	221.2892006	0.2456832194	-82.44692961	226.2733742	222.2080327
	-0.00252665956	1.066423818e-06	2703.527021	7.880649814e-12	221.4083187	0.2458465113	-86.57950457	226.5441332	222.273453
	-0.002448841034	1.066560983e-06	2703.196363	7.953492501e-12	221.5317602	0.2460152974	-90.73966865	226.8191187	222.3420833
	-0.002373868633	1.066699367e-06	2702.863793	8.025600612e-12	221.6578219	0.2461872876	-94.88107921	227.0950424	222.4129013
	-0.00230232912	1.06683712e-06	2702.533638	8.096172535e-12	221.7846397	0.246359983	-98.9549206	227.3683928	222.484775
	-0.002234782389	1.066972299e-06	2702.210423	8.164388197e-12	221.9102311	0.2465307307	-102.9107987	227.6355047	222.55649
	-0.002171757085	1.067102908e-06	2701.898783	8.229423853e-12	222.0325413	0.2466967856	-106.6977135	227.8926359	222.6267794
	-0.00211374647	1.067226948e-06	2701.603355	8.290467585e-12	222.1494931	0.246855376	-110.2650846	228.1360478	222.6943556
	-0.002061204558	1.067342456e-06	2701.328676	8.34673512e-12	222.2590377	0.247003771	-113.5638012	228.3620886	222.7579434
	-0.002014542569	1.067447557e-06	2701.079076	8.397485546e-12	222.3592064	0.2471393487	-116.5472686	228.5672767	222.8163135
	-0.001974125708	1.067540508e-06	2700.85858	8.442036495e-12	222.4481609	0.2472596621	-119.1724216	228.7483812	222.8683148
	-0.001940270321	1.067619737e-06	2700.670806	8.47977838e-12	222.5242403	0.2473625017	-121.4006768	228.9024978	222.9129052
	-0.001913241454	1.067683887e-06	2700.518882	8.510187281e-12	222.5860042	0.2474459521	-123.198796	229.0271184	222.9491793
	-0.001893250921	1.067731843e-06	2700.40537	8.532836015e-12	222.6322702	0.2475084414	-124.53963	229.1201899	222.9763931
	-0.001880456742	1.067762764e-06	2700.332209	8.547402129e-12	222.6621422	0.2475487787	-125.4026644	229.1801594	222.9939823
	-0.001875	1.067776006e-06	2700.300883	8.55363138e-12	222.6749447	0.2475660642	-125.77191	229.2058321	223.0015249

	-0.001875	1.068124734e-06	2699.69175	7.926198259e-12	223.0007636	0.2480092754	-129.9202358	229.6332546	223.2660121
	-0.001869543258	1.068134644e-06	2699.660342	7.925542114e-12	223.0127577	0.2480246909	-130.3643272	229.6625082	223.2707134
	-0.001856749079	1.068158383e-06	2699.585593	7.924012727e-12	223.0414125	0.2480615588	-131.4156152	229.7319364	223.2820997
	-0.001836758546	1.068196887e-06	2699.465695	7.921648496e-12	223.0876806	0.2481211959	-133.0864204	229.8427702	223.3009104
	-0.001809729679	1.068251689e-06	2699.297558	7.9185011e-12	223.1531395	0.2482057706	-135.4001686	229.9971917	223.3283219
	-0.001775874292	1.068324777e-06	2699.077187	7.914638646e-12	223.2398354	0.2483180969	-138.3869733	230.1980186	223.3658643
	-0.001735457431	1.068418504e-06	2698.799877	7.910143921e-12	223.3501851	0.2484615002	-142.0818035	230.4485503	223.4153544
	-0.001688795442	1.068535476e-06	2698.460459	7.905112109e-12	223.4868594	0.2486396601	-146.5223758	230.7523891	223.4788151
	-0.00163625353	1.068678429e-06	2698.053565	7.899648185e-12	223.6526525	0.2488564312	-151.7467737	231.1132377	223.5583843
	-0.001578242915	1.068850091e-06	2697.573924	7.893864038e-12	223.850339	0.2491156487	-157.7908734	231.534681	223.6562158
	-0.001515217611	1.069053044e-06	2697.016663	7.887875441e-12	224.0825246	0.2494209258	-164.6856641	232.0199567	223.7743758
	-0.00144767088	1.069289576e-06	2696.377621	7.881798938e-12	224.3514968	0.2497754492	-172.4545595	232.5717267	223.9147382
	-0.001376131367	1.069561548e-06	2695.653643	7.875748759e-12	224.6590778	0.2501817795	-181.1107966	233.1918538	224.0788826
	-0.001301158966	1.06987026e-06	2694.842861	7.86983384e-12	225.0064883	0.2506416651	-190.6550186	233.8811944	224.2679979
	-0.00122334044	1.070216332e-06	2693.944944	7.864155049e-12	225.3942242	0.2511558741	-201.0731339	234.6394129	224.4827962
	-0.001143284824	1.070599609e-06	2692.96131	7.858802688e-12	225.8219522	0.2517240519	-212.3345319	235.464827	224.7234384
	-0.001061618662	1.07101908e-06	2691.895288	7.853854356e-12	226.2884284	0.2523446093	-224.3907319	236.3542871	224.9894754
	-0.0009789811026	1.07147282e-06	2690.75223	7.849373225e-12	226.7914419	0.2530146458	-237.1745236	237.3030985	225.2798071
	-0.0008960188974	1.071957971e-06	2689.539565	7.845406783e-12	227.3277874	0.253729911	-250.5996447	238.3049865	225.5926599
	-0.0008133813382	1.072470736e-06	2688.266782	7.841986072e-12	227.8932672	0.2544848072	-264.5610254	239.3521099	225.9255852
	-0.0007317151761	1.07300641e-06	2686.945363	7.839125447e-12	228.4827243	0.2552724325	-278.9356107	240.4351224	226.2754789
	-0.0006516595599	1.07355944e-06	2685.588638	7.836822853e-12	229.0901054	0.2560846666	-293.5837541	241.5432818	226.6386206
	-0.0005738410337	1.074123511e-06	2684.211595	7.8350606e-12	229.7085534	0.2569122949	-308.3511589	242.6646044	227.0107339
	-0.0004988686334	1.074691656e-06	2682.830622	7.833806623e-12	230.3305267	0.2577451704	-323.0713245	243.786063	227.3870645
	-0.0004273291202	1.075256389e-06	2681.463202	7.83301616e-12	230.9479426	0.2585724073	-337.5684409	244.8938209	227.7624751
	-0.0003597823888	1.075809864e-06	2680.127572	7.832633813e-12	231.5523413	0.2593826031	-351.6606579	245.9734988	228.1315538
	-0.0002967570852	1.076344038e-06	2678.84234	7.832595902e-12	232.1350649	0.2601640813	-365.1636455	247.0104654	228.4887341
	-0.0002387464699	1.076850851e-06	2677.62609	7.832833047e-12	232.6874485	0.2609051502	-377.894349	247.9901454	228.8284219
	-0.0001862045583	1.077322414e-06	2676.496965	7.833272889e-12	233.2010157	0.2615943677	-389.6748396	248.8983351	229.1451267
	-0.0001395425687	1.077751187e-06	2675.472259	7.833842859e-12	233.667675	0.2622208079	-400.3361529	249.7215176	229.4335933
	-9.912570751e-05	1.078130164e-06	2674.568015	7.834472906e-12	234.0799104	0.262774319	-409.7220081	250.4471694	229.6889294
	-6.527032127e-05	1.078453038e-06	2673.798653	7.835098091e-12	234.4309604	0.2632457666	-417.6923052	251.0640474	229.9067261
	-3.824145387e-05	1.078714358e-06	2673.176623	7.835660975e-12	234.7149813	0.2636272549	-424.1262949	251.5624508	230.0831679
	-1.825092067e-05	1.078909658e-06	2672.712115	7.836113701e-12	234.9271883	0.2639123178	-428.9253112	251.9344459	230.2151269
	-5.456741744e-06	1.079035556e-06	2672.412836	7.836419703e-12	235.0639607	0.2640960619	-432.014786	252.1740339	230.3002349
	0	1.079089467e-06	2672.284721	7.836554071e-12	235.1225216	0.264174738	-433.3367378	252.2765763	230.3366887

	0	1.080539215e-06	2669.778019	7.277221553e-12	236.403876	0.26597127	-448.959954	253.9285018	231.4121258
	5.456741744e-06	1.080579079e-06	2669.646517	7.274491768e-12	236.4617935	0.2660427586	-450.6246045	254.0508447	231.4380679
	1.825092067e-05	1.080674636e-06	2669.334033	7.268108615e-12	236.5994441	0.2662132036	-454.5623742	254.340468	231.5002547
	3.824145387e-05	1.080829802e-06	2668.834122	7.258183549e-12	236.8197226	0.2664874588	-460.812524	254.8007742	231.601241
	6.527032127e-05	1.081050968e-06	2668.135583	7.244857935e-12	237.1276478	0.2668736707	-469.452312	255.4382295	231.7451927
	9.912570751e-05	1.081346428e-06	2667.223935	7.228319052e-12	237.5297094	0.2673823973	-480.5808455	256.2611465	231.9375194
	0.0001395425687	1.081726e-06	2666.082178	7.208796587e-12	238.0335276	0.2680260858	-494.3127621	257.2791785	232.1846227
	0.0001862045583	1.082200566e-06	2664.691685	7.186557777e-12	238.6474554	0.2688184606	-510.7709839	258.5027382	232.4935986
	0.0002387464699	1.082781553e-06	2663.033211	7.161901763e-12	239.380129	0.2697738289	-530.0785461	259.9423411	232.871899
	0.0002967570852	1.083480373e-06	2661.087983	7.135153342e-12	240.2399795	0.2709063281	-552.3497626	261.6078948	233.3269658
	0.0003597823888	1.084307832e-06	2658.838842	7.106656312e-12	241.2347251	0.2722291395	-577.6810376	263.5079603	233.8658469
	0.0004273291202	1.085273539e-06	2656.271384	7.076766577e-12	242.3708586	0.2737536965	-606.1416518	265.6490101	234.4948098
	0.0004988686334	1.086385327e-06	2653.375078	7.045845212e-12	243.6531508	0.2754889143	-637.764862	268.0347105	235.2189654
	0.0005738410337	1.087648712e-06	2650.144303	7.014251666e-12	245.0841862	0.277440469	-672.5396417	270.6652548	236.0419135
	0.0006516595599	1.089066406e-06	2646.579277	6.982337279e-12	246.6639486	0.2796101513	-710.4033792	273.5367727	236.9654262
	0.0007317151761	1.090637899e-06	2642.686835	6.950439277e-12	248.3894715	0.2819953195	-751.2358203	276.6408379	237.9891766
	0.0008133813382	1.092359137e-06	2638.481039	6.918875406e-12	250.254568	0.2845884719	-794.8545083	279.9640953	239.1105262
	0.0008960188974	1.09422229e-06	2633.983577	6.887939313e-12	252.2496504	0.287376957	-841.0119276	283.4880237	240.3243775
	0.0009789811026	1.096215644e-06	2629.223943	6.857896793e-12	254.3616489	0.2903428334	-889.3945084	287.1888471	241.6230988
	0.001061618662	1.098323598e-06	2624.239389	6.828982971e-12	256.5740343	0.2934628891	-939.6235913	291.0376013	242.9965258
	0.001143284824	1.100526789e-06	2619.074629	6.801400458e-12	258.8669472	0.296708823	-991.2583907	295.0003615	244.4320413
	0.00122334044	1.102802329e-06	2613.781312	6.775318506e-12	261.2174333	0.3000475881	-1043.800934	299.0386256	245.9147319
	0.001301158966	1.105124167e-06	2608.417268	6.750873143e-12	263.599779	0.3034418882	-1096.702892	303.1098503	247.4276196
	0.001376131367	1.107463544e-06	2603.045544	6.728168234e-12	265.985942	0.3068508196	-1149.374154	307.1681255	248.9519633
	0.00144767088	1.109789552e-06	2597.733248	6.707277398e-12	268.3460638	0.3102306382	-1201.192946	311.1649725	250.4676202
	0.001515217611	1.112069771e-06	2592.550244	6.688246688e-12	270.6490529	0.313535636	-1251.517248	315.0502456	251.9534606
	0.001578242915	1.114270962e-06	2587.567723	6.6710979e-12	272.8632228	0.3167190997	-1299.697203	318.7731144	253.3878228
	0.00163625353	1.116359814e-06	2582.856684	6.655832369e-12	274.9569662	0.3197343281	-1345.088201	322.2830991	254.7489956
	0.001688795442	1.118303703e-06	2578.486383	6.642435118e-12	276.8994491	0.322535678	-1387.064287	325.5311328	256.0157165
	0.001735457431	1.120071456e-06	2574.522776	6.630879172e-12	278.6613032	0.3250796102	-1425.03151	328.4706201	257.167669
	0.001775874292	1.121634096e-06	2571.027013	6.621129891e-12	280.215298	0.3273257054	-1458.440868	331.0584629	258.1859669
	0.001809729679	1.12296554e-06	2568.05402	6.613149148e-12	281.5369737	0.3292376207	-1486.80046	333.2560251	259.0536099
	0.001836758546	1.124043234e-06	2565.651206	6.606899215e-12	282.6052156	0.3307839581	-1509.686506	335.0300067	259.7558981
	0.001856749079	1.124848703e-06	2563.857359	6.602346219e-12	283.4027494	0.3319390152	-1526.752843	336.3531978	260.2807904
	0.001869543258	1.125367964e-06	2562.70181	6.59946324e-12	283.9165108	0.3326833471	-1537.737902	337.2050339	260.6191732
	0.001875	1.125590321e-06	2562.207194	6.598241002e-12	284.1364218	0.3330020125	-1542.437867	337.5695256	260.7640748

	0.001875	1.130998763e-06	2552.978859	8.595635182e-12	288.5410048	0.3397889653	-1590.927652	342.8536599	264.6698158
	0.001880456742	1.131173289e-06	2552.420864	8.58126609e-12	288.7868382	0.3400930336	-1597.610736	343.3426559	264.7916846
	0.001893250921	1.131590734e-06	2551.101452	8.547738059e-12	289.3672215	0.340815848	-1613.338411	344.4931796	265.081355
	0.001913241454	1.132266111e-06	2549.008736	8.495807679e-12	290.2852488	0.3419729517	-1638.075646	346.3020561	265.5449871
	0.001940270321	1.133224131e-06	2546.118761	8.426478105e-12	291.5482076	0.3435912194	-1671.838918	348.7695588	266.1932463
	0.001974125708	1.134496865e-06	2542.400838	8.341073168e-12	293.1653548	0.3457054088	-1714.642859	351.8955416	267.039925
	0.002014542569	1.136122214e-06	2537.819567	8.241205506e-12	295.1471974	0.3483563458	-1766.490087	355.6787435	268.101221
	0.002061204558	1.138142119e-06	2532.337139	8.128734845e-12	297.5046791	0.3515888045	-1827.360452	360.1160594	269.3948942
	0.00211374647	1.140600522e-06	2525.915939	8.005719843e-12	300.2482671	0.3554491071	-1897.1991	365.2017339	270.9393125
	0.002171757085	1.143541152e-06	2518.521361	7.874365188e-12	303.3869662	0.3599825238	-1975.903725	370.9264994	272.7524173
	0.002234782389	1.14700522e-06	2510.124724	7.736965554e-12	306.9272954	0.3652305593	-2063.311478	377.276695	274.8506453
	0.00230232912	1.151029087e-06	2500.706206	7.595848068e-12	310.8722662	0.3712282229	-2159.186085	384.2333996	277.2478425
	0.002373868633	1.155641995e-06	2490.257668	7.453314986e-12	315.220399	0.3780013771	-2263.205703	391.7716188	279.9542101
	0.002448841034	1.160863943e-06	2478.785281	7.311588256e-12	319.964816	0.3855642607	-2374.952052	399.8595601	282.9753202
	0.00252665956	1.166703778e-06	2466.311831	7.172757556e-12	325.0924471	0.3939172762	-2493.901319	408.4580316	286.3112357
	0.002606715176	1.173157569e-06	2452.878643	7.038733306e-12	330.58338	0.4030451247	-2619.417298	417.5199957	289.9557697
	0.002688381338	1.180207336e-06	2438.547012	6.911205974e-12	336.4103846	0.4129153612	-2750.747164	426.9903042	293.8959111
	0.002771018897	1.187820174e-06	2423.399091	6.791612804e-12	342.5386341	0.4234774298	-2887.020191	436.805637	298.1114417
	0.002853981103	1.195947812e-06	2407.538191	6.681112844e-12	348.9256409	0.4346622261	-3027.249658	446.8946607	302.5747631
	0.002936618662	1.20452664e-06	2391.088446	6.580570907e-12	355.521418	0.4463822139	-3170.338078	457.1784148	307.2509436
	0.003018284824	1.213478207e-06	2374.193839	6.4905508e-12	362.2688702	0.4585321102	-3315.08579	467.5709303	312.0979921
	0.00309834044	1.222710186e-06	2357.016604	6.411317885e-12	369.1044121	0.4709901334	-3460.202837	477.9800737	317.067355
	0.003176158966	1.232117796e-06	2339.735014	6.34285072e-12	375.9588024	0.4836197898	-3604.323975	488.3086051	322.1046279
	0.003251131367	1.241585633e-06	2322.54062	6.284861273e-12	382.7581776	0.4962721602	-3746.026523	498.4554327	327.1504663
	0.00332267088	1.250989886e-06	2305.634989	6.236822918e-12	389.4252621	0.5087886302	-3883.850712	508.3170364	332.1416721
	0.003390217611	1.26020085e-06	2289.226038	6.19800519e-12	395.8807244	0.5210039934	-4016.322063	517.7890313	337.0124296
	0.003453242915	1.269085702e-06	2273.524038	6.167514072e-12	402.0446465	0.5327498452	-4141.975299	526.7678348	341.6956554
	0.00351125353	1.277511435e-06	2258.737419	6.144336415e-12	407.8380676	0.5438581756	-4259.379193	535.1523969	346.1244295
	0.003563795442	1.28534788e-06	2245.068458	6.127386982e-12	413.1845622	0.5541650609	-4367.161769	542.8459534	350.2334635
	0.003610457431	1.292470734e-06	2232.708999	6.115556512e-12	418.0118086	0.563514352	-4464.035184	549.7577551	353.9605694
	0.003650874292	1.2987645e-06	2221.836299	6.107759206e-12	422.2531075	0.5717612535	-4548.819688	555.8047323	357.2480836
	0.003684729679	1.304125252e-06	2212.609125	6.102978045e-12	425.8488059	0.5787756932	-4620.466001	560.9130483	360.0442075
	0.003711758546	1.308463157e-06	2205.164222	6.100306429e-12	428.747587	0.5844453797	-4678.07551	565.0195002	362.3042249
	0.003731749079	1.311704644e-06	2199.613268	6.098984774e-12	430.9075799	0.5886784423	-4720.917525	568.0727163	363.9915523
	0.003744543258	1.313794038e-06	2196.040641	6.09843087e-12	432.2971661	0.5914053984	-4748.441373	570.0339897	365.0785216
	0.00375	1.314688684e-06	2194.512171	6.098263951e-12	432.8915285	0.5925726638	-4760.205147	570.872181	365.5437923

	0.00375	1.320342266e-06	2181.420355	6.769330919e-12	437.5514981	0.6015272444	-4838.189232	578.1680574	368.9800911
	0.003755456742	1.321324877e-06	2179.562764	6.757711199e-12	438.2454952	0.6028494095	-4854.249352	579.1839148	369.5039011
	0.003768250921	1.323646777e-06	2175.204059	6.730567425e-12	439.8716771	0.6059675043	-4891.704614	581.5582659	370.7343602
	0.003788241454	1.327325239e-06	2168.384469	6.688438048e-12	442.4097264	0.6108901639	-4949.665505	585.2471146	372.6633868
	0.003815270321	1.332396869e-06	2159.145896	6.63202242e-12	445.8359265	0.6176443766	-5026.943922	590.1940118	375.2841374
	0.003849125708	1.33890843e-06	2147.544928	6.562245098e-12	450.1186152	0.6262640023	-5121.972944	596.3242507	378.5871439
	0.003889542569	1.346913573e-06	2133.653265	6.480235868e-12	455.2184441	0.6367865323	-5232.845916	603.5463703	382.5599362
	0.003936204558	1.35646912e-06	2117.557799	6.387302981e-12	461.0888496	0.6492494799	-5357.36726	611.7542025	387.1867081
	0.00398874647	1.367630887e-06	2099.360637	6.284902169e-12	467.676621	0.6636863338	-5493.111043	620.8292473	392.4479598
	0.004046757085	1.380449159e-06	2079.179039	6.174602513e-12	474.9225419	0.6801221994	-5637.485282	630.6432935	398.3201272
	0.004109782389	1.394963997e-06	2057.145301	6.058050192e-12	482.7620934	0.6985692868	-5787.800008	641.0612087	404.775216
	0.00417732912	1.411200539e-06	2033.406509	5.936931134e-12	491.1262022	0.7190224144	-5941.337059	651.9438184	411.7804592
	0.004248868633	1.429164466e-06	2008.124189	5.81293365e-12	499.9420225	0.7414547003	-6095.419518	663.1507962	419.2980188
	0.004323841034	1.448837813e-06	1981.473799	5.68771209e-12	509.1337367	0.7658136112	-6247.47876	674.5434855	427.2847512
	0.00440165956	1.470175276e-06	1953.644053	5.562852527e-12	518.623362	0.7920175294	-6395.117128	685.9875759	435.6920547
	0.004481715176	1.493101172e-06	1924.836069	5.43984141e-12	528.3315495	0.8199529851	-6536.164429	697.3555652	444.4658152
	0.004563381338	1.517507177e-06	1895.262313	5.320038017e-12	538.1783639	0.8494726826	-6668.726625	708.5289429	453.5464644
	0.004646018897	1.543250956e-06	1865.145343	5.204651428e-12	548.084033	0.8803944236	-6791.22534	719.4000399	462.8691624
	0.004728981103	1.57015575e-06	1834.716349	5.094722583e-12	557.9696559	0.9125010076	-6902.427114	729.8735038	472.3641101
	0.004811618662	1.598010993e-06	1804.213478	4.991111824e-12	567.7578643	0.9455411572	-7001.461644	739.8673653	481.9569965
	0.004893284824	1.626573957e-06	1773.879974	4.894492163e-12	577.3734274	0.9792314839	-7087.828589	749.3136806	491.5695806
	0.00497334044	1.655572425e-06	1743.962135	4.805348326e-12	586.7437982	1.013259482	-7161.392907	758.1587412	501.1204027
	0.005051158966	1.684708341e-06	1714.707104	4.723981434e-12	595.7995962	1.047287498	-7222.369009	766.3628634	510.5256158
	0.005126131367	1.713662365e-06	1686.360529	4.650519042e-12	604.4750271	1.080957606	-7271.294395	773.8997752	519.6999271
	0.00519767088	1.742099226e-06	1659.164122	4.58493005e-12	612.7082389	1.113897266	-7308.993743	780.7556369	528.5576297
	0.005265217611	1.76967374e-06	1633.353144	4.527043882e-12	620.4416173	1.145725652	-7336.534723	786.927739	537.0137084
	0.005328242915	1.796037343e-06	1609.153864	4.476573187e-12	627.6220229	1.17606047	-7355.177068	792.4229312	544.984995
	0.00538625353	1.820844967e-06	1586.781031	4.433139225e-12	634.2009772	1.204525115	-7366.316617	797.2558457	552.3913501
	0.005438795442	1.843762075e-06	1566.435401	4.396299002e-12	640.1347999	1.230755967	-7371.426221	801.4469819	559.1568448
	0.005485457431	1.864471663e-06	1548.301366	4.365573204e-12	645.3847071	1.254409637	-7371.995479	805.0207232	565.210916
	0.005525874292	1.882681044e-06	1532.544723	4.340473929e-12	649.916875	1.275169962	-7369.471282	808.0033597	570.4894684
	0.005559729679	1.898128209e-06	1519.310638	4.320531275e-12	653.7024767	1.292754578	-7365.201155	810.4211859	574.9358973
	0.005586758546	1.9105876e-06	1508.72184	4.305317848e-12	656.7176963	1.306920846	-7360.381227	812.2987424	578.5020043
	0.005606749079	1.919875071e-06	1500.877118	4.294470421e-12	658.9437169	1.31747096	-7356.010589	813.6572553	581.1487739
	0.005619543258	1.925851523e-06	1495.850489	4.28770841e-12	660.3665964	1.324255625	-7352.853726	814.5132757	582.8468786
	0.005625	1.928408174e-06	1493.705217	4.284867249e-12	660.9730298	1.327157006	-7351.421939	814.8751779	583.5721067

	0.005625	1.911281352e-06	1498.263295	3.804132559e-12	657.4390107	1.308337213	-7570.065561	819.5248306	575.9742969
	0.005630456742	1.914256573e-06	1496.297515	3.790511567e-12	658.0103343	1.311638923	-7558.793571	819.6650267	576.7576202
	0.005643250921	1.921222662e-06	1491.702247	3.758830912e-12	659.3453183	1.319369321	-7532.335105	819.9916349	578.5884897
	0.005663241454	1.932079519e-06	1484.561026	3.710048977e-12	661.4183569	1.331417034	-7490.911629	820.4960467	581.4330207
	0.005690270321	1.946705658e-06	1474.980648	3.645484368e-12	664.1963889	1.347646806	-7434.742898	821.1666048	585.2477479
	0.005724125708	1.964939489e-06	1463.102493	3.566871793e-12	667.6356838	1.367878741	-7364.127263	821.9879531	589.9751463
	0.005764542569	1.986581452e-06	1449.099745	3.476312832e-12	671.6827562	1.391890695	-7279.446021	822.941444	595.5447876
	0.005811204558	2.011397277e-06	1433.173583	3.376213428e-12	676.2755981	1.419421923	-7181.166097	824.0056626	601.8749149
	0.00586374647	2.039121825e-06	1415.548756	3.269212114e-12	681.3451091	1.450177368	-7069.842576	825.1570292	608.8742695
	0.005921757085	2.069463373e-06	1396.468703	3.158101426e-12	686.8166714	1.483832454	-6946.121071	826.3704601	616.4441071
	0.005984782389	2.102108228e-06	1376.19035	3.045744976e-12	692.6118253	1.520038245	-6810.739727	827.6200659	624.4803442
	0.00605232912	2.136725567e-06	1354.978739	2.934992736e-12	698.6499968	1.558426845	-6664.530642	828.8798665	632.8757729
	0.006123868633	2.172972379e-06	1333.101633	2.828597173e-12	704.8502282	1.598616918	-6508.420455	830.1245004	641.5222845
	0.006198841034	2.210498397e-06	1310.824237	2.729132784e-12	711.1328647	1.640219204	-6343.429903	831.3299073	650.3130406
	0.00627665956	2.248950926e-06	1288.404192	2.638921528e-12	717.4211505	1.682841894	-6170.672106	832.4739643	659.1445328
	0.006356715176	2.28797944e-06	1266.086952	2.559966433e-12	723.6426912	1.726095769	-5991.349431	833.5370551	667.9184772
	0.006438381338	2.327239881e-06	1244.101678	2.493895389e-12	729.7307449	1.769598984	-5806.748749	834.5025569	676.5434951
	0.006521018897	2.366398553e-06	1222.657741	2.441916856e-12	735.6253083	1.81298141	-5618.235016	835.3572297	684.9365373
	0.006603981103	2.405135562e-06	1201.941917	2.404788806e-12	741.2739724	1.855888456	-5427.243073	836.0914976	693.0240202
	0.006686618662	2.443147739e-06	1182.116336	2.382801816e-12	746.6325286	1.897984316	-5235.267694	836.6996139	700.7426483
	0.006768284824	2.480151011e-06	1163.317212	2.375776796e-12	751.6653151	1.938954596	-5043.851878	837.1797062	708.0399095
	0.00684834044	2.515882205e-06	1145.654366	2.383077361e-12	756.3452994	1.978508307	-4854.573513	837.5337008	714.8742393
	0.006926158966	2.550100285e-06	1129.211537	2.403636414e-12	760.6539044	2.016379212	-4669.030528	837.7671298	721.2148607
	0.007001131367	2.582587029e-06	1114.047425	2.435996054e-12	764.5805891	2.052326558	-4488.824752	837.888829	727.0413151
	0.00707267088	2.613147187e-06	1100.197421	2.478359505e-12	768.1222077	2.086135221	-4315.544693	837.9105348	732.3427112
	0.007140217611	2.64160817e-06	1087.675932	2.528653408e-12	771.2821714	2.117615321	-4150.747546	837.8463966	737.116726
	0.007203242915	2.667819315e-06	1076.479203	2.58459847e-12	774.0694501	2.146601374	-3995.940722	837.7124182	741.3683991
	0.00726125353	2.691650815e-06	1066.58853	2.643786212e-12	776.4974482	2.17295106	-3852.56325	837.5258484	745.1087685
	0.007313795442	2.712992381e-06	1057.973721	2.703759395e-12	778.5828003	2.196543693	-3721.967413	837.3045399	748.3533995
	0.007360457431	2.731751722e-06	1050.596705	2.762093547e-12	780.3441265	2.217278495	-3605.400974	837.0662974	751.1208617
	0.007400874292	2.747852929e-06	1044.415115	2.816477017e-12	781.8007958	2.235072761	-3503.990373	836.8282359	753.4312103
	0.007434729679	2.761234854e-06	1039.385759	2.864787012e-12	782.9717376	2.249860017	-3418.725244	836.6061707	755.3045251
	0.007461758546	2.771849546e-06	1035.467816	2.90515918e-12	783.8743453	2.261588249	-3350.444634	836.4140576	756.759559
	0.007481749079	2.779660791e-06	1032.625686	2.9360484e-12	784.5235054	2.270218258	-3299.825457	836.2635035	757.81254
	0.007494543258	2.78464251e-06	1030.831492	2.956277506e-12	784.930761	2.275721849	-3267.375529	836.1633684	758.4761246
	0.0075	2.786763051e-06	1030.072154	2.965014389e-12	785.1025059	2.278064459	-3253.522977	836.1197635	758.7566906

	0.0075	2.779808499e-06	1040.398283	1.604188219e-12	784.0356879	2.269291629	-3148.436888	831.6230918	759.3467364
	0.007505456742	2.781456198e-06	1039.792368	1.596139552e-12	784.1880258	2.27110388	-3137.411733	831.5896327	759.5929871
	0.007518250921	2.785304344e-06	1038.378114	1.577426739e-12	784.5436227	2.275336114	-3111.647037	831.5111824	760.1679752
	0.007538241454	2.79127447e-06	1036.186368	1.548633481e-12	785.0947896	2.28190151	-3071.630399	831.3886045	761.0596829
	0.007565270321	2.799264178e-06	1033.257823	1.51056545e-12	785.8313979	2.290686659	-3017.989873	831.2228664	762.2523648
	0.007599125708	2.809138157e-06	1029.646199	1.464282282e-12	786.7400735	2.301541708	-2951.556363	831.0152642	763.7252207
	0.007639542569	2.820731175e-06	1025.416988	1.411067109e-12	787.8045088	2.314283697	-2873.346505	830.7674205	765.452867
	0.007686204558	2.833852077e-06	1020.645797	1.352387967e-12	789.0058732	2.328701005	-2784.539497	830.4812717	767.4059618
	0.00773874647	2.84828841e-06	1015.416425	1.289853505e-12	790.3232877	2.344558492	-2686.450216	830.1590538	769.5519268
	0.007796757085	2.863811512e-06	1009.818761	1.225164496e-12	791.7343466	2.361603154	-2580.49959	829.8032848	771.8557425
	0.007859782389	2.880181912e-06	1003.946554	1.160062683e-12	793.2156706	2.379570131	-2468.183066	829.4167451	774.2807913
	0.00792732912	2.897154892e-06	997.8951128	1.096278553e-12	794.7434752	2.398188888	-2351.0381	829.0024561	776.7897247
	0.007998868633	2.914486045e-06	991.7590218	1.035479641e-12	796.2941376	2.417189389	-2230.611549	828.5636564	779.3453298
	0.008073841034	2.931936674e-06	985.6299258	9.79220982e-13	797.8447463	2.436308096	-2108.427886	828.1037769	781.9113694
	0.00815165956	2.949278878e-06	979.5944484	9.288992162e-13	799.3736168	2.455293617	-1985.95908	827.6264136	784.453373
	0.008231715176	2.96630019e-06	973.7323068	8.857117827e-13	800.8607599	2.473911858	-1864.596968	827.1353001	786.9393562
	0.008313381338	2.98280764e-06	968.1146734	8.506224387e-13	802.2882886	2.491950521	-1745.628817	826.634278	789.3404485
	0.008396018897	2.998631127e-06	962.8028278	8.243341658e-13	803.6407535	2.509222848	-1630.216714	826.1272671	791.6314135
	0.008478981103	3.013626035e-06	957.8471371	8.072702842e-13	804.9053973	2.525570509	-1519.381247	825.6182347	793.7910481
	0.008561618662	3.027675007e-06	953.2863863	7.995643421e-13	806.0723224	2.54086556	-1413.989852	825.1111648	795.8024501
	0.008643284824	3.040688869e-06	949.1474749	8.010590699e-13	807.1345685	2.555011449	-1314.750031	824.6100266	797.653151
	0.00872334044	3.052606675e-06	945.4454813	8.113144098e-13	808.0880991	2.567943045	-1222.207471	824.1187434	799.3351109
	0.008801158966	3.06339491e-06	942.1840857	8.29624343e-13	808.9316997	2.579625726	-1136.748999	823.6411623	800.8445806
	0.008876131367	3.073045881e-06	939.3563314	8.550419667e-13	809.6667916	2.590053566	-1058.610092	823.1810234	802.1818361
	0.00894767088	3.08157538e-06	936.9456944	8.864120128e-13	810.2971705	2.599246714	-987.8865789	822.7419312	803.3507995
	0.009015217611	3.089019711e-06	934.9274201	9.224097692e-13	810.8286785	2.607248056	-924.5499981	822.3273254	804.3585579
	0.009078242915	3.095432182e-06	933.2700803	9.61585166e-13	811.2688212	2.614119287	-868.4660078	821.9404546	805.2148016
	0.00913625353	3.100879203e-06	931.9372945	1.002410628e-12	811.6263451	2.61993655	-819.4151209	821.5843506	805.931198
	0.009188795442	3.105436123e-06	930.8895564	1.043331176e-12	811.9107878	2.624785777	-777.1149953	821.2618043	806.5207275
	0.009235457431	3.109182956e-06	930.0861037	1.0828152e-12	812.1320181	2.628757912	-741.2434606	820.9753439	806.9970003
	0.009275874292	3.112200136e-06	929.4867666	1.119404284e-12	812.2997808	2.631944167	-711.4614513	820.727215	807.3735808
	0.009309729679	3.114564462e-06	929.0537341	1.151760524e-12	812.4232621	2.634431492	-687.435033	820.5193632	807.6633411
	0.009336758546	3.116345356e-06	928.7531779	1.17870982e-12	812.510689	2.636298392	-668.8557538	820.3534186	807.8778657
	0.009356749079	3.117601562e-06	928.5566813	1.199279669e-12	812.5689779	2.637611245	-655.4586687	820.2306841	808.026927
	0.009369543258	3.118378353e-06	928.4424321	1.212729402e-12	812.6034401	2.638421183	-647.037948	820.1521316	808.1180435
	0.009375	3.118703199e-06	928.3964377	1.218533355e-12	812.6174631	2.638759429	-643.4829573	820.1186286	808.1558877

	0.009375	3.124122343e-06	925.9624044	1.036058958e-12	813.2403127	2.645370662	-629.3389369	820.6691607	808.8317346
	0.009380456742	3.124474012e-06	925.8479487	9.369825943e-13	813.2609143	2.645736275	-626.9990302	820.6593934	808.8679764
	0.009393250921	3.125294983e-06	925.5809249	7.092058353e-13	813.3089543	2.646589623	-621.5326491	820.6364772	808.9525607
	0.009413241454	3.126567696e-06	925.1674563	3.660065187e-13	813.383276	2.647912044	-613.0474231	820.6006291	809.0836262
	0.009440270321	3.128269063e-06	924.6156807	-7.34096851e-14	813.4823313	2.649678914	-601.6829637	820.5520771	809.2587146
	0.009474125708	3.13036859e-06	923.9363352	-5.838785135e-13	813.6040788	2.651857719	-587.6238611	820.4911293	809.4745802
	0.009514542569	3.132829086e-06	923.1424948	-1.135132722e-12	813.7460351	2.654408828	-571.0957238	820.4181752	809.7272675
	0.009561204558	3.135607593e-06	922.2492305	-1.69285706e-12	813.9053417	2.657286491	-552.3598664	820.3336855	810.012211
	0.00961374647	3.138656458e-06	921.2732158	-2.219893557e-12	814.0788417	2.660440006	-531.7071558	820.238212	810.3243523
	0.009671757085	3.141924515e-06	920.2322935	-2.67755674e-12	814.2631643	2.663814993	-509.4512334	820.1323866	810.6582677
	0.009734782389	3.145358341e-06	919.1450173	-3.027016148e-12	814.4548138	2.667354748	-485.9213124	820.0169197	811.0083037
	0.00980232912	3.148903541e-06	918.030182	-3.230701516e-12	814.6502612	2.671001631	-461.4547583	819.8925988	811.3687164
	0.009873868633	3.152506036e-06	916.9063543	-3.253685203e-12	814.8460353	2.674698456	-436.3896617	819.7602854	811.7338101
	0.009948841034	3.156113307e-06	915.7914205	-3.064997015e-12	815.0388106	2.67838983	-411.0576121	819.6209124	812.0980717
	0.01002665956	3.159675566e-06	914.7021626	-2.638828606e-12	815.225489	2.682023418	-385.7768716	819.4754794	812.4562974
	0.01010671518	3.163146821e-06	913.6538748	-1.955587963e-12	815.4032741	2.685551079	-360.8461347	819.325048	812.8037059
	0.01018838134	3.1664858e-06	912.6600325	-1.002769078e-12	815.5697347	2.688929861	-336.5390399	819.1707359	813.1360385
	0.0102710189	3.169656717e-06	911.7320222	2.243923571e-13	815.722856	2.692122819	-313.0995751	819.0137101	813.4496403
	0.0103539811	3.172629851e-06	910.8789398	1.722499819e-12	815.8610782	2.69509963	-290.7384884	818.8551788	813.7415214
	0.01043661866	3.175381933e-06	910.1074617	3.479828581e-12	815.9833194	2.697836995	-269.6307855	818.6963826	814.0093975
	0.01051828482	3.177896328e-06	909.4217931	5.476417476e-12	816.0889846	2.700318825	-249.9143607	818.5385851	814.2517075
	0.01059834044	3.180163013e-06	908.8236917	7.68441907e-12	816.1779585	2.7025362	-231.6897699	818.3830622	814.4676091
	0.01067615897	3.182178351e-06	908.3125674	1.006869945e-11	816.2505849	2.704487108	-215.0211236	818.2310905	814.6569523
	0.01075113137	3.183944684e-06	907.8856512	1.258767103e-11	816.3076305	2.706175981	-199.9380385	818.083936	814.8202327
	0.01082267088	3.185469742e-06	907.5382282	1.519433431e-11	816.3502384	2.70761305	-186.4385561	817.9428416	814.9585257
	0.01089021761	3.186765914e-06	907.2639267	1.783749828e-11	816.3798683	2.708813526	-174.4929074	817.8090143	815.0734045
	0.01095324291	3.18784939e-06	907.0550516	2.046314303e-11	816.39823	2.70979666	-164.0479773	817.6836128	815.166845
	0.01101125353	3.18873921e-06	906.9029528	2.301588398e-11	816.4072088	2.710584692	-155.0323009	817.5677349	815.2411204
	0.01106379544	3.189456256e-06	906.7984132	2.54404937e-11	816.4087874	2.711201744	-147.3614094	817.4624051	815.2986894
	0.01111045743	3.19002222e-06	906.7320472	2.768343541e-11	816.4049665	2.711672688	-140.9433358	817.3685633	815.3420822
	0.01115087429	3.190458579e-06	906.6946919	2.969436156e-11	816.3976862	2.712022017	-135.6840835	817.2870534	815.3737876
	0.01118472968	3.190785617e-06	906.6777821	3.142753189e-11	816.3887507	2.712272777	-131.4928701	817.2186135	815.3961448
	0.01121175855	3.191021529e-06	906.6736937	3.284310701e-11	816.3797603	2.712445582	-128.2869635	817.1638673	815.4112447
	0.01123174908	3.191181625e-06	906.6760457	3.390827284e-11	816.3720504	2.712557742	-125.995956	817.1233162	815.4208422
	0.01124454326	3.19127767e-06	906.6799499	3.459811675e-11	816.3666428	2.712622543	-124.5654196	817.0973359	815.4262839
	0.01125	3.191317109e-06	906.6821846	3.489426563e-11	816.3642241	2.712648523	-123.9637777	817.0862488	815.4284384

	0.01125	3.193192311e-06	905.5703471	4.955992068e-12	816.5716616	2.714932149	-123.8632574	817.4174123	815.5780099
	0.01125545674	3.193257966e-06	905.5499457	4.927008667e-12	816.5728405	2.7149919	-123.4624443	817.4137763	815.5817348
	0.01126825092	3.193411192e-06	905.5023585	4.859378148e-12	816.5755798	2.715131308	-122.5257599	817.4052643	815.5904255
	0.01128824145	3.193648601e-06	905.4286979	4.754621209e-12	816.5797901	2.715347194	-121.0708741	817.3920018	815.6038847
	0.01131527032	3.193965715e-06	905.3304467	4.614753047e-12	816.5853476	2.715635339	-119.1205331	817.3741418	815.62185
	0.01134912571	3.194356623e-06	905.2095606	4.442433177e-12	816.5920895	2.715990173	-116.7048315	817.351888	815.6439754
	0.01138954257	3.194814121e-06	905.0684203	4.240901577e-12	816.5998187	2.716404914	-113.8605943	817.3254915	815.6698396
	0.01143620456	3.195329897e-06	904.9097683	4.013895041e-12	816.60831	2.716871746	-110.6305396	817.2952467	815.6989565
	0.01148874647	3.195894741e-06	904.7366366	3.765550639e-12	816.6173167	2.717382015	-107.062308	817.2614865	815.7307885
	0.01154675709	3.196498782e-06	904.5522672	3.50029965e-12	816.6265787	2.717926462	-103.2073918	817.2245762	815.7647599
	0.01160978239	3.197131734e-06	904.3600273	3.222755171e-12	816.6358299	2.718495453	-99.11999563	817.184908	815.8002718
	0.01167732912	3.197783147e-06	904.1633233	2.937596755e-12	816.6448065	2.719079226	-94.85586186	817.1428943	815.8367171
	0.01174886863	3.198442667e-06	903.9655145	2.649455448e-12	816.6532552	2.719668132	-90.47109195	817.0989616	815.8734957
	0.01182384103	3.199100275e-06	903.76983	2.362802584e-12	816.6609409	2.72025287	-86.02099738	817.0535439	815.9100287
	0.01190165956	3.199746521e-06	903.5792909	2.081845545e-12	816.6676534	2.720824705	-81.5590108	817.0070765	815.9457725
	0.01198171518	3.200372732e-06	903.3966402	1.810433476e-12	816.6732145	2.721375666	-77.13568656	816.9599902	815.9802306
	0.01206338134	3.200971191e-06	903.224282	1.551975593e-12	816.6774825	2.721898722	-72.79781661	816.9127059	816.0129648
	0.0121460189	3.201535286e-06	903.0642325	1.309374357e-12	816.6803569	2.722387916	-68.58768398	816.8656294	816.0436033
	0.0122289811	3.202059623e-06	902.9180832	1.084975271e-12	816.6817811	2.722838474	-64.54247143	816.8191473	816.0718478
	0.01231161866	3.202540099e-06	902.786978	8.805345621e-13	816.681744	2.723246869	-60.69383824	816.7736235	816.0974771
	0.01239328482	3.202973932e-06	902.6716039	6.972054385e-13	816.68028	2.72361085	-57.06767244	816.7293959	816.1203493
	0.01247334044	3.203359655e-06	902.5721968	5.355430239e-13	816.6774675	2.723929433	-53.68402042	816.686775	816.140401
	0.01255115897	3.203697065e-06	902.4885599	3.955274972e-13	816.6734268	2.724202844	-50.55719043	816.646042	816.1576437
	0.01262613137	3.203987137e-06	902.4200961	2.766043987e-13	816.6683152	2.724432438	-47.69602093	816.6074487	816.1721594
	0.01269767088	3.204231905e-06	902.3658516	1.777405304e-13	816.6623227	2.724620576	-45.1042999	816.571217	816.184092
	0.01276521761	3.204434308e-06	902.32457	9.749340387e-14	816.6556653	2.724770478	-42.78131643	816.5375405	816.1936392
	0.01282824291	3.204598021e-06	902.2947545	3.409177373e-14	816.6485781	2.724886053	-40.72252231	816.5065851	816.2010412
	0.01288625353	3.204727256e-06	902.2747366	-1.447553574e-14	816.6413078	2.724971703	-38.92027771	816.478491	816.2065691
	0.01293879544	3.204826562e-06	902.2627487	-5.03655496e-14	816.634105	2.72503213	-37.36465317	816.4533748	816.2105129
	0.01298545743	3.204900612e-06	902.2569978	-7.578498985e-14	816.6272159	2.72507213	-36.04425828	816.431332	816.213168
	0.01302587429	3.204953999e-06	902.2557384	-9.289528123e-14	816.6208744	2.725096386	-34.94706717	816.4124389	816.2148237
	0.01305972968	3.204991036e-06	902.2573428	-1.037218865e-13	816.6152949	2.725109281	-34.06121153	816.3967558	816.2157504
	0.01308675855	3.205015578e-06	902.2603639	-1.100709837e-13	816.6106654	2.725114718	-33.37571337	816.3843282	816.216189
	0.01310674908	3.205030857e-06	902.2635923	-1.134562368e-13	816.6071414	2.725115964	-32.88113423	816.3751902	816.2163414
	0.01311954326	3.205039354e-06	902.2661022	-1.150380073e-13	816.6048414	2.725115523	-32.57013789	816.3693655	816.2163622
	0.013125	3.205042674e-06	902.2672779	-1.155737793e-13	816.6038498	2.725115041	-32.43881275	816.3668869	816.2163528

	0.013125	3.205072342e-06	902.0213131	2.712045166e-13	816.6626166	2.72533638	-33.62335872	816.468681	816.2718944
	0.01313045674	3.205088363e-06	902.018883	3.259180156e-13	816.6617396	2.725347078	-33.49932026	816.4662801	816.271557
	0.01314325092	3.205125275e-06	902.0133299	4.529375811e-13	816.6597113	2.725371699	-33.20830185	816.4606944	816.2708048
	0.01316324145	3.205181124e-06	902.0050595	6.478522133e-13	816.6566205	2.725408879	-32.75305804	816.4520893	816.2697385
	0.01319027032	3.205253097e-06	901.9946647	9.045095791e-13	816.6525935	2.725456646	-32.13649114	816.4406922	816.2685081
	0.01322412571	3.205337506e-06	901.9829218	1.214824966e-12	816.6477959	2.725512417	-31.36251591	816.4268017	816.2673097
	0.01326454257	3.205429912e-06	901.970763	1.569023326e-12	816.6424277	2.725573085	-30.43608246	816.4107802	816.2663782
	0.01331120456	3.205525279e-06	901.9592432	1.955943794e-12	816.636716	2.725635124	-29.36317548	816.3930424	816.2659784
	0.01336374647	3.205618144e-06	901.9495015	2.363388792e-12	816.6309081	2.725694713	-28.15080776	816.3740436	816.2663949
	0.01342175709	3.205702811e-06	901.9427196	2.778505876e-12	816.6252628	2.725747874	-26.80700875	816.354266	816.2679213
	0.01348478239	3.205773549e-06	901.9400783	3.188190222e-12	816.620042	2.725790605	-25.34080744	816.3342044	816.270848
	0.01355232912	3.205824795e-06	901.9427124	3.579495108e-12	816.6155017	2.72581903	-23.76220818	816.3143519	816.2754513
	0.01362386863	3.205851353e-06	901.9516677	3.940037569e-12	816.6118833	2.725829537	-22.08215839	816.2951855	816.2819812
	0.01369884103	3.20584859e-06	901.9678589	4.258386512e-12	816.6094051	2.725818913	-20.31250683	816.2771523	816.290651
	0.01377665956	3.205812603e-06	901.9920322	4.524421172e-12	816.6082551	2.725784467	-18.46595148	816.2606566	816.3016271
	0.01385671518	3.205740377e-06	902.0247317	4.729648691e-12	816.6085839	2.725724138	-16.55597619	816.2460488	816.3150203
	0.01393838134	3.205629909e-06	902.0662726	4.867470881e-12	816.6104992	2.725636581	-14.59677538	816.2336154	816.330879
	0.0140210189	3.205480307e-06	902.1167208	4.933391839e-12	816.6140613	2.72552124	-12.60316647	816.2235717	816.3491842
	0.0141039811	3.20529185e-06	902.1758799	4.925159897e-12	816.6192809	2.725378386	-10.59049009	816.2160562	816.3698458
	0.01418661866	3.205066011e-06	902.2432871	4.842839482e-12	816.626117	2.725209138	-8.574498158	816.2111277	816.3927021
	0.01426828482	3.204805452e-06	902.3182161	4.688810609e-12	816.6344778	2.72501545	-6.571230638	816.2087648	816.4175209
	0.01434834044	3.204513969e-06	902.3996896	4.46769602e-12	816.6442224	2.724800082	-4.596881792	816.2088682	816.4440031
	0.01442615897	3.204196409e-06	902.4864989	4.186218241e-12	816.6551642	2.724566534	-2.66765733	816.2112647	816.4717881
	0.01450113137	3.203858557e-06	902.5772312	3.852990995e-12	816.6670761	2.724318966	-0.7996240242	816.2157145	816.5004618
	0.01457267088	3.203506979e-06	902.6703035	3.478251489e-12	816.6796964	2.724062089	0.9914462731	816.2219194	816.5295654
	0.01464021761	3.203148854e-06	902.7640026	3.073541926e-12	816.6927361	2.723801044	2.690236057	816.2295338	816.5586069
	0.01470324291	3.202791779e-06	902.8565288	2.651350183e-12	816.7058874	2.723541265	4.28204266	816.2381765	816.5870728
	0.01476125353	3.202443557e-06	902.9460437	2.224720868e-12	816.7188321	2.723288326	5.752937281	816.2474438	816.6144413
	0.01481379544	3.202111983e-06	903.0307191	1.806848907e-12	816.7312514	2.723047791	7.089919932	816.2569231	816.6401957
	0.01486045743	3.201804621e-06	903.1087869	1.410668348e-12	816.7428345	2.722825056	8.281067634	816.2662066	816.6638377
	0.01490087429	3.201528592e-06	903.1785871	1.048449245e-12	816.7532884	2.7226252	9.315673232	816.2749055	816.6849007
	0.01493472968	3.20129037e-06	903.2386136	7.314152435e-13	816.7623459	2.722452836	10.18437219	816.282662	816.7029623
	0.01496175855	3.2010956e-06	903.2875562	4.693939879e-13	816.769774	2.722311987	10.87925458	816.2891621	816.7176557
	0.01498174908	3.200948929e-06	903.3243365	2.705122262e-13	816.7753802	2.722205963	11.39395785	816.2941453	816.7286792
	0.01499454326	3.20085389e-06	903.3481363	1.409536507e-13	816.7790184	2.72213728	11.7237171	816.2974129	816.7358041
	0.015	3.200813078e-06	903.3583486	8.515725906e-14	816.780582	2.722107791	11.86444149	816.2988252	816.7388595
