	-0.015	1.916064822e-05	2707.753661	6.48174757e-13	222.12656	8.862990532	231.1702995	222.8501483	222.9068265
	-0.01499454326	1.916066824e-05	2707.751499	6.610018424e-13	222.1284847	8.863076595	230.9886073	222.8526056	222.9085216
	-0.01498174908	1.916071518e-05	2707.746443	6.909026646e-13	222.1329813	8.863277734	230.5654101	222.8583502	222.9124939
	-0.01496175855	1.916078852e-05	2707.738576	7.371326974e-13	222.1399614	8.863590189	229.9120595	222.8672786	222.9186948
	-0.01493472968	1.916088769e-05	2707.728004	7.986910565e-13	222.1493105	8.864009128	229.0439604	222.8792587	222.9270676
	-0.01490087429	1.916101192e-05	2707.714867	8.742584569e-13	222.1608774	8.864528155	227.9814023	222.8941156	222.9375368
	-0.01486045743	1.916116025e-05	2707.699337	9.622311141e-13	222.1744768	8.865139444	226.7490155	222.911635	222.9500085
	-0.01481379544	1.916133153e-05	2707.681615	1.060764571e-12	222.1898946	8.865833912	225.3750736	222.9315677	222.9643713
	-0.01476125353	1.916152442e-05	2707.661925	1.167824171e-12	222.2068921	8.866601425	223.8906912	222.9536355	222.9804977
	-0.01470324291	1.916173744e-05	2707.640513	1.281240432e-12	222.2252121	8.867431026	222.3289447	222.9775368	222.9982458
	-0.01464021761	1.916196892e-05	2707.617639	1.398767621e-12	222.2445842	8.868311172	220.7239431	223.0029528	223.0174605
	-0.01457267088	1.916221707e-05	2707.593574	1.518143762e-12	222.2647318	8.869229984	219.1098773	223.0295549	223.0379756
	-0.01450113137	1.916247995e-05	2707.568594	1.63715027e-12	222.2853772	8.870175496	217.5200765	223.0570103	223.0596151
	-0.01442615897	1.916275553e-05	2707.542975	1.75366944e-12	222.3062481	8.871135895	215.986101	223.0849894	223.0821957
	-0.01434834044	1.916304165e-05	2707.516991	1.865738086e-12	222.3270831	8.872099758	214.5368977	223.1131714	223.1055282
	-0.01426828482	1.916333607e-05	2707.490904	1.971595755e-12	222.3476366	8.873056256	213.1980445	223.1412502	223.1294194
	-0.01418661866	1.916363651e-05	2707.464965	2.069726098e-12	222.3676836	8.873995345	211.9911049	223.1689395	223.1536742
	-0.0141039811	1.916394062e-05	2707.439411	2.158890235e-12	222.3870232	8.874907925	210.9331132	223.1959768	223.1780972
	-0.0140210189	1.916424601e-05	2707.414457	2.23815116e-12	222.4054818	8.875785964	210.036204	223.2221275	223.2024945
	-0.01393838134	1.916455031e-05	2707.390299	2.306888549e-12	222.4229149	8.87662259	209.3073968	223.247187	223.2266749
	-0.01385671518	1.916485111e-05	2707.367109	2.364803614e-12	222.4392084	8.877412146	208.7485412	223.2709821	223.2504523
	-0.01377665956	1.916514608e-05	2707.345036	2.411913967e-12	222.4542786	8.878150201	208.3564226	223.2933724	223.273646
	-0.01369884103	1.916543288e-05	2707.324207	2.448538774e-12	222.468072	8.878833539	208.1230247	223.3142491	223.2960828
	-0.01362386863	1.916570927e-05	2707.304724	2.47527476e-12	222.4805629	8.879460096	208.0359382	223.3335345	223.3175974
	-0.01355232912	1.916597308e-05	2707.286668	2.492963943e-12	222.4917517	8.880028876	208.0789034	223.3511793	223.338034
	-0.01348478239	1.916622223e-05	2707.270099	2.502654198e-12	222.5016617	8.880539839	208.232466	223.3671604	223.3572468
	-0.01342175709	1.916645476e-05	2707.255058	2.505553988e-12	222.510335	8.880993763	208.4747272	223.3814771	223.3751006
	-0.01336374647	1.916666883e-05	2707.241572	2.502982782e-12	222.5178291	8.881392084	208.7821614	223.3941472	223.3914716
	-0.01331120456	1.916686276e-05	2707.229654	2.49631879e-12	222.5242121	8.881736736	209.1304765	223.4052031	223.4062478
	-0.01326454257	1.916703502e-05	2707.219306	2.486945751e-12	222.5295583	8.882029972	209.4954875	223.4146872	223.4193294
	-0.01322412571	1.916718425e-05	2707.210522	2.476200497e-12	222.5339439	8.882274195	209.8539763	223.4226476	223.430629
	-0.01319027032	1.916730927e-05	2707.203293	2.465323017e-12	222.5374423	8.882471792	210.1845092	223.429134	223.4400719
	-0.01316324145	1.91674091e-05	2707.197605	2.455410658e-12	222.5401207	8.882624979	210.4681871	223.4341936	223.4475962
	-0.01314325092	1.916748293e-05	2707.193446	2.447377974e-12	222.5420361	8.882735667	210.6893001	223.4378677	223.4531528
	-0.01313045674	1.916753019e-05	2707.190806	2.44192391e-12	222.5432328	8.882805345	210.83586	223.4401889	223.4567054
	-0.013125	1.916755034e-05	2707.189685	2.439523413e-12	222.5437362	8.882834787	210.8995659	223.4411717	223.4582197

	-0.013125	1.916744851e-05	2707.197575	1.821008506e-12	222.5394978	8.88261842	210.3690344	223.4323028	223.4450493
	-0.01311954326	1.916747065e-05	2707.196304	1.824187333e-12	222.5400566	8.882650991	210.4550448	223.4334796	223.4468266
	-0.01310674908	1.916752247e-05	2707.193341	1.831588914e-12	222.5413443	8.882726411	210.6576115	223.4362165	223.450975
	-0.01308675855	1.916760313e-05	2707.188758	1.843008638e-12	222.5432929	8.882841594	210.9766473	223.4404298	223.4574046
	-0.01305972968	1.916771165e-05	2707.182656	1.858167821e-12	222.5458048	8.882992174	211.4129187	223.4460041	223.4659969
	-0.01302587429	1.916784667e-05	2707.175162	1.876699527e-12	222.5487522	8.883172424	211.9673377	223.4527879	223.4765952
	-0.01298545743	1.916800656e-05	2707.166436	1.898158558e-12	222.5519809	8.883375429	212.6408019	223.4605976	223.4890086
	-0.01293879544	1.916818939e-05	2707.156658	1.922034224e-12	222.5553161	8.883593316	213.4340218	223.469223	223.5030167
	-0.01288625353	1.916839298e-05	2707.14603	1.947765031e-12	222.5585683	8.883817514	214.3473274	223.4784336	223.5183751
	-0.01282824291	1.916861498e-05	2707.134764	1.974754776e-12	222.5615397	8.884039028	215.3804618	223.4879856	223.5348217
	-0.01276521761	1.916885285e-05	2707.123081	2.002389545e-12	222.5640313	8.884248742	216.5323672	223.4976292	223.5520828
	-0.01269767088	1.916910395e-05	2707.111205	2.030055097e-12	222.5658501	8.88443772	217.8009741	223.5071158	223.5698802
	-0.01262613137	1.916936556e-05	2707.099355	2.057154108e-12	222.5668156	8.8845975	219.183	223.5162055	223.5879378
	-0.01255115897	1.916963495e-05	2707.087738	2.08312274e-12	222.5667667	8.884720384	220.673768	223.5246742	223.6059876
	-0.01247334044	1.916990939e-05	2707.07655	2.107446049e-12	222.5655678	8.884799695	222.2670509	223.5323201	223.6237763
	-0.01239328482	1.917018622e-05	2707.065964	2.129671748e-12	222.5631141	8.88483001	223.9549505	223.5389694	223.6410705
	-0.01231161866	1.917046288e-05	2707.056131	2.149421934e-12	222.5593356	8.884807354	225.7278165	223.5444814	223.6576614
	-0.0122289811	1.917073692e-05	2707.047173	2.166402416e-12	222.5542012	8.884729343	227.5742104	223.5487521	223.673369
	-0.0121460189	1.917100606e-05	2707.039184	2.180409383e-12	222.5477199	8.884595289	229.4809196	223.5517175	223.6880449
	-0.01206338134	1.91712682e-05	2707.032227	2.191333211e-12	222.5399426	8.884406239	231.4330213	223.5533541	223.7015742
	-0.01198171518	1.917152141e-05	2707.026332	2.199159324e-12	222.530961	8.884164975	233.4140001	223.5536801	223.7138764
	-0.01190165956	1.9171764e-05	2707.0215	2.203966088e-12	222.5209064	8.883875944	235.4059152	223.5527537	223.7249057
	-0.01182384103	1.917199447e-05	2707.017701	2.205919842e-12	222.5099464	8.883545146	237.3896176	223.5506708	223.7346489
	-0.01174886863	1.917221152e-05	2707.014879	2.205267218e-12	222.4982812	8.883179974	239.3450107	223.5475615	223.7431241
	-0.01167732912	1.917241407e-05	2707.012952	2.202325029e-12	222.4861379	8.882788999	241.2513507	223.5435859	223.7503769
	-0.01160978239	1.917260124e-05	2707.011819	2.197468052e-12	222.4737653	8.882381731	243.0875786	223.538928	223.7564773
	-0.01154675709	1.917277229e-05	2707.011363	2.191115104e-12	222.4614261	8.881968337	244.8326772	223.5337898	223.7615143
	-0.01148874647	1.917292668e-05	2707.011457	2.183713863e-12	222.4493908	8.88155935	246.4660431	223.5283847	223.7655917
	-0.01143620456	1.917306399e-05	2707.011967	2.175724938e-12	222.4379291	8.881165353	247.9678647	223.5229301	223.7688224
	-0.01138954257	1.917318392e-05	2707.012758	2.167605675e-12	222.4273032	8.880796667	249.3194973	223.5176405	223.7713232
	-0.01134912571	1.917328627e-05	2707.0137	2.159794248e-12	222.4177595	8.880463047	250.5038236	223.51272	223.7732091
	-0.01131527032	1.91733709e-05	2707.014673	2.152694524e-12	222.4095224	8.880173387	251.5055921	223.5083564	223.7745887
	-0.01128824145	1.917343776e-05	2707.015571	2.146662207e-12	222.4027873	8.879935457	252.3117223	223.5047142	223.7755592
	-0.01126825092	1.91734868e-05	2707.016303	2.141992708e-12	222.3977152	8.879755671	252.9115659	223.50193	223.7762022
	-0.01125545674	1.9173518e-05	2707.016802	2.13891135e-12	222.3944286	8.879638904	253.297093	223.5001078	223.7765803
	-0.01125	1.917353126e-05	2707.017023	2.137575107e-12	222.3930172	8.879588699	253.4619057	223.499321	223.7767336

	-0.01125	1.917352558e-05	2707.015705	2.207088099e-12	222.4013457	8.879918603	253.1313447	223.5030633	223.7789019
	-0.01124454326	1.917353944e-05	2707.015865	2.210430337e-12	222.3998381	8.879864827	253.2919597	223.502363	223.779054
	-0.01123174908	1.917357182e-05	2707.016254	2.218225529e-12	222.3962893	8.879738127	253.6681071	223.5007047	223.7793916
	-0.01121175855	1.917362213e-05	2707.0169	2.230289638e-12	222.3907047	8.879538444	254.2545932	223.4980676	223.7798657
	-0.01118472968	1.91736896e-05	2707.017847	2.246377053e-12	222.3830768	8.879265125	255.04518	223.4944125	223.780403
	-0.01115087429	1.917377323e-05	2707.019152	2.266163829e-12	222.3733976	8.878917372	256.0315619	223.4896892	223.7809079
	-0.01111045743	1.917387176e-05	2707.020884	2.289255737e-12	222.3616604	8.878494353	257.2034648	223.4838392	223.7812658
	-0.01106379544	1.917398375e-05	2707.023119	2.315198733e-12	222.3478635	8.877995318	258.5488018	223.4767992	223.7813477
	-0.01101125353	1.91741076e-05	2707.025937	2.343491032e-12	222.3320122	8.877419737	260.0538581	223.4685053	223.7810148
	-0.01095324291	1.917424156e-05	2707.02942	2.373596361e-12	222.3141224	8.876767437	261.7034969	223.4588967	223.7801243
	-0.01089021761	1.91743838e-05	2707.033646	2.404957992e-12	222.2942239	8.876038753	263.4813836	223.4479206	223.7785346
	-0.01082267088	1.917453242e-05	2707.038686	2.437013132e-12	222.2723635	8.875234674	265.3702197	223.4355363	223.7761117
	-0.01075113137	1.917468552e-05	2707.0446	2.469207242e-12	222.248608	8.874356983	267.3519845	223.4217196	223.7727341
	-0.01067615897	1.91748412e-05	2707.051434	2.501007861e-12	222.223047	8.873408381	269.4081769	223.4064668	223.7682985
	-0.01059834044	1.917499765e-05	2707.059216	2.531917544e-12	222.1957951	8.872392602	271.5200539	223.389798	223.762725
	-0.01051828482	1.917515311e-05	2707.067953	2.561485514e-12	222.166994	8.871314491	273.6688601	223.3717605	223.7559605
	-0.01043661866	1.917530599e-05	2707.077631	2.58931772e-12	222.1368132	8.870180071	275.8360437	223.3524306	223.7479829
	-0.0103539811	1.91754548e-05	2707.088211	2.615085002e-12	222.1054507	8.868996567	278.0034566	223.331915	223.738803
	-0.0102710189	1.917559824e-05	2707.099627	2.638529144e-12	222.0731326	8.8677724	280.1535326	223.3103519	223.7284667
	-0.01018838134	1.91757352e-05	2707.111792	2.659466665e-12	222.0401116	8.866517152	282.2694446	223.28791	223.7170548
	-0.01010671518	1.917586473e-05	2707.12459	2.67779025e-12	222.0066658	8.865241487	284.3352356	223.2647874	223.7046828
	-0.01002665956	1.91759861e-05	2707.137886	2.693467829e-12	221.9730951	8.863957041	286.3359253	223.2412096	223.691499
	-0.009948841034	1.917609876e-05	2707.151522	2.706539345e-12	221.9397181	8.862676285	288.2575898	223.217426	223.6776816
	-0.009873868633	1.917620233e-05	2707.165322	2.71711136e-12	221.9068676	8.861412344	290.0874166	223.1937059	223.6634354
	-0.00980232912	1.917629663e-05	2707.179097	2.725349699e-12	221.8748863	8.860178802	291.8137354	223.1703342	223.6489867
	-0.009734782389	1.917638158e-05	2707.192648	2.73147038e-12	221.8441206	8.85898948	293.4260263	223.1476057	223.6345783
	-0.009671757085	1.917645729e-05	2707.205768	2.735729166e-12	221.8149157	8.857858197	294.914909	223.1258194	223.6204632
	-0.00961374647	1.917652394e-05	2707.218251	2.738410071e-12	221.7876091	8.856798521	296.2721148	223.1052723	223.6068986
	-0.009561204558	1.917658178e-05	2707.229893	2.739813224e-12	221.7625247	8.855823515	297.4904458	223.0862534	223.594139
	-0.009514542569	1.917663114e-05	2707.240501	2.740242485e-12	221.739967	8.854945488	298.563724	223.069037	223.5824298
	-0.009474125708	1.917667238e-05	2707.249892	2.739993235e-12	221.7202151	8.854175748	299.4867347	223.0538771	223.5720008
	-0.009440270321	1.917670583e-05	2707.257905	2.739340726e-12	221.7035174	8.85352438	300.2551676	223.0410014	223.5630598
	-0.009413241454	1.917673182e-05	2707.264397	2.73852939e-12	221.6900869	8.853000038	300.8655591	223.0306061	223.5557874
	-0.009393250921	1.917675064e-05	2707.269253	2.73776346e-12	221.6800968	8.852609772	301.3152355	223.0228516	223.5503321
	-0.009380456742	1.91767625e-05	2707.272385	2.737199237e-12	221.6736776	8.852358897	301.6022445	223.017859	223.5468064
	-0.009375	1.917676752e-05	2707.273727	2.73694102e-12	221.6709337	8.852251638	301.724467	223.0157227	223.5452946

	-0.009375	1.917681278e-05	2707.267062	2.389709192e-12	221.6813726	8.8526894	301.5660856	223.0244628	223.5537108
	-0.009369543258	1.917681743e-05	2707.268442	2.384798761e-12	221.6784958	8.852576665	301.6785037	223.0223088	223.5520739
	-0.009356749079	1.917682829e-05	2707.271683	2.373470426e-12	221.6717483	8.852312213	301.940912	223.0172526	223.5482237
	-0.009336758546	1.917684512e-05	2707.276762	2.356289291e-12	221.661198	8.851898656	302.3476232	223.0093354	223.5421737
	-0.009309729679	1.917686759e-05	2707.283662	2.334065495e-12	221.6469191	8.851338798	302.8911433	222.9985978	223.5339274
	-0.009275874292	1.917689528e-05	2707.292354	2.307861272e-12	221.6290108	8.850636411	303.5615771	222.9850948	223.5234907
	-0.009235457431	1.917692767e-05	2707.302804	2.278955886e-12	221.6075983	8.849796253	304.3468597	222.968897	223.5108748
	-0.009188795442	1.917696418e-05	2707.31497	2.248802188e-12	221.582832	8.848824052	305.2330605	222.9500911	223.4960974
	-0.00913625353	1.917700413e-05	2707.328795	2.218976952e-12	221.5548867	8.847726492	306.204735	222.9287803	223.4791859
	-0.009078242915	1.917704682e-05	2707.344218	2.191126655e-12	221.5239614	8.846511185	307.2453112	222.9050853	223.4601797
	-0.009015217611	1.917709151e-05	2707.36116	2.166910446e-12	221.4902777	8.845186648	308.3374994	222.8791442	223.4391325
	-0.00894767088	1.917713747e-05	2707.379534	2.147942127e-12	221.4540793	8.843762263	309.4637132	222.8511136	223.4161151
	-0.008876131367	1.917718394e-05	2707.399238	2.135733032e-12	221.4156304	8.842248237	310.6064897	222.8211681	223.3912181
	-0.008801158966	1.917723022e-05	2707.420157	2.131637609e-12	221.375214	8.840655548	311.748896	222.789501	223.3645532
	-0.00872334044	1.917727563e-05	2707.442162	2.136803494e-12	221.3331309	8.838995891	312.8749118	222.7563237	223.3362557
	-0.008643284824	1.917731956e-05	2707.46511	2.152127666e-12	221.2896971	8.837281608	313.9697757	222.721865	223.3064852
	-0.008561618662	1.917736145e-05	2707.488843	2.178220147e-12	221.2452425	8.835525611	315.0202867	222.6863708	223.2754268
	-0.008478981103	1.917740083e-05	2707.513191	2.215376411e-12	221.2001078	8.833741297	316.0150519	222.6501025	223.2432905
	-0.008396018897	1.917743734e-05	2707.537972	2.263559471e-12	221.1546427	8.831942457	316.9446754	222.6133357	223.2103112
	-0.008313381338	1.917747069e-05	2707.562991	2.322392227e-12	221.109203	8.830143167	317.8018816	222.5763581	223.1767469
	-0.008231715176	1.917750068e-05	2707.588045	2.391160426e-12	221.064148	8.828357687	318.5815724	222.5394674	223.142877
	-0.00815165956	1.917752722e-05	2707.612923	2.468826176e-12	221.0198373	8.826600334	319.2808167	222.5029688	223.1089996
	-0.008073841034	1.91775503e-05	2707.637407	2.554051685e-12	220.9766279	8.824885367	319.898774	222.4671716	223.0754279
	-0.007998868633	1.917757001e-05	2707.661276	2.645232537e-12	220.9348713	8.823226855	320.4365571	222.4323869	223.0424863
	-0.00792732912	1.91775865e-05	2707.684309	2.740539534e-12	220.8949098	8.821638549	320.8970363	222.3989232	223.0105063
	-0.007859782389	1.917759999e-05	2707.706288	2.837967874e-12	220.857074	8.82013375	321.2845969	222.3670837	222.9798209
	-0.007796757085	1.917761077e-05	2707.726996	2.935392165e-12	220.8216792	8.818725175	321.6048544	222.3371623	222.9507602
	-0.00773874647	1.917761914e-05	2707.74623	3.030625649e-12	220.7890224	8.817424834	321.8643408	222.3094396	222.9236453
	-0.007686204558	1.917762543e-05	2707.763792	3.12148181e-12	220.7593794	8.816243899	322.0701711	222.2841798	222.8987836
	-0.007639542569	1.917763e-05	2707.779503	3.205836513e-12	220.7330022	8.815192588	322.2297015	222.2616268	222.8764626
	-0.007599125708	1.917763318e-05	2707.793197	3.281688772e-12	220.710116	8.814280057	322.350192	222.2420011	222.8569453
	-0.007565270321	1.917763529e-05	2707.80473	3.347218276e-12	220.6909173	8.813514295	322.4384835	222.2254963	222.8404654
	-0.007538241454	1.917763661e-05	2707.813978	3.4008379e-12	220.6755714	8.812902038	322.5007012	222.2122769	222.8272226
	-0.007518250921	1.917763738e-05	2707.820841	3.441239368e-12	220.6642112	8.8124487	322.5419932	222.2024754	222.8173792
	-0.007505456742	1.917763777e-05	2707.825243	3.467428993e-12	220.6569358	8.812158328	322.5663124	222.1961915	222.8110574
	-0.0075	1.917763792e-05	2707.827123	3.478677793e-12	220.6538317	8.812034429	322.5761841	222.1935089	222.8083559

	-0.0075	1.917773907e-05	2707.81377	2.946672894e-12	220.6654722	8.812545783	322.2138819	222.2068302	222.8198008
	-0.007494543258	1.917773799e-05	2707.815786	2.981838917e-12	220.6622357	8.812416035	322.2135891	222.2040743	222.8169184
	-0.007481749079	1.91777355e-05	2707.820506	3.063487731e-12	220.654657	8.81211223	322.2110549	222.1976216	222.8101581
	-0.007461758546	1.917773174e-05	2707.827859	3.188806738e-12	220.6428427	8.811638692	322.20191	222.1875651	222.7995897
	-0.007434729679	1.917772691e-05	2707.837758	3.35387593e-12	220.6269217	8.811000657	322.1794901	222.1740175	222.7852893
	-0.007400874292	1.917772127e-05	2707.850089	3.553543749e-12	220.6070655	8.810205092	322.1350993	222.1571287	222.7673595
	-0.007360457431	1.917771513e-05	2707.864711	3.78158089e-12	220.5834858	8.809260601	322.0583546	222.137084	222.7459289
	-0.007313795442	1.917770885e-05	2707.881456	4.030873881e-12	220.5564319	8.808177293	321.9376032	222.1141007	222.7211519
	-0.00726125353	1.91777028e-05	2707.900138	4.293647025e-12	220.5261859	8.806966614	321.7603959	222.0884249	222.6932078
	-0.007203242915	1.91776974e-05	2707.920552	4.561705178e-12	220.4930587	8.805641167	321.5140033	222.060327	222.6623001
	-0.007140217611	1.917769304e-05	2707.942477	4.826689655e-12	220.4573855	8.804214516	321.1859567	222.0300982	222.628655
	-0.00707267088	1.917769011e-05	2707.965681	5.080339248e-12	220.4195202	8.802700979	320.764595	221.9980452	222.5925202
	-0.007001131367	1.917768898e-05	2707.989926	5.314748202e-12	220.3798309	8.801115419	320.239601	221.9644861	222.5541639
	-0.006926158966	1.917768997e-05	2708.01497	5.522613061e-12	220.3386943	8.79947303	319.6025072	221.9297456	222.5138724
	-0.00684834044	1.917769335e-05	2708.040569	5.697460705e-12	220.296491	8.797789137	318.8471552	221.8941505	222.4719491
	-0.006768284824	1.917769933e-05	2708.066484	5.833850422e-12	220.2536006	8.796078994	317.9700919	221.8580258	222.4287119
	-0.006686618662	1.917770804e-05	2708.092481	5.92754373e-12	220.2103972	8.794357599	316.9708896	221.8216902	222.3844911
	-0.006603981103	1.917771955e-05	2708.118336	5.97563662e-12	220.1672451	8.792639532	315.8523763	221.7854525	222.3396275
	-0.006521018897	1.917773382e-05	2708.143836	5.97665011e-12	220.1244955	8.7909388	314.6207707	221.749609	222.2944694
	-0.006438381338	1.917775074e-05	2708.168782	5.930576269e-12	220.0824827	8.789268714	313.2857115	221.7144403	222.2493703
	-0.006356715176	1.917777013e-05	2708.192988	5.838878276e-12	220.0415225	8.787641783	311.860183	221.6802089	222.2046859
	-0.00627665956	1.917779169e-05	2708.216286	5.704444524e-12	220.0019089	8.786069634	310.3603337	221.6471582	222.1607712
	-0.006198841034	1.917781508e-05	2708.238525	5.531498187e-12	219.9639138	8.784562954	308.8051942	221.6155109	222.117978
	-0.006123868633	1.917783989e-05	2708.25957	5.325465097e-12	219.9277852	8.783131462	307.2163001	221.5854684	222.0766514
	-0.00605232912	1.917786563e-05	2708.279303	5.092804038e-12	219.8937471	8.781783891	305.6172312	221.5572108	222.0371268
	-0.005984782389	1.91778918e-05	2708.297622	4.840804785e-12	219.8619999	8.780528001	304.0330787	221.5308972	221.9997273
	-0.005921757085	1.917791784e-05	2708.314441	4.577360179e-12	219.8327204	8.779370605	302.4898558	221.5066664	221.9647605
	-0.00586374647	1.917794321e-05	2708.329689	4.310719375e-12	219.8060629	8.778317607	301.0138688	221.4846378	221.9325154
	-0.005811204558	1.917796733e-05	2708.343306	4.049229965e-12	219.7821601	8.777374059	299.6310666	221.4649126	221.9032601
	-0.005764542569	1.917798967e-05	2708.355246	3.801077046e-12	219.7611251	8.776544218	298.3663878	221.4475757	221.8772389
	-0.005724125708	1.917800971e-05	2708.36547	3.574027393e-12	219.7430518	8.775831611	297.2431249	221.4326965	221.85467
	-0.005690270321	1.9178027e-05	2708.373951	3.375186749e-12	219.7280173	8.7752391	296.2823234	221.4203311	221.8357435
	-0.005663241454	1.917804113e-05	2708.380667	3.210777942e-12	219.7160828	8.774768947	295.5022355	221.4105233	221.820619
	-0.005643250921	1.917805176e-05	2708.385604	3.085947355e-12	219.7072952	8.77442287	294.9178462	221.4033062	221.8094249
	-0.005630456742	1.917805865e-05	2708.388749	3.004611136e-12	219.7016885	8.774202112	294.5405114	221.3987035	221.802257
	-0.005625	1.917806161e-05	2708.390087	2.969578435e-12	219.6993013	8.774108132	294.3787895	221.3967443	221.799199

	-0.005625	1.917833437e-05	2708.35539	2.325741893e-12	219.7204666	8.775078206	293.0800459	221.4263318	221.819002
	-0.005619543258	1.917833402e-05	2708.357078	2.333239309e-12	219.7178772	8.774974634	292.9056201	221.4242715	221.81565
	-0.005606749079	1.91783335e-05	2708.360991	2.350647111e-12	219.7118383	8.774733225	292.4927619	221.4194857	221.8078066
	-0.005586758546	1.917833354e-05	2708.366987	2.377366193e-12	219.7024936	8.774360049	291.8367652	221.4121348	221.7955959
	-0.005559729679	1.917833526e-05	2708.374862	2.412561636e-12	219.6900349	8.773863272	290.9286319	221.4024413	221.7791723
	-0.005525874292	1.917834008e-05	2708.384349	2.455136202e-12	219.6747153	8.773253663	289.7567992	221.3906977	221.7587406
	-0.005485457431	1.917834975e-05	2708.395128	2.50376309e-12	219.6568427	8.772544305	288.3078485	221.3772579	221.7345526
	-0.005438795442	1.917836621e-05	2708.406831	2.55692715e-12	219.6367716	8.771750244	286.5673207	221.3625265	221.7069027
	-0.00538625353	1.917839151e-05	2708.419059	2.612972143e-12	219.6148937	8.770888071	284.5206369	221.3469456	221.6761223
	-0.005328242915	1.91784278e-05	2708.43139	2.670152441e-12	219.5916276	8.769975471	282.1540938	221.330982	221.6425732
	-0.005265217611	1.917847715e-05	2708.443396	2.726687516e-12	219.5674075	8.769030738	279.4558997	221.315112	221.6066414
	-0.00519767088	1.917854153e-05	2708.454655	2.780817522e-12	219.5426723	8.76807229	276.4172138	221.2998073	221.5687302
	-0.005126131367	1.917862265e-05	2708.464764	2.83085823e-12	219.517854	8.767118176	273.0331517	221.2855201	221.5292531
	-0.005051158966	1.917872196e-05	2708.473356	2.875253593e-12	219.4933672	8.766185606	269.303719	221.2726693	221.4886267
	-0.00497334044	1.917884052e-05	2708.480106	2.912624303e-12	219.4695988	8.765290511	265.2346388	221.2616275	221.4472646
	-0.004893284824	1.917897893e-05	2708.484745	2.941810832e-12	219.4468988	8.764447152	260.83804	221.2527099	221.4055708
	-0.004811618662	1.917913731e-05	2708.487068	2.961909589e-12	219.4255726	8.76366778	256.1329785	221.2461642	221.3639342
	-0.004728981103	1.917931525e-05	2708.486944	2.972301091e-12	219.4058746	8.76296236	251.1457673	221.2421636	221.3227234
	-0.004646018897	1.917951177e-05	2708.484313	2.972669253e-12	219.3880033	8.762338378	245.9100999	221.2408013	221.2822826
	-0.004563381338	1.917972532e-05	2708.479198	2.963011193e-12	219.3720987	8.761800717	240.4669522	221.2420879	221.2429284
	-0.004481715176	1.917995383e-05	2708.471695	2.943637257e-12	219.3582407	8.761351621	234.864263	221.2459515	221.2049471
	-0.00440165956	1.918019468e-05	2708.46198	2.915161255e-12	219.3464505	8.760990738	229.156391	221.2522399	221.1685931
	-0.004323841034	1.918044479e-05	2708.450296	2.878481216e-12	219.3366924	8.760715243	223.4033618	221.260726	221.1340883
	-0.004248868633	1.918070066e-05	2708.43695	2.834751264e-12	219.3288789	8.760520036	217.6699178	221.2711146	221.1016226
	-0.00417732912	1.918095845e-05	2708.422304	2.785345499e-12	219.3228759	8.760398013	212.0243959	221.2830523	221.0713545
	-0.004109782389	1.918121408e-05	2708.406762	2.731814998e-12	219.31851	8.760340385	206.5374592	221.2961386	221.0434131
	-0.004046757085	1.918146331e-05	2708.390759	2.675839298e-12	219.3155769	8.760337055	201.280717	221.3099387	221.0179002
	-0.00398874647	1.918170184e-05	2708.37475	2.619173868e-12	219.3138504	8.760377027	196.3252683	221.3239972	220.9948936
	-0.003936204558	1.918192545e-05	2708.35919	2.563595206e-12	219.3130917	8.760448835	191.7402098	221.3378524	220.9744498
	-0.003889542569	1.918213006e-05	2708.344528	2.510845291e-12	219.3130595	8.76054098	187.5911482	221.3510514	220.956608
	-0.003849125708	1.918231186e-05	2708.331186	2.46257712e-12	219.3135193	8.760642364	183.9387581	221.3631638	220.9413928
	-0.003815270321	1.918246742e-05	2708.319552	2.420303034e-12	219.3142531	8.760742702	180.837427	221.3737955	220.9288183
	-0.003788241454	1.918259376e-05	2708.309963	2.385347483e-12	219.3150669	8.760832895	178.334027	221.3826014	220.9188909
	-0.003768250921	1.918268842e-05	2708.3027	2.358805825e-12	219.3157991	8.760905363	176.4668558	221.3892958	220.9116124
	-0.003755456742	1.918274955e-05	2708.297975	2.341511577e-12	219.3163259	8.760954314	175.2648566	221.3936613	220.9069825
	-0.00375	1.918277575e-05	2708.295942	2.334062592e-12	219.3165644	8.760975803	174.7505426	221.3955424	220.9050146

	-0.00375	1.918372399e-05	2708.176941	1.24637761e-12	219.3848708	8.764137623	169.3627144	221.4921116	220.9612848
	-0.003744543258	1.918373902e-05	2708.176035	1.250007283e-12	219.3845757	8.764132553	168.809487	221.4938427	220.9585403
	-0.003731749079	1.918377548e-05	2708.173748	1.258375429e-12	219.3839909	8.764125497	167.5000382	221.4980707	220.952172
	-0.003711758546	1.918383583e-05	2708.169713	1.271051333e-12	219.383377	8.76412803	165.4194809	221.5051513	220.9424081
	-0.003684729679	1.918392402e-05	2708.163361	1.287416341e-12	219.3831287	8.764157744	162.5393351	221.5156451	220.9295682
	-0.003650874292	1.918404515e-05	2708.153955	1.306659407e-12	219.3837611	8.764237602	158.8230045	221.5302818	220.914072
	-0.003610457431	1.918420531e-05	2708.140611	1.327804047e-12	219.38589	8.764395034	154.2280214	221.5499286	220.896427
	-0.003563795442	1.918441126e-05	2708.122344	1.349741683e-12	219.3902076	8.764660846	148.7086303	221.5755533	220.8772118
	-0.00351125353	1.918467016e-05	2708.098106	1.37126976e-12	219.397455	8.765067977	142.2187018	221.6081811	220.8570588
	-0.003453242915	1.918498922e-05	2708.066828	1.391133365e-12	219.408392	8.765650148	134.7148867	221.6488484	220.8366335
	-0.003390217611	1.918537537e-05	2708.027476	1.408068984e-12	219.4237658	8.766440445	126.1598962	221.6985546	220.8166135
	-0.00332267088	1.91858349e-05	2707.97909	1.420849014e-12	219.4442794	8.767469884	116.5257941	221.7582126	220.7976675
	-0.003251131367	1.918637313e-05	2707.920837	1.428325583e-12	219.4705597	8.768766005	105.7971803	221.8286017	220.7804334
	-0.003176158966	1.918699408e-05	2707.852054	1.429472271e-12	219.5031286	8.770351545	93.97414862	221.9103218	220.7654985
	-0.00309834044	1.918770018e-05	2707.772288	1.423422388e-12	219.5423759	8.772243235	81.07490606	222.0037533	220.7533806
	-0.003018284824	1.918849204e-05	2707.681329	1.409502553e-12	219.5885362	8.774450752	67.1379529	222.1090219	220.7445114
	-0.002936618662	1.918936822e-05	2707.57924	1.387260483e-12	219.64167	8.776975886	52.22373262	222.2259711	220.7392226
	-0.002853981103	1.919032516e-05	2707.466376	1.356486067e-12	219.7016502	8.779811925	36.41567827	222.3541424	220.7377351
	-0.002771018897	1.9191357e-05	2707.343395	1.317225017e-12	219.7681542	8.782943303	19.82059971	222.4927648	220.7401519
	-0.002688381338	1.919245569e-05	2707.211258	1.269784604e-12	219.8406614	8.786345512	2.568375972	222.6407533	220.7464539
	-0.002606715176	1.919361095e-05	2707.071227	1.214731254e-12	219.9184577	8.789985297	-15.18906119	222.7967178	220.7565007
	-0.00252665956	1.919481049e-05	2706.924841	1.152880019e-12	220.0006454	8.79382112	-33.27944473	222.9589807	220.7700341
	-0.002448841034	1.919604013e-05	2706.773894	1.085276193e-12	220.0861595	8.797803894	-51.51256063	223.1256047	220.7866858
	-0.002373868633	1.919728413e-05	2706.620402	1.013169598e-12	220.173789	8.801877965	-69.68325607	223.2944289	220.8059887
	-0.00230232912	1.919852546e-05	2706.466558	9.379822836e-13	220.2622034	8.805982309	-87.57499633	223.463112	220.8273907
	-0.002234782389	1.919974616e-05	2706.314685	8.612705971e-13	220.3499831	8.810051924	-104.9638816	223.6291829	220.8502721
	-0.002171757085	1.920092777e-05	2706.167183	7.846827642e-13	220.4356536	8.814019361	-121.6230199	223.790096	220.873964
	-0.00211374647	1.920205173e-05	2706.026473	7.099132498e-13	220.5177213	8.817816369	-137.3271394	223.9432897	220.8977691
	-0.002061204558	1.920309982e-05	2705.894938	6.386552837e-13	220.594711	8.821375588	-151.8573165	224.0862476	220.9209833
	-0.002014542569	1.920405459e-05	2705.774863	5.725529905e-13	220.6652035	8.824632256	-165.0056881	224.2165589	220.942917
	-0.001974125708	1.92048998e-05	2705.668381	5.131545842e-13	220.7278724	8.827525863	-176.5800194	224.3319779	220.9629168
	-0.001940270321	1.920562082e-05	2705.577415	4.618680591e-13	220.7815181	8.830001723	-186.4079959	224.4304799	220.9803854
	-0.001913241454	1.920620498e-05	2705.503632	4.199207583e-13	220.8251001	8.832012398	-194.3411156	224.5103117	220.9948001
	-0.001893250921	1.92066419e-05	2705.4484	3.883242062e-13	220.8577635	8.833518937	-200.2580426	224.5700359	221.0057286
	-0.001880456742	1.92069237e-05	2705.412756	3.678466212e-13	220.8788604	8.834491816	-204.067079	224.6085637	221.0128424
	-0.001875	1.92070444e-05	2705.397484	3.590522489e-13	220.8879039	8.834908811	-205.6968952	224.625068	221.0159048

	-0.001875	1.921084892e-05	2704.924055	5.678370894e-13	221.1561293	8.847389225	-227.6231763	225.0028205	221.2280628
	-0.001869543258	1.921092483e-05	2704.913157	5.58621486e-13	221.1632255	8.847705072	-229.4178604	225.0190708	221.228261
	-0.001856749079	1.921110773e-05	2704.886952	5.371895331e-13	221.180263	8.848464037	-233.6721804	225.0578332	221.2289814
	-0.001836758546	1.921140725e-05	2704.844172	5.041951988e-13	221.2080041	8.849701571	-240.4496756	225.120254	221.2308248
	-0.001809729679	1.921183887e-05	2704.78277	4.605390767e-13	221.2476851	8.851475027	-249.8659749	225.2082501	221.2347091
	-0.001775874292	1.921242272e-05	2704.700085	4.074058665e-13	221.3009122	8.853858916	-262.0701243	225.3243068	221.2418318
	-0.001735457431	1.921318269e-05	2704.592965	3.462306254e-13	221.3695874	8.85694151	-277.2361009	225.4713551	221.2536226
	-0.001688795442	1.921414529e-05	2704.457911	2.786559482e-13	221.455821	8.860820796	-295.5529819	225.6526289	221.2716853
	-0.00163625353	1.921533849e-05	2704.291237	2.064828067e-13	221.5618324	8.865599892	-317.2138376	225.8715026	221.2977326
	-0.001578242915	1.921679036e-05	2704.08925	1.316167268e-13	221.6898424	8.871382071	-342.4037055	226.1313143	221.3335146
	-0.001515217611	1.921852772e-05	2703.848432	5.601099318e-14	221.84196	8.878265553	-371.2870631	226.4351826	221.3807441
	-0.00144767088	1.922057465e-05	2703.565631	-1.83913569e-14	222.0200694	8.886338262	-403.9952412	226.7858208	221.441021
	-0.001376131367	1.922295125e-05	2703.238239	-8.971496016e-14	222.2257187	8.895672696	-440.6142301	227.1853567	221.5157582
	-0.001301158966	1.922567223e-05	2702.864366	-1.562072046e-13	222.4600158	8.906321131	-481.1733212	227.6351636	221.6061115
	-0.00122334044	1.922874583e-05	2702.442992	-2.16289264e-13	222.7235355	8.91831129	-525.6350087	228.1357091	221.7129165
	-0.001143284824	1.923217283e-05	2701.974098	-2.686015241e-13	223.0162388	8.931642656	-573.8865366	228.6864269	221.8366336
	-0.001061618662	1.923594574e-05	2701.458774	-3.120420114e-13	223.3374107	8.946283564	-625.7334324	229.2856162	221.9773039
	-0.0009789811026	1.924004824e-05	2700.899284	-3.457966565e-13	223.6856162	8.962169175	-680.8953059	229.9303738	222.1345173
	-0.0008960188974	1.924445496e-05	2700.299109	-3.693604769e-13	224.0586781	8.97920043	-739.0041268	230.6165609	222.3073946
	-0.0008133813382	1.924913141e-05	2699.662947	-3.825490539e-13	224.4536766	8.997244037	-799.6051146	231.3388072	222.4945826
	-0.0007317151761	1.925403426e-05	2698.996674	-3.854999752e-13	224.8669726	9.016133511	-862.160298	232.0905529	222.6942654
	-0.0006516595599	1.925911192e-05	2698.307273	-3.786642345e-13	225.2942526	9.035671272	-926.0547153	232.8641281	222.9041893
	-0.0005738410337	1.926430532e-05	2697.60272	-3.627878897e-13	225.7305968	9.055631739	-990.6051446	233.6508693	223.1217019
	-0.0004988686334	1.926954899e-05	2696.891846	-3.38884585e-13	226.1705668	9.075765371	-1055.071174	234.441268	223.3438046
	-0.0004273291202	1.927477235e-05	2696.184159	-3.081998303e-13	226.608311	9.095803533	-1118.668343	235.2251504	223.5672165
	-0.0003597823888	1.92799012e-05	2695.489652	-2.721681828e-13	227.0376857	9.115464071	-1180.583034	235.9918812	223.7884484
	-0.0002967570852	1.928485931e-05	2694.81858	-2.323647024e-13	227.4523886	9.134457433	-1239.9887	236.7305877	224.003884
	-0.0002387464699	1.928957015e-05	2694.181234	-1.90452224e-13	227.8460994	9.152493175	-1296.063029	237.430397	224.2098679
	-0.0001862045583	1.929395871e-05	2693.587698	-1.481261235e-13	228.2126256	9.169286666	-1348.005533	238.0806802	224.4027951
	-0.0001395425687	1.929795322e-05	2693.047617	-1.070583296e-13	228.5460484	9.184565797	-1395.055121	238.6712965	224.5792016
	-9.912570751e-05	1.930148692e-05	2692.56996	-6.884235438e-14	228.8408639	9.198077503	-1436.507122	239.1928305	224.7358527
	-6.527032127e-05	1.930449967e-05	2692.162804	-3.494108816e-14	229.0921165	9.209593912	-1471.729305	239.6368151	224.8698261
	-3.824145387e-05	1.930693944e-05	2691.833136	-6.639027038e-15	229.2955206	9.218917933	-1500.176407	239.9959349	224.9785878
	-1.825092067e-05	1.930876361e-05	2691.586681	1.499945348e-14	229.4475652	9.225888084	-1521.402659	240.2642008	225.0600572
	-5.456741744e-06	1.930993989e-05	2691.427771	2.916352498e-14	229.5455927	9.230382136	-1535.07107	240.4370818	225.112658
	0	1.931044367e-05	2691.359717	3.527936309e-14	229.5875718	9.23230671	-1540.920465	240.5110978	225.1352014

	0	1.93273443e-05	2689.297952	5.348555266e-12	230.7364934	9.286628413	-1633.697928	242.1247857	226.0404621
	5.456741744e-06	1.932764628e-05	2689.2477	5.303072205e-12	230.7714306	9.28812537	-1640.543925	242.2012098	226.0511667
	1.825092067e-05	1.932837603e-05	2689.127122	5.197274401e-12	230.8549327	9.291712872	-1656.771074	242.3830267	226.0773044
	3.824145387e-05	1.932957713e-05	2688.930989	5.034338112e-12	230.9898551	9.297536186	-1682.618516	242.6744886	226.1210601
	6.527032127e-05	1.93313192e-05	2688.650804	4.818629861e-12	231.1809157	9.305832421	-1718.522391	243.0828768	226.1858768
	9.912570751e-05	1.933369278e-05	2688.275531	4.555894484e-12	231.4342356	9.316909456	-1765.044808	243.6176147	226.2762362
	0.0001395425687	1.933680529e-05	2687.792106	4.253092616e-12	231.7570458	9.33113158	-1822.841729	244.289784	226.3974658
	0.0001862045583	1.934077628e-05	2687.186035	3.91819424e-12	232.1573417	9.348902511	-1892.625773	245.1115596	226.5555087
	0.0002387464699	1.934573196e-05	2686.442087	3.559941631e-12	232.6434921	9.370646138	-1975.124202	246.0955681	226.7566611
	0.0002967570852	1.935179933e-05	2685.545031	3.187589764e-12	233.2238138	9.396785607	-2071.033427	247.2541943	227.0072879
	0.0003597823888	1.935909997e-05	2684.480415	2.810632355e-12	233.9061278	9.427721473	-2180.97162	248.5988561	227.3135251
	0.0004273291202	1.936774384e-05	2683.23535	2.438522e-12	234.6973121	9.463809657	-2305.43111	250.1392753	227.6809784
	0.0004988686334	1.937782317e-05	2681.799275	2.08039304e-12	235.6028658	9.505339976	-2444.732262	251.8827688	228.1144293
	0.0005738410337	1.938940678e-05	2680.164674	1.744795671e-12	236.626501	9.552515993	-2598.980524	253.8335861	228.6175586
	0.0006516595599	1.940253488e-05	2678.327717	1.439449459e-12	237.7697762	9.605436911	-2768.028248	255.9923171	229.1926968
	0.0007317151761	1.94172147e-05	2676.288814	1.171023796e-12	239.0317851	9.664082159	-2951.442737	258.3553916	229.8406094
	0.0008133813382	1.9433417e-05	2674.053048	9.449519893e-13	240.4089126	9.728299256	-3148.481815	260.9146915	230.560327
	0.0008960188974	1.945107358e-05	2671.630471	7.652846182e-13	241.8946673	9.797795429	-3358.077973	263.6572896	231.3490243
	0.0009789811026	1.947007603e-05	2669.036262	6.345865552e-13	243.4795984	9.872133346	-3578.831898	266.565329	232.2019547
	0.001061618662	1.949027564e-05	2666.290724	5.538806904e-13	245.1513017	9.950731211	-3809.01589	269.6160505	233.112443
	0.001143284824	1.951148454e-05	2663.419126	5.226399251e-13	246.8945165	10.03286732	-4046.587387	272.7819702	234.0719371
	0.00122334044	1.953347812e-05	2660.451387	5.388275013e-13	248.6913133	10.11768903	-4289.212477	276.0312077	235.0701203
	0.001301158966	1.955599861e-05	2657.421609	5.989842175e-13	250.521368	10.20422601	-4534.298997	279.3279572	236.0950792
	0.001376131367	1.957875979e-05	2654.367471	6.983596235e-13	252.3623164	10.29140736	-4779.038481	282.6330921	237.133525
	0.00144767088	1.960145263e-05	2651.329497	8.310829123e-13	254.1901809	10.37808237	-5020.455954	285.9048879	238.1710627
	0.001515217611	1.962375186e-05	2648.35022	9.903679951e-13	255.9798565	10.46304409	-5255.466322	289.0998433	239.1924988
	0.001578242915	1.964532305e-05	2645.473263	1.168746182e-12	257.7056454	10.54505531	-5480.935875	292.1735806	240.1821818
	0.00163625353	1.96658303e-05	2642.742362	1.358319034e-12	259.3418228	10.62287615	-5693.747253	295.0817981	241.1243636
	0.001688795442	1.968494401e-05	2640.200363	1.551023342e-12	260.8632205	10.69529242	-5890.866107	297.7812488	242.003573
	0.001735457431	1.970234884e-05	2637.888214	1.73889979e-12	262.2458097	10.76114403	-6069.407606	300.2307197	242.8049894
	0.001775874292	1.971775125e-05	2635.843988	1.914356792e-12	263.4672676	10.8193526	-6226.700936	302.391981	243.5148074
	0.001809729679	1.973088679e-05	2634.10196	2.070421104e-12	264.5075115	10.86894751	-6360.349945	304.2306805	244.1205792
	0.001836758546	1.974152662e-05	2632.691772	2.200967187e-12	265.3491836	10.90908946	-6468.288161	305.7171554	244.6115275
	0.001856749079	1.974948316e-05	2631.637707	2.300917591e-12	265.9780697	10.93909101	-6548.82624	306.8271331	244.9788152
	0.001869543258	1.975461442e-05	2630.958143	2.36640368e-12	266.3834141	10.95843184	-6600.687088	307.5422541	245.2157501
	0.001875	1.975681217e-05	2630.667132	2.394693717e-12	266.5569708	10.96671386	-6622.880752	307.8483758	245.3172465

	0.001875	1.983274411e-05	2621.970666	1.877631793e-12	271.2234572	11.2015895	-6983.667181	314.341794	249.0602825
	0.001880456742	1.983403897e-05	2621.723974	1.879639558e-12	271.3959866	11.2085445	-7015.501666	314.722624	249.1220669
	0.001893250921	1.983717818e-05	2621.135081	1.884671164e-12	271.8055001	11.2251738	-7090.49754	315.6227304	249.2707913
	0.001913241454	1.984237278e-05	2620.185515	1.893442523e-12	272.4593632	11.25206098	-7208.672741	317.049305	249.5140062
	0.001940270321	1.984995804e-05	2618.844542	1.907066015e-12	273.370608	11.29016842	-7370.387476	319.0172928	249.8638679
	0.001974125708	1.986037013e-05	2617.072307	1.926991181e-12	274.5560635	11.3407448	-7576.079091	321.5458056	250.3361765
	0.002014542569	1.987412699e-05	2614.82177	1.954944357e-12	276.035441	11.40526567	-7826.199029	324.6568166	250.9496607
	0.002061204558	1.98918055e-05	2612.040985	1.992856305e-12	277.8302686	11.48536317	-8121.144022	328.3736737	251.7251283
	0.00211374647	1.991401554e-05	2608.675679	2.042779929e-12	279.9626879	11.5827465	-8461.179229	332.7194242	252.6845037
	0.002171757085	1.99413719e-05	2604.672055	2.10680079e-12	282.4541495	11.6991155	-8846.355689	337.7150043	253.8497809
	0.002234782389	1.997446477e-05	2599.979717	2.186943415e-12	285.3240532	11.83607047	-9276.425164	343.3773585	255.2419297
	0.00230232912	2.001383002e-05	2594.554618	2.28507654e-12	288.5883809	11.9950211	-9750.755634	349.7175559	256.8797916
	0.002373868633	2.005992015e-05	2588.361926	2.402820504e-12	292.2583705	12.177098	-10268.25083	356.738973	258.7790033
	0.002448841034	2.011307703e-05	2581.378713	2.541459942e-12	296.3392783	12.3830696	-10827.27706	364.4356113	260.9509848
	0.00252665956	2.01735072e-05	2573.596369	2.701864801e-12	300.8292766	12.6132676	-11425.60053	372.7906149	263.4020291
	0.002606715176	2.024126088e-05	2565.022639	2.884422454e-12	305.7185267	12.8675237	-12060.33788	381.775047	266.1325255
	0.002688381338	2.031621518e-05	2555.683227	3.088983336e-12	310.9884659	13.14511981	-12727.92255	391.3469772	269.1363444
	0.002771018897	2.039806235e-05	2545.622891	3.314822151e-12	316.6113369	13.444754	-13424.08892	401.4509231	272.4004097
	0.002853981103	2.048630345e-05	2534.905971	3.560616186e-12	322.5499836	13.76452344	-14143.87573	412.0176772	275.9044748
	0.002936618662	2.058024789e-05	2523.616343	3.824441771e-12	328.7579281	14.1019255	-14881.64966	422.9645404	279.6211156
	0.003018284824	2.067901879e-05	2511.856757	4.103789326e-12	335.1797341	14.45387733	-15631.14945	434.1959688	283.5159452
	0.00309834044	2.078156424e-05	2499.747584	4.395596908e-12	341.7516553	14.81675381	-16385.55012	445.6046305	287.5480485
	0.003176158966	2.088667434e-05	2487.424993	4.696301528e-12	348.4025551	15.18644309	-17137.54631	457.0728519	291.6706283
	0.003251131367	2.099300328e-05	2475.038585	5.001907003e-12	355.0550793	15.55841859	-17879.4533	468.4744263	295.8318481
	0.00332267088	2.109909632e-05	2462.748567	5.308066565e-12	361.6270522	15.92782534	-18603.32332	479.67674	299.9758487
	0.003390217611	2.120342056e-05	2450.722518	5.610177953e-12	368.0330599	16.28957881	-19301.07467	490.5431658	304.0439137
	0.003453242915	2.130439892e-05	2439.131848	5.903488365e-12	374.1861809	16.63847318	-19964.63046	500.9356618	307.9757499
	0.00351125353	2.140044624e-05	2428.148042	6.183206275e-12	379.9998155	16.96929629	-20586.06359	510.7175073	311.710848
	0.003563795442	2.149000652e-05	2417.938795	6.444616914e-12	385.3895649	17.27694794	-21157.74414	519.7561036	315.189886
	0.003610457431	2.157159022e-05	2408.664144	6.683198067e-12	390.2751062	17.55655829	-21672.48554	527.925762	318.3561324
	0.003650874292	2.164381055e-05	2400.472715	6.894732822e-12	394.5820132	17.80360284	-22123.68552	535.1104039	321.1568129
	0.003684729679	2.170541767e-05	2393.498185	7.075415921e-12	398.2434678	18.01401079	-22505.45805	541.2060964	323.5443963
	0.003711758546	2.175532985e-05	2387.85607	7.221950524e-12	401.2018139	18.18426344	-22812.7526	546.1233497	325.4777649
	0.003731749079	2.179266032e-05	2383.640948	7.331631991e-12	403.4098978	18.31147923	-23041.45636	549.7890952	326.9232258
	0.003744543258	2.181673767e-05	2380.92438	7.402411603e-12	404.8320643	18.39347767	-23188.46715	552.1481341	327.8552739
	0.00375	2.182705072e-05	2379.761286	7.432737467e-12	405.44075	18.42858759	-23251.31893	553.1573358	328.254441

	0.00375	2.195658161e-05	2366.362196	2.498982518e-12	412.2563601	18.84958043	-23984.59602	564.8113254	332.8478751
	0.003755456742	2.196671193e-05	2364.915931	2.483882159e-12	413.0497132	18.89044451	-24082.00814	566.2721991	333.2935274
	0.003768250921	2.199080651e-05	2361.513223	2.448794633e-12	414.9096591	18.98695842	-24309.06524	569.6885479	334.3427753
	0.003788241454	2.202941479e-05	2356.163707	2.394862836e-12	417.8152267	19.13972812	-24660.07217	575.0015233	335.9943946
	0.003815270321	2.208348031e-05	2348.866952	2.323671186e-12	421.7427416	19.35010464	-25127.36547	582.1366879	338.2511792
	0.003849125708	2.215422393e-05	2339.623878	2.237302787e-12	426.6604946	19.61980905	-25700.84458	590.9954033	341.116317
	0.003889542569	2.224308087e-05	2328.438802	2.138278504e-12	432.5288607	19.95080551	-26368.23255	601.4566449	344.5926237
	0.003936204558	2.235162708e-05	2315.321563	2.029480007e-12	439.3006221	20.3451575	-27115.4128	613.3795232	348.6817203
	0.00398874647	2.248149588e-05	2300.289887	1.914061495e-12	446.9213739	20.80486597	-27926.81681	626.6062218	353.3831165
	0.004046757085	2.263428755e-05	2283.3719	1.795353093e-12	455.3299915	21.33169468	-28785.84953	640.9652445	358.6932295
	0.004109782389	2.281147507e-05	2264.608712	1.676758972e-12	464.4591555	21.92698882	-29675.33927	656.2748809	364.6043737
	0.00417732912	2.301430919e-05	2244.05694	1.561653384e-12	474.235925	22.59149365	-30577.99853	672.3467942	371.1037627
	0.004248868633	2.324372626e-05	2221.791091	1.453277826e-12	484.5823552	23.32517979	-31476.88188	688.9896356	378.1725629
	0.004323841034	2.350026201e-05	2197.905673	1.35464254e-12	495.4161519	24.12708187	-32355.82733	706.0125904	385.7850407
	0.00440165956	2.378397455e-05	2172.516951	1.268435406e-12	506.6513569	24.99515686	-33199.86799	723.2287636	393.9078388
	0.004481715176	2.409437934e-05	2145.76424	1.196941042e-12	518.1990571	25.92616778	-33995.60185	740.4583191	402.4994181
	0.004563381338	2.443039878e-05	2117.810673	1.141972624e-12	529.9681111	26.91559794	-34731.50906	757.5312966	411.5096949
	0.004646018897	2.479032839e-05	2088.843369	1.104818526e-12	541.8658866	27.95759968	-35398.20742	774.2900383	420.8798961
	0.004728981103	2.517182123e-05	2059.072958	1.086205426e-12	553.7990012	29.04498098	-35988.63902	790.5911745	430.5426526
	0.004811618662	2.55718916e-05	2028.732433	1.086278995e-12	565.6740621	30.1692316	-36498.18291	806.3071265	440.4223404
	0.004893284824	2.598693841e-05	1998.075331	1.104602763e-12	577.3983968	31.32058971	-36924.69133	821.3271057	450.4356718
	0.00497334044	2.641278802e-05	1967.373238	1.140175149e-12	588.8807702	32.48814836	-37268.449	835.5575987	460.4925343
	0.005051158966	2.684475585e-05	1936.912685	1.191464116e-12	600.0320818	33.66000011	-37532.05769	848.9223482	470.4970624
	0.005126131367	2.727772525e-05	1906.991452	1.256458329e-12	610.7660397	34.82341672	-37720.25055	861.3618529	480.348924
	0.00519767088	2.770624181e-05	1877.914387	1.332733194e-12	620.9998053	35.96505992	-37839.64265	872.8324239	489.9447941
	0.005265217611	2.812462054e-05	1849.988808	1.417529701e-12	630.6546043	37.07121807	-37898.4266	883.30485	499.1799826
	0.005328242915	2.852706328e-05	1823.519612	1.507843562e-12	639.6563029	38.12806267	-37906.0232	892.762734	507.9501783
	0.00538625353	2.890778285e-05	1798.804185	1.600521861e-12	647.9359427	39.12191819	-37872.699	901.2005725	516.1532657
	0.005438795442	2.926113079e-05	1776.127262	1.692364146e-12	655.430234	40.03953791	-37809.16336	908.6216582	523.6911705
	0.005485457431	2.958172492e-05	1755.755839	1.780224812e-12	662.0820036	40.86837845	-37726.15815	915.0358876	530.4716849
	0.005525874292	2.986457322e-05	1737.934295	1.861113533e-12	667.8405956	41.59686538	-37634.05363	920.4575594	536.4102265
	0.005559729679	3.010519036e-05	1722.879829	1.932290588e-12	672.6622221	42.21464254	-37542.46358	924.9032458	541.4314837
	0.005586758546	3.029970356e-05	1710.778341	1.991354039e-12	676.5102617	42.71279793	-37459.89239	928.3898155	545.4709002
	0.005606749079	3.044494395e-05	1701.780929	2.036315829e-12	679.3554892	43.08405798	-37393.42568	930.932668	548.4759472
	0.005619543258	3.05385147e-05	1696.001433	2.065662444e-12	681.1761206	43.32292935	-37348.47772	932.5441425	550.4070212
	0.005625	3.057856886e-05	1693.53147	2.078314293e-12	681.9525407	43.42510772	-37328.73548	933.227645	551.2324819

	0.005625	3.021520283e-05	1705.728458	3.230422339e-12	680.1893382	42.79814356	-38865.80826	947.3022829	541.3314673
	0.005630456742	3.026673536e-05	1703.167312	3.211333195e-12	680.8448494	42.91793466	-38794.49366	947.4489231	542.2494481
	0.005643250921	3.038751983e-05	1697.179891	3.166888152e-12	682.3751267	43.19849433	-38627.28539	947.7867684	544.3948012
	0.005663241454	3.057612549e-05	1687.874075	3.098320943e-12	684.7474184	43.6359929	-38366.02703	948.29787	547.7272193
	0.005690270321	3.083090998e-05	1675.387542	3.007312754e-12	687.9186495	44.22584467	-38012.78336	948.9563993	552.1948532
	0.005724125708	3.11496772e-05	1659.902588	2.896077067e-12	691.8319355	44.9619425	-37570.32211	949.7285003	557.7290993
	0.005764542569	3.152969036e-05	1641.642572	2.767299285e-12	696.4178978	45.83672793	-37042.10655	950.573422	564.2460019
	0.005811204558	3.196769956e-05	1620.86705	2.624059546e-12	701.5963983	46.84130326	-36432.27038	951.4449173	571.6481551
	0.00586374647	3.245997551e-05	1597.866111	2.469743988e-12	707.2785458	47.9655645	-35745.58577	952.2928426	579.8269086
	0.005921757085	3.300234806e-05	1572.954133	2.307947513e-12	713.3689009	49.19835024	-34987.42623	953.0649035	588.6648013
	0.005984782389	3.359024866e-05	1546.463122	2.142371082e-12	719.7678152	50.52760279	-34163.7246	953.7084906	598.0381501
	0.00605232912	3.42187563e-05	1518.735835	1.976716685e-12	726.3738354	51.94053773	-33280.92667	954.1725461	607.8197207
	0.006123868633	3.488264591e-05	1490.118866	1.814583191e-12	733.0861016	53.4238184	-32345.94075	954.4094011	617.8814063
	0.006198841034	3.55764389e-05	1460.955884	1.659366249e-12	739.8066735	54.96373144	-31366.08365	954.3765247	628.0968415
	0.00627665956	3.629445484e-05	1431.581204	1.514165267e-12	746.4427147	56.54635984	-30349.02345	954.0381279	638.3438783
	0.006356715176	3.703086372e-05	1402.313859	1.381700267e-12	752.9084774	58.15775021	-29302.71949	953.3665697	648.5068612
	0.006438381338	3.777973819e-05	1373.452312	1.264241121e-12	759.127029	59.78407086	-28235.36009	952.34352	658.4786399
	0.006521018897	3.853510506e-05	1345.269956	1.163551259e-12	765.0316774	61.41175822	-27155.2985	950.9608398	668.1622703
	0.006603981103	3.929099555e-05	1318.011492	1.080847489e-12	770.567056	63.02764911	-26070.98753	949.2211496	677.4723644
	0.006686618662	4.00414938e-05	1291.890252	1.01677708e-12	775.689843	64.61909698	-24990.91338	947.1380646	686.336058
	0.006768284824	4.078078313e-05	1267.086538	9.714126971e-13	780.3691004	66.17407092	-23923.52924	944.7360889	694.6935813
	0.00684834044	4.150318984e-05	1243.74696	9.442652265e-13	784.5862299	67.68123654	-22877.18914	942.0501669	702.4984264
	0.006926158966	4.220322406e-05	1221.984774	9.343139802e-13	788.334556	69.13001857	-21860.08254	939.1249056	709.7171211
	0.007001131367	4.287561762e-05	1201.881164	9.400532131e-13	791.6185548	70.51064551	-20880.17022	936.0134886	716.3286278
	0.00707267088	4.351535869e-05	1183.487394	9.595533856e-13	794.4527632	71.81417715	-19945.12197	932.7763133	722.3234006
	0.007140217611	4.411772316e-05	1166.827718	9.905351491e-13	796.8604074	73.03251624	-19062.25657	929.4793921	727.7021413
	0.007203242915	4.467830282e-05	1151.902929	1.030453632e-12	798.8718028	74.15840609	-18238.48443	926.192565	732.4743062
	0.00726125353	4.519303025e-05	1138.694409	1.076590293e-12	800.5225804	75.18541622	-17480.25355	922.9875768	736.6564215
	0.007313795442	4.565820067e-05	1127.168496	1.126149374e-12	801.8518033	76.10791823	-16793.49899	919.9360781	740.2702702
	0.007360457431	4.607049082e-05	1117.281039	1.176355847e-12	802.9000365	76.92105456	-16183.59643	917.1076095	743.3410188
	0.007400874292	4.642697499e-05	1108.981935	1.224551711e-12	803.7074369	77.62070263	-15655.32016	914.5676312	745.89535
	0.007434729679	4.672513844e-05	1102.219509	1.268287551e-12	804.3119281	78.20343692	-15212.80573	912.3756574	747.9596683
	0.007461758546	4.69628882e-05	1096.94457	1.3054064e-12	804.7475206	78.66649111	-14859.5181	910.5835551	749.5584426
	0.007481749079	4.713856057e-05	1093.114013	1.334117087e-12	805.0428332	79.00772113	-14598.22636	909.2340635	750.7127362
	0.007494543258	4.725091836e-05	1090.693999	1.353053483e-12	805.2198544	79.22555702	-14430.99634	908.3596388	751.4389318
	0.0075	4.729882145e-05	1089.669358	1.36126314e-12	805.2925093	79.31833257	-14359.67238	907.9841464	751.7456721

	0.0075	4.718684195e-05	1097.33479	2.905725167e-12	803.0261159	78.90784432	-14035.64947	899.6387789	752.5055276
	0.007505456742	4.722467753e-05	1096.508413	2.888059137e-12	803.1098616	78.98004706	-13982.47982	899.3568305	752.781022
	0.007518250921	4.731306371e-05	1094.579104	2.846974582e-12	803.3051498	79.1486872	-13858.28747	898.6977716	753.424267
	0.007538241454	4.745025171e-05	1091.5878	2.783724766e-12	803.6072883	79.41035704	-13665.56576	897.6736601	754.4217565
	0.007565270321	4.763397121e-05	1087.588266	2.700035534e-12	804.0099997	79.76061662	-13407.55977	896.2999306	755.7557814
	0.007599125708	4.786122066e-05	1082.651513	2.598177178e-12	804.5050062	80.19359778	-13088.55877	894.5970137	757.402949
	0.007639542569	4.812833201e-05	1076.864169	2.480899776e-12	805.0822377	80.70213327	-12713.80252	892.5899309	759.3347156
	0.007686204558	4.843105742e-05	1070.326321	2.35135114e-12	805.7301018	81.2779289	-12289.35595	890.3077417	761.5180906
	0.00773874647	4.876466964e-05	1063.149026	2.21298262e-12	806.4357953	81.91176273	-11821.96426	887.7829001	763.9164518
	0.007796757085	4.912407261e-05	1055.451576	2.069445967e-12	807.1856453	82.59370451	-11318.89319	885.0505454	766.490442
	0.007859782389	4.950391899e-05	1047.358587	1.924484506e-12	807.9654714	83.31334858	-10787.75953	882.1477471	769.1989195
	0.00792732912	4.989873118e-05	1038.997017	1.781821987e-12	808.7609561	84.06005369	-10236.35653	879.1127247	771.9999366
	0.007998868633	5.030302243e-05	1030.493184	1.645052547e-12	809.5580133	84.8231827	-9672.479304	875.9840641	774.8517157
	0.008073841034	5.071141465e-05	1021.969874	1.517535166e-12	810.3431444	85.59233568	-9103.755109	872.7999524	777.7135969
	0.00815165956	5.111874974e-05	1013.543622	1.40229588e-12	811.1037707	86.35756955	-8537.483228	869.597451	780.5469294
	0.008231715176	5.152019117e-05	1005.322249	1.301940732e-12	811.8285328	87.10959853	-7980.488858	866.4118261	783.3158813
	0.008313381338	5.19113134e-05	997.4027015	1.218582132e-12	812.5075486	87.8399698	-7438.99491	863.2759537	785.9881472
	0.008396018897	5.228817661e-05	989.8692817	1.153780865e-12	813.132622	88.54120985	-6918.515081	860.2198148	788.5355331
	0.008478981103	5.264738497e-05	982.7922854	1.10850549e-12	813.6973971	89.20693792	-6423.770844	857.2700899	790.9344045
	0.008561618662	5.29861272e-05	976.2270997	1.083110349e-12	814.1974538	89.83194377	-5958.634243	854.4498648	793.165987
	0.008643284824	5.330219852e-05	970.2137693	1.077332792e-12	814.6303422	90.4122285	-5526.097595	851.7784492	795.2165132
	0.00872334044	5.359400401e-05	964.7770367	1.090309644e-12	814.9955564	90.94500796	-5128.270316	849.2713123	797.0772147
	0.008801158966	5.386054362e-05	959.9268469	1.120612352e-12	815.2944479	91.42867958	-4766.402273	846.9401315	798.7441637
	0.008876131367	5.410137987e-05	955.6592872	1.166299615e-12	815.5300839	91.86275476	-4440.932228	844.7929492	800.2179712
	0.00894767088	5.431658979e-05	951.957927	1.224985831e-12	815.7070542	92.24775968	-4151.559186	842.8344287	801.5033553
	0.009015217611	5.450670301e-05	948.7955027	1.293923125e-12	815.8312344	92.58510857	-3897.333741	841.0661972	802.6085971
	0.009078242915	5.467262842e-05	946.1358883	1.370094364e-12	815.9095128	92.87695432	-3676.76593	839.4872606	803.5449021
	0.00913625353	5.481557223e-05	943.9362799	1.450314178e-12	815.9494911	93.1260219	-3487.945611	838.0944753	804.3256927
	0.009188795442	5.493695019e-05	942.1495189	1.531334783e-12	815.9591683	93.33543048	-3328.671032	836.883057	804.9658546
	0.009235457431	5.503829737e-05	940.7264719	1.609953262e-12	815.9466183	93.50851071	-3196.581029	835.8471081	805.4809641
	0.009275874292	5.512117851e-05	939.6183875	1.683116876e-12	815.919672	93.64862332	-3089.286234	834.9801442	805.8865234
	0.009309729679	5.518710202e-05	938.7791496	1.748023097e-12	815.8856147	93.7589855	-3004.494752	834.2756017	806.1972284
	0.009336758546	5.52374408e-05	938.16735	1.802211135e-12	815.8509077	93.84251082	-2940.128013	833.7273061	806.4262955
	0.009356749079	5.527336215e-05	937.7481152	1.843641885e-12	815.8209451	93.90166801	-2894.423049	833.329889	806.5848678
	0.009369543258	5.529576801e-05	937.4946387	1.87076198e-12	815.7998527	93.93836098	-2866.019494	833.0791528	806.6815161
	0.009375	5.530518545e-05	937.3900536	1.88247214e-12	815.7904019	93.9537332	-2854.106704	832.9730717	806.7215877

	0.009375	5.541860366e-05	935.1786237	1.406252683e-12	816.0943271	94.18148523	-2740.381659	832.5191443	807.4429407
	0.009380456742	5.54272208e-05	935.0282709	1.403646884e-12	816.1017986	94.19700869	-2730.262042	832.4622947	807.4831836
	0.009393250921	5.544733948e-05	934.6773769	1.39759228e-12	816.1191736	94.23324365	-2706.624579	832.3293875	807.577119
	0.009413241454	5.547853419e-05	934.1336943	1.388286775e-12	816.1459199	94.28940446	-2669.943076	832.1228058	807.7227107
	0.009440270321	5.55202464e-05	933.4074698	1.376004821e-12	816.181304	94.36445577	-2620.83402	831.8455879	807.9172754
	0.009474125708	5.557173838e-05	932.512229	1.361107244e-12	816.2243614	94.45703053	-2560.112297	831.5017575	808.15727
	0.009514542569	5.563211012e-05	931.4644565	1.344030673e-12	816.2739237	94.56546191	-2488.773402	831.096245	808.4383748
	0.009561204558	5.570032162e-05	930.2831744	1.325274197e-12	816.3286535	94.68782539	-2407.969674	830.6347811	808.7556019
	0.00961374647	5.577521874e-05	928.9894565	1.305384061e-12	816.3870849	94.82198735	-2318.98278	830.123772	809.1034214
	0.009671757085	5.58555616e-05	927.605894	1.284936908e-12	816.4476669	94.9656584	-2223.193421	829.5701625	809.4758998
	0.009734782389	5.594005469e-05	926.1560292	1.264522123e-12	816.50881	95.11645013	-2122.049149	828.9812892	809.8668467
	0.00980232912	5.602737782e-05	924.6637745	1.244723801e-12	816.5689332	95.27193317	-2017.031242	828.3647294	810.2699657
	0.009873868633	5.611621709e-05	923.1528321	1.226102919e-12	816.6265113	95.42969532	-1909.621561	827.7281494	810.6790044
	0.009948841034	5.62052948e-05	921.6461331	1.209180261e-12	816.6801192	95.58739775	-1801.270331	827.079155	811.0879006
	0.01002665956	5.629339773e-05	920.1653113	1.194420625e-12	816.728474	95.74282777	-1693.365749	826.4251509	811.4909189
	0.01010671518	5.637940266e-05	918.7302259	1.182218798e-12	816.7704718	95.89394676	-1587.206243	825.7732093	811.8827748
	0.01018838134	5.646229881e-05	917.358548	1.172887742e-12	816.8052189	96.03893179	-1483.97612	825.1299541	812.2587424
	0.0102710189	5.654120624e-05	916.0654213	1.166649353e-12	816.8320566	96.1762099	-1384.725261	824.501461	812.6147439
	0.0103539811	5.661538998e-05	914.8632051	1.163628068e-12	816.8505784	96.30448408	-1290.353342	823.893178	812.9474162
	0.01043661866	5.668426943e-05	913.7613085	1.163847534e-12	816.8606394	96.42275043	-1201.59895	823.3098656	813.2541557
	0.01051828482	5.674742294e-05	912.7661163	1.167230418e-12	816.8623573	96.53030595	-1119.033808	822.7555601	813.5331385
	0.01059834044	5.68045874e-05	911.8810088	1.173601379e-12	816.8561054	96.62674713	-1043.062135	822.2335581	813.7833168
	0.01067615897	5.685565313e-05	911.1064738	1.182693087e-12	816.8424975	96.71195941	-973.9250455	821.7464235	814.0043915
	0.01075113137	5.690065412e-05	910.440303	1.194155114e-12	816.8223658	96.78609806	-911.7097074	821.2960151	814.1967628
	0.01082267088	5.693975428e-05	909.8778685	1.207565401e-12	816.796731	96.84956129	-856.3628387	820.8835326	814.3614603
	0.01089021761	5.697322997e-05	909.4124662	1.222443944e-12	816.7667682	96.90295654	-807.7080054	820.5095803	814.5000561
	0.01095324291	5.700144972e-05	909.0357151	1.238268268e-12	816.7337668	96.94706126	-765.466048	820.1742443	814.6145628
	0.01101125353	5.702485154e-05	908.7379988	1.254490206e-12	816.6990873	96.98277947	-729.2778859	819.8771804	814.7073209
	0.01106379544	5.704391902e-05	908.5089333	1.270553442e-12	816.6641165	97.01109562	-698.7288767	819.6177095	814.7808797
	0.01111045743	5.705915662e-05	908.3378454	1.285911282e-12	816.6302218	97.03302744	-673.3738665	819.3949174	814.8378748
	0.01115087429	5.707106536e-05	908.2142459	1.300044083e-12	816.5987062	97.04957924	-652.7620532	819.207753	814.8809073
	0.01118472968	5.708011948e-05	908.1282809	1.312475796e-12	816.5707656	97.06169727	-636.4608048	819.0551247	814.9124278
	0.01121175855	5.7086745e-05	908.0711478	1.322789096e-12	816.5474502	97.07022874	-624.0776165	818.9359885	814.9346306
	0.01123174908	5.709130084e-05	908.0354595	1.330638587e-12	816.52963	97.0758857	-615.2794951	818.8494271	814.9493601
	0.01124454326	5.709406295e-05	908.0155492	1.335761324e-12	816.5179678	97.07921485	-609.8094571	818.7947192	814.9580321
	0.01125	5.70952045e-05	908.0077533	1.33796968e-12	816.5129328	97.08056556	-607.5146694	818.7715506	814.9615515

	0.01125	5.713609557e-05	906.9754058	1.836994976e-12	816.7054946	97.17300513	-597.9732615	819.0666566	815.1088793
	0.01125545674	5.713765752e-05	906.9494016	1.199389954e-12	816.7058494	97.17570399	-596.0615338	819.056723	815.1137306
	0.01126825092	5.714130401e-05	906.8887146	-2.662465785e-13	816.7066678	97.18200351	-591.5952519	819.0335009	815.1250554
	0.01128824145	5.714695733e-05	906.7946894	-2.473947092e-12	816.7079085	97.19176659	-584.6618944	818.9974101	815.1426104
	0.01131527032	5.715451537e-05	906.6691042	-5.299323802e-12	816.7095126	97.20481251	-575.3748297	818.9489867	815.1660756
	0.01134912571	5.716384325e-05	906.514306	-8.579401592e-12	816.7114026	97.22090264	-563.883963	818.8889405	815.1950281
	0.01138954257	5.717477648e-05	906.3331552	-1.211816515e-11	816.7134851	97.23974603	-550.3725353	818.818141	815.2289524
	0.01143620456	5.718712501e-05	906.1289519	-1.569339757e-11	816.7156543	97.26100683	-535.0528273	818.7375987	815.2672529
	0.01148874647	5.7200678e-05	905.9053522	-1.906449311e-11	816.7177952	97.2843127	-518.1611812	818.6484425	815.3092694
	0.01154675709	5.721520904e-05	905.6662745	-2.198098232e-11	816.719788	97.30926421	-499.9525165	818.5518959	815.3542929
	0.01160978239	5.723048165e-05	905.4158018	-2.419149325e-11	816.7215115	97.33544476	-480.6945021	818.4492505	815.4015834
	0.01167732912	5.7246255e-05	905.15808	-2.545285932e-11	816.7228484	97.36243069	-460.6615513	818.3418393	815.4503876
	0.01174886863	5.726228957e-05	904.8972177	-2.553907936e-11	816.7236886	97.38980149	-440.1288097	818.2310099	815.499957
	0.01182384103	5.727835265e-05	904.6371887	-2.424983908e-11	816.7239335	97.41714959	-419.3663038	818.1180979	815.5495651
	0.01190165956	5.729422351e-05	904.3817399	-2.141831639e-11	816.7234998	97.44408962	-398.6334121	818.004402	815.5985235
	0.01198171518	5.73096981e-05	904.1343092	-1.691801444e-11	816.7223222	97.47026678	-378.1738079	817.8911605	815.6461969
	0.01206338134	5.732459315e-05	903.8979533	-1.066839632e-11	816.7203568	97.49536407	-358.2110086	817.7795313	815.692016
	0.0121460189	5.733874951e-05	903.675289	-2.639132085e-12	816.7175824	97.51910834	-338.9446459	817.6705739	815.7354875
	0.0122289811	5.735203479e-05	903.4684483	7.147187976e-12	816.7140021	97.54127477	-320.5475474	817.5652354	815.7762032
	0.01231161866	5.736434501e-05	903.2790501	1.861397261e-11	816.709644	97.56168989	-303.1636953	817.4643402	815.8138443
	0.01239328482	5.737560544e-05	903.1081871	3.163122903e-11	816.7045608	97.58023289	-286.9070998	817.3685836	815.8481845
	0.01247334044	5.738577051e-05	902.9564297	4.601783783e-11	816.6988286	97.5968354	-271.8615953	817.2785292	815.8790894
	0.01255115897	5.739482283e-05	902.8238455	6.154544631e-11	816.6925458	97.61147958	-258.08154	817.1946101	815.9065135
	0.01262613137	5.740277139e-05	902.7100334	7.794387244e-11	816.6858299	97.6241948	-245.5933714	817.1171347	815.9304944
	0.01269767088	5.7409649e-05	902.6141722	9.490786401e-11	816.6788151	97.63505288	-234.3979431	817.0462943	815.9511444
	0.01276521761	5.741550905e-05	902.5350801	1.121050151e-10	816.6716482	97.64416219	-224.4735448	816.982175	815.9686405
	0.01282824291	5.742042175e-05	902.4712845	1.291846051e-10	816.6644849	97.65166074	-215.7794883	816.9247719	815.9832124
	0.01288625353	5.742446995e-05	902.421099	1.457870961e-10	816.6574852	97.6577086	-208.2601241	816.8740044	815.995129
	0.01293879544	5.742774472e-05	902.3827046	1.61554004e-10	816.6508093	97.66247978	-201.8491417	816.8297338	816.0046849
	0.01298545743	5.743034076e-05	902.3542332	1.761378436e-10	816.6446127	97.66615396	-196.4739991	816.7917812	816.0121853
	0.01302587429	5.743235197e-05	902.3338501	1.892118489e-10	816.6390417	97.66890829	-192.0603252	816.7599447	816.017932
	0.01305972968	5.743386705e-05	902.3198323	2.004791697e-10	816.6342297	97.67090961	-188.5361408	816.7340174	816.0222102
	0.01308675855	5.743496563e-05	902.3106412	2.096812608e-10	816.6302927	97.67230722	-185.8357531	816.7138028	816.0252752
	0.01310674908	5.743571474e-05	902.304986	2.166051753e-10	816.6273266	97.67322656	-183.9031986	816.699129	816.0273418
	0.01311954326	5.743616589e-05	902.3018763	2.210892449e-10	816.6254039	97.67376393	-182.6951913	816.6898611	816.0285751
	0.013125	5.743635158e-05	902.3006711	2.230142174e-10	816.6245781	97.673981	-182.1868239	816.6859377	816.0290799

	0.013125	5.744361719e-05	902.1343608	1.838253188e-12	816.6709117	97.69187912	-178.9366845	816.7819376	816.0854997
	0.01313045674	5.744390175e-05	902.1292574	1.82384343e-12	816.670811	97.69235101	-178.506378	816.7796232	816.0855624
	0.01314325092	5.744456487e-05	902.1173775	1.790263427e-12	816.6705863	97.69345185	-177.5041521	816.774236	816.085745
	0.01316324145	5.744558949e-05	902.0990564	1.73837358e-12	816.6702675	97.69515621	-175.9569929	816.7659297	816.0861296
	0.01319027032	5.744695259e-05	902.074752	1.669334875e-12	816.6698989	97.69743025	-173.9015408	816.7549141	816.0868421
	0.01322412571	5.744862386e-05	902.0450668	1.584677151e-12	816.6695385	97.70022935	-171.3860516	816.7414654	816.0880469
	0.01326454257	5.745056644e-05	902.0107318	1.486259114e-12	816.6692557	97.70349915	-168.469101	816.7259185	816.0899401
	0.01331120456	5.745273799e-05	901.9725851	1.376216825e-12	816.6691289	97.70717702	-165.2179229	816.7086572	816.0927416
	0.01336374647	5.745509187e-05	901.9315475	1.256904394e-12	816.6692422	97.71119371	-161.7064987	816.6901034	816.0966859
	0.01342175709	5.745757838e-05	901.8885961	1.130828942e-12	816.6696824	97.7154751	-158.0134623	816.6707044	816.1020126
	0.01348478239	5.74601462e-05	901.8447359	1.000581833e-12	816.6705355	97.71994418	-154.2198872	816.65092	816.1089556
	0.01355232912	5.746274371e-05	901.8009712	8.687682576e-13	816.6718833	97.72452296	-150.4070217	816.6312096	816.1177333
	0.01362386863	5.746532044e-05	901.7582772	7.379373004e-13	816.6737996	97.72913446	-146.6540426	816.6120189	816.1285376
	0.01369884103	5.746782838e-05	901.7175723	6.105145793e-13	816.6763476	97.73370458	-143.0358936	816.5937671	816.1415248
	0.01377665956	5.747022321e-05	901.6796928	4.887394665e-13	816.6795765	97.73816386	-139.6212754	816.5768357	816.1568067
	0.01385671518	5.747246546e-05	901.6453702	3.746087544e-13	816.6835194	97.74244911	-136.4708459	816.5615575	816.1744432
	0.01393838134	5.747452144e-05	901.6152121	2.698284175e-13	816.6881905	97.74650474	-133.6356856	816.5482081	816.1944357
	0.0140210189	5.7476364e-05	901.5896864	1.757748672e-13	816.6935843	97.75028393	-131.1560718	816.5369989	816.2167236
	0.0141039811	5.74779731e-05	901.5691105	9.346679632e-14	816.6996745	97.75374943	-129.0605988	816.5280718	816.2411808
	0.01418661866	5.747933615e-05	901.5536456	2.354837742e-14	816.7064132	97.75687413	-127.3656664	816.5214968	816.267616
	0.01426828482	5.74804481e-05	901.5432949	-3.371577901e-14	816.713732	97.75964122	-126.075352	816.5172709	816.2957737
	0.01434834044	5.74813113e-05	901.5379075	-7.843386592e-14	816.7215427	97.76204416	-125.1816656	816.5153206	816.325338
	0.01442615897	5.748193514e-05	901.5371867	-1.110686498e-13	816.7297388	97.76408615	-124.6651776	816.5155049	816.3559378
	0.01450113137	5.748233547e-05	901.5407032	-1.324084555e-13	816.738198	97.76577954	-124.4959961	816.517622	816.3871543
	0.01457267088	5.748253384e-05	901.5479115	-1.435283855e-13	816.7467849	97.76714475	-124.6350617	816.5214168	816.4185296
	0.01464021761	5.748255655e-05	901.558171	-1.457430977e-13	816.7553542	97.7682091	-125.0357142	816.5265906	816.4495775
	0.01470324291	5.748243356e-05	901.5707688	-1.405527211e-13	816.7637542	97.76900542	-125.6454823	816.5328114	816.4797941
	0.01476125353	5.748219735e-05	901.5849452	-1.295837045e-13	816.7718309	97.76957047	-126.4080354	816.5397262	816.5086704
	0.01481379544	5.748188163e-05	901.5999205	-1.145265394e-13	816.7794316	97.76994336	-127.2652352	816.5469725	816.5357048
	0.01486045743	5.748152015e-05	901.6149215	-9.707239539e-14	816.7864092	97.77016382	-128.1592208	816.5541917	816.5604152
	0.01490087429	5.748114539e-05	901.6292085	-7.885072914e-14	816.7926259	97.77027061	-129.03446	816.5610407	816.5823517
	0.01493472968	5.748078742e-05	901.6421004	-6.136989602e-14	816.7979568	97.77029993	-129.8396994	816.5672034	816.601108
	0.01496175855	5.74804728e-05	901.6529978	-4.596269611e-14	816.8022937	97.77028399	-130.5297523	816.5724022	816.6163317
	0.01498174908	5.748022363e-05	901.661403	-3.373867555e-14	816.8055475	97.77024973	-131.0670631	816.5764064	816.6277336
	0.01499454326	5.748005682e-05	901.6669366	-2.554527243e-14	816.8076506	97.77021777	-131.4229741	816.5790401	816.6350944
	0.015	5.747998393e-05	901.6693333	-2.196294889e-14	816.8085524	97.77020175	-131.577626	816.5801803	816.638249
