1 0 0 32.5782 3.84106e+22 0.00254662 -0.0162745 -232.189 283.113 150.139 
2 2e-06 0 32.5067 3.83264e+22 0.00254104 0.0178036 -230.493 283.802 150.175 
3 4e-06 0 32.4464 3.82553e+22 0.00253633 0.019452 -228.974 284.401 150.212 
4 6e-06 0 32.3905 3.81894e+22 0.00253196 -0.00513336 -227.515 284.943 150.24 
5 8e-06 0 32.345 3.81357e+22 0.0025284 -0.000133361 -226.181 285.431 150.285 
6 1e-05 0 32.3025 3.80856e+22 0.00252507 -0.0222722 -224.937 285.929 150.349 
7 1.2e-05 0 32.2561 3.80309e+22 0.00252145 0.0100336 -223.69 286.356 150.358 
8 1.4e-05 0 32.2167 3.79845e+22 0.00251837 0.0116652 -222.495 286.789 150.401 
9 1.6e-05 0 32.1778 3.79385e+22 0.00251532 -0.00859722 -221.354 287.199 150.434 
10 1.8e-05 0 32.1363 3.78897e+22 0.00251209 0.00526895 -220.241 287.57 150.435 
11 2e-05 0 32.1003 3.78472e+22 0.00250927 0.000175842 -219.122 287.99 150.485 
12 2.2e-05 0 32.0628 3.7803e+22 0.00250634 0.00154507 -218.008 288.337 150.491 
13 2.4e-05 0 32.0288 3.77629e+22 0.00250368 0.00743492 -216.958 288.722 150.532 
14 2.6e-05 0 31.9948 3.77227e+22 0.00250102 -0.00823941 -215.91 289.05 150.542 
15 2.8e-05 0 31.958 3.76795e+22 0.00249815 0.00224257 -214.831 289.413 150.559 
16 3e-05 0 31.9239 3.76392e+22 0.00249548 -0.00668095 -213.767 289.74 150.568 
17 3.2e-05 0 31.8914 3.76009e+22 0.00249294 0.0143442 -212.715 290.055 150.578 
18 3.4e-05 0 31.8593 3.7563e+22 0.00249043 0.0131716 -211.705 290.405 150.608 
19 3.6e-05 0 31.827 3.7525e+22 0.00248791 -0.00307475 -210.677 290.71 150.613 
20 3.8e-05 0 31.7985 3.74914e+22 0.00248568 -0.0277238 -209.652 291.006 150.632 
21 4e-05 0 31.7676 3.74549e+22 0.00248326 0.00437066 -208.626 291.359 150.668 
22 4.2e-05 0 31.735 3.74164e+22 0.00248071 0.0142933 -207.618 291.641 150.659 
23 4.4e-05 0 31.704 3.73799e+22 0.00247829 0.0073577 -206.614 291.969 150.681 
24 4.6e-05 0 31.6707 3.73407e+22 0.00247569 0.00446017 -205.623 292.259 150.673 
25 4.8e-05 0 31.6449 3.73102e+22 0.00247367 0.00581036 -204.606 292.577 150.713 
26 5e-05 0 31.6113 3.72707e+22 0.00247105 -0.0122223 -203.644 292.855 150.697 
27 5.2e-05 0 31.5844 3.72389e+22 0.00246894 -0.00869017 -202.634 293.173 150.731 
28 5.4e-05 0 31.5552 3.72045e+22 0.00246666 0.00443889 -201.67 293.438 150.728 
29 5.6e-05 0 31.5274 3.71718e+22 0.00246449 0.00855494 -200.66 293.716 150.739 
30 5.8e-05 0 31.4981 3.71372e+22 0.00246219 -0.00506539 -199.698 294.006 150.747 
31 6e-05 0 31.4671 3.71007e+22 0.00245977 -0.0182447 -198.664 294.273 150.735 
32 6.2e-05 0 31.443 3.70722e+22 0.00245788 0.0159065 -197.742 294.559 150.766 
33 6.4e-05 0 31.4157 3.70401e+22 0.00245576 0.00397953 -196.761 294.808 150.763 
34 6.6e-05 0 31.3894 3.7009e+22 0.0024537 -0.00185724 -195.756 295.104 150.788 
35 6.8e-05 0 31.3641 3.69792e+22 0.00245172 -0.00429765 -194.8 295.359 150.796 
36 7e-05 0 31.3336 3.69433e+22 0.00244934 0.00922533 -193.852 295.624 150.785 
37 7.2e-05 0 31.3098 3.69152e+22 0.00244747 -0.000657965 -192.852 295.896 150.809 
38 7.4e-05 0 31.2865 3.68877e+22 0.00244565 -0.00282829 -191.938 296.154 150.828 
39 7.6e-05 0 31.2537 3.6849e+22 0.00244309 -0.00721858 -190.945 296.413 150.802 
40 7.8e-05 0 31.2347 3.68267e+22 0.00244161 0.0331078 -189.986 296.648 150.83 
41 8e-05 0 31.2008 3.67867e+22 0.00243896 -0.0340567 -189.031 296.908 150.798 
42 8.2e-05 0 31.1811 3.67634e+22 0.00243741 0.0161941 -188.049 297.175 150.838 
43 8.4e-05 0 31.1566 3.67345e+22 0.0024355 -0.0192878 -187.103 297.391 150.829 
44 8.6e-05 0 31.1273 3.67e+22 0.00243321 0.013173 -186.156 297.647 150.817 
45 8.8e-05 0 31.105 3.66737e+22 0.00243147 -0.00687716 -185.229 297.901 150.838 
46 9e-05 0 31.0827 3.66474e+22 0.00242972 0.0199477 -184.259 298.156 150.858 
47 9.2e-05 0 31.0591 3.66196e+22 0.00242788 -0.012774 -183.294 298.39 150.862 
48 9.4e-05 0 31.0338 3.65898e+22 0.0024259 -0.0229873 -182.369 298.617 150.854 
49 9.6e-05 0 31.0103 3.65621e+22 0.00242406 0.0275258 -181.427 298.857 150.861 
50 9.8e-05 0 30.9878 3.65356e+22 0.00242231 -0.000698519 -180.455 299.113 150.881 
51 0.0001 0 30.9607 3.65036e+22 0.00242019 -0.00334179 -179.546 299.315 150.85 
52 0.000102 0 30.9425 3.64821e+22 0.00241877 0.00505464 -178.6 299.549 150.88 
53 0.000104 0 30.9207 3.64564e+22 0.00241706 -0.00746122 -177.656 299.796 150.898 
54 0.000106 0 30.8926 3.64233e+22 0.00241487 0.0113092 -176.734 300.021 150.874 
55 0.000108 0 30.8715 3.63984e+22 0.00241321 -0.0130797 -175.774 300.241 150.881 
56 0.00011 0 30.8535 3.63771e+22 0.0024118 -0.0134145 -174.853 300.461 150.904 
57 0.000112 0 30.8274 3.63464e+22 0.00240976 0.0261672 -173.891 300.671 150.881 
58 0.000114 0 30.8081 3.63237e+22 0.00240826 -0.00233192 -172.968 300.899 150.901 
59 0.000116 0 30.7839 3.62951e+22 0.00240637 0.00991846 -172.041 301.131 150.899 
60 0.000118 0 30.7688 3.62773e+22 0.00240518 -0.0194343 -171.099 301.32 150.92 
61 0.00012 0 30.7439 3.62479e+22 0.00240324 -0.00403896 -170.157 301.524 150.9 
62 0.000122 0 30.7235 3.62239e+22 0.00240164 0.0104235 -169.236 301.75 150.912 
63 0.000124 0 30.7049 3.62019e+22 0.00240019 -0.00435024 -168.305 301.957 150.925 
64 0.000126 0 30.6809 3.61737e+22 0.00239832 -0.00376008 -167.327 302.177 150.916 
65 0.000128 0 30.6582 3.61469e+22 0.00239654 0.00663189 -166.406 302.39 150.911 
66 0.00013 0 30.6392 3.61245e+22 0.00239506 -0.00538989 -165.497 302.636 150.94 
67 0.000132 0 30.6177 3.60991e+22 0.00239337 0.0119499 -164.544 302.806 150.919 
68 0.000134 0 30.5981 3.60761e+22 0.00239185 -0.024875 -163.63 302.989 150.914 
69 0.000136 0 30.5806 3.60554e+22 0.00239047 0.0199967 -162.681 303.225 150.945 
70 0.000138 0 30.5577 3.60285e+22 0.00238869 -0.00940783 -161.769 303.411 150.924 
71 0.00014 0 30.5395 3.6007e+22 0.00238726 0.00187075 -160.845 303.605 150.931 
72 0.000142 0 30.5178 3.59814e+22 0.00238557 0.0154364 -159.937 303.799 150.921 
73 0.000144 0 30.4992 3.59595e+22 0.00238411 -0.00307368 -159.001 304.04 150.948 
74 0.000146 0 30.4793 3.5936e+22 0.00238256 -0.00614545 -158.086 304.215 150.937 
75 0.000148 0 30.4595 3.59127e+22 0.00238101 0.000902391 -157.147 304.404 150.932 
76 0.00015 0 30.4431 3.58933e+22 0.00237972 -0.00961458 -156.252 304.609 150.952 
77 0.000152 0 30.4217 3.5868e+22 0.00237805 0.0151887 -155.292 304.802 150.941 
78 0.000154 0 30.4016 3.58444e+22 0.00237648 0.000673523 -154.37 304.946 150.913 
79 0.000156 0 30.3843 3.5824e+22 0.00237513 -0.0104235 -153.49 305.141 150.924 
80 0.000158 0 30.371 3.58083e+22 0.00237409 0.00846097 -152.577 305.34 150.956 
81 0.00016 0 30.3494 3.57828e+22 0.0023724 -0.0189336 -151.614 305.528 150.941 
82 0.000162 0 30.3337 3.57643e+22 0.00237118 0.016764 -150.736 305.694 150.945 
83 0.000164 0 30.3158 3.57432e+22 0.00236977 -0.000455546 -149.787 305.877 150.947 
84 0.000166 0 30.2998 3.57243e+22 0.00236852 0.00261003 -148.885 306.019 150.937 
85 0.000168 0 30.282 3.57034e+22 0.00236714 0.00109286 -147.938 306.238 150.957 
86 0.00017 0 30.2617 3.56795e+22 0.00236555 -0.0144339 -147.047 306.422 150.946 
87 0.000172 0 30.2449 3.56597e+22 0.00236424 -0.00929742 -146.11 306.634 150.966 
88 0.000174 0 30.2283 3.564e+22 0.00236293 0.0251343 -145.198 306.785 150.958 
89 0.000176 0 30.2056 3.56133e+22 0.00236116 0.0090722 -144.253 306.963 150.932 
90 0.000178 0 30.1878 3.55923e+22 0.00235977 -0.0105643 -143.339 307.156 150.938 
91 0.00018 0 30.1717 3.55733e+22 0.00235851 -0.0116958 -142.448 307.328 150.942 
92 0.000182 0 30.1552 3.55538e+22 0.00235722 0.00363277 -141.553 307.497 150.942 
93 0.000184 0 30.1415 3.55377e+22 0.00235615 -0.0062515 -140.6 307.631 150.94 
94 0.000186 0 30.128 3.55217e+22 0.00235509 0.0150682 -139.695 307.798 150.954 
95 0.000188 0 30.1107 3.55013e+22 0.00235374 -0.0119968 -138.791 308.009 150.97 
96 0.00019 0 30.0941 3.54818e+22 0.00235244 0.0164812 -137.863 308.163 150.962 
97 0.000192 0 30.0753 3.54597e+22 0.00235098 0.00477716 -136.969 308.312 150.941 
98 0.000194 0 30.0623 3.54443e+22 0.00234996 -0.0203548 -136.048 308.476 150.956 
99 0.000196 0 30.0419 3.54203e+22 0.00234837 -0.0100311 -135.144 308.662 150.945 
100 0.000198 0 30.0262 3.54018e+22 0.00234714 0.0190754 -134.236 308.834 150.95 
101 0.0002 0 30.0111 3.53839e+22 0.00234595 0.00567354 -133.31 308.995 150.953 
102 0.000202 0 29.9966 3.53669e+22 0.00234482 0.00306297 -132.415 309.141 150.951 
103 0.000204 0 29.9812 3.53487e+22 0.00234362 -0.0220119 -131.494 309.301 150.952 
104 0.000206 0 29.9658 3.53305e+22 0.00234241 0.00436711 -130.586 309.452 150.948 
105 0.000208 0 29.9501 3.5312e+22 0.00234119 0.013576 -129.692 309.607 150.944 
106 0.00021 0 29.9364 3.52959e+22 0.00234012 0.0013065 -128.759 309.76 150.95 
107 0.000212 0 29.9211 3.52778e+22 0.00233892 -0.00696953 -127.883 309.899 150.94 
108 0.000214 0 29.9077 3.5262e+22 0.00233787 -0.00170731 -126.963 310.105 150.973 
109 0.000216 0 29.8931 3.52448e+22 0.00233673 0.00101695 -126.073 310.221 150.956 
110 0.000218 0 29.8779 3.52269e+22 0.00233554 -0.00436975 -125.161 310.366 150.95 
111 0.00022 0 29.8629 3.52093e+22 0.00233438 -0.00402825 -124.247 310.528 150.953 
112 0.000222 0 29.8503 3.51944e+22 0.00233339 0.0116545 -123.347 310.648 150.947 
113 0.000224 0 29.8382 3.51801e+22 0.00233244 0.00145589 -122.452 310.826 150.972 
114 0.000226 0 29.8243 3.51637e+22 0.00233135 -0.00705452 -121.544 310.963 150.969 
115 0.000228 0 29.8106 3.51476e+22 0.00233029 -0.0125916 -120.629 311.104 150.968 
116 0.00023 0 29.7999 3.51349e+22 0.00232944 0.00445439 -119.726 311.274 150.996 
117 0.000232 0 29.7837 3.51159e+22 0.00232818 0.0171216 -118.84 311.409 150.979 
118 0.000234 0 29.7687 3.50982e+22 0.00232701 -0.00361238 -117.917 311.527 150.96 
119 0.000236 0 29.758 3.50855e+22 0.00232617 -0.00280798 -117.022 311.674 150.977 
120 0.000238 0 29.7404 3.50648e+22 0.0023248 -0.00962264 -116.139 311.793 150.946 
121 0.00024 0 29.7299 3.50524e+22 0.00232397 0.00580059 -115.229 311.94 150.964 
122 0.000242 0 29.7183 3.50388e+22 0.00232307 -0.00179166 -114.324 312.091 150.978 
123 0.000244 0 29.7016 3.50191e+22 0.00232177 0.0114827 -113.411 312.224 150.958 
124 0.000246 0 29.688 3.5003e+22 0.0023207 -0.0135586 -112.511 312.356 150.952 
125 0.000248 0 29.6796 3.49932e+22 0.00232005 0.0139527 -111.614 312.456 150.958 
126 0.00025 0 29.6618 3.49722e+22 0.00231865 -0.00770387 -110.703 312.603 150.938 
127 0.000252 0 29.6534 3.49623e+22 0.002318 -0.0166037 -109.82 312.726 150.955 
128 0.000254 0 29.6383 3.49444e+22 0.00231681 0.0192368 -108.895 312.872 150.948 
129 0.000256 0 29.6314 3.49363e+22 0.00231628 -0.00382615 -108.006 313.016 150.983 
130 0.000258 0 29.6164 3.49187e+22 0.00231511 0.00205889 -107.095 313.129 150.961 
131 0.00026 0 29.6059 3.49063e+22 0.00231428 0.00124093 -106.215 313.237 150.959 
132 0.000262 0 29.5945 3.48928e+22 0.00231339 0.00421338 -105.325 313.362 150.961 
133 0.000264 0 29.5829 3.48791e+22 0.00231248 -0.0127124 -104.398 313.49 150.963 
134 0.000266 0 29.5737 3.48682e+22 0.00231176 -0.0103422 -103.519 313.62 150.979 
135 0.000268 0 29.5618 3.48542e+22 0.00231083 0.0174704 -102.607 313.734 150.973 
136 0.00027 0 29.5488 3.48389e+22 0.00230982 -0.00180962 -101.723 313.84 150.958 
137 0.000272 0 29.5396 3.4828e+22 0.0023091 0.00162369 -100.825 313.958 150.968 
138 0.000274 0 29.525 3.48108e+22 0.00230796 0.00681638 -99.8875 314.084 150.954 
139 0.000276 0 29.5149 3.47989e+22 0.00230717 -0.0112398 -98.9921 314.222 150.968 
140 0.000278 0 29.5036 3.47856e+22 0.00230629 -0.0089622 -98.1137 314.318 150.957 
141 0.00028 0 29.4921 3.4772e+22 0.00230538 0.00513741 -97.2001 314.417 150.945 
142 0.000282 0 29.4824 3.47606e+22 0.00230463 0.00527699 -96.2849 314.573 150.971 
143 0.000284 0 29.4723 3.47487e+22 0.00230384 -0.00746271 -95.4125 314.66 150.961 
144 0.000286 0 29.4648 3.47398e+22 0.00230325 0.0122933 -94.4793 314.8 150.989 
145 0.000288 0 29.4509 3.47234e+22 0.00230216 0.00719768 -93.6174 314.857 150.945 
146 0.00029 0 29.445 3.47165e+22 0.00230171 -0.0218972 -92.7229 315.02 150.993 
147 0.000292 0 29.4335 3.47029e+22 0.0023008 0.025974 -91.8395 315.114 150.979 
148 0.000294 0 29.4242 3.46919e+22 0.00230008 -0.0225891 -90.902 315.217 150.981 
149 0.000296 0 29.4127 3.46785e+22 0.00229918 -0.00779303 -90.0614 315.354 150.988 
150 0.000298 0 29.4037 3.46679e+22 0.00229848 0.0122525 -89.1399 315.445 150.985 
151 0.0003 0 29.3884 3.46498e+22 0.00229728 0.00538428 -88.2339 315.556 150.959 
152 0.000302 0 29.3799 3.46398e+22 0.00229662 0.0153957 -87.3525 315.647 150.959 
153 0.000304 0 29.3707 3.46289e+22 0.0022959 -0.0266699 -86.4457 315.699 150.937 
154 0.000306 0 29.3636 3.46206e+22 0.00229534 0.0058704 -85.61 315.84 150.968 
155 0.000308 0 29.3584 3.46144e+22 0.00229493 -0.00320752 -84.6768 315.914 150.976 
156 0.00031 0 29.3472 3.46012e+22 0.00229406 0.0136092 -83.7935 316.019 150.969 
157 0.000312 0 29.3383 3.45907e+22 0.00229336 -0.0157331 -82.8524 316.112 150.967 
158 0.000314 0 29.3301 3.45811e+22 0.00229273 0.00613482 -81.983 316.21 150.973 
159 0.000316 0 29.3205 3.45697e+22 0.00229197 0.000573185 -81.068 316.286 150.959 
160 0.000318 0 29.3121 3.45599e+22 0.00229132 -0.00311244 -80.2013 316.387 150.964 
161 0.00032 0 29.3017 3.45476e+22 0.00229051 0.00768156 -79.3085 316.489 150.959 
162 0.000322 0 29.2926 3.45368e+22 0.00228979 -0.00459156 -78.4118 316.599 150.965 
163 0.000324 0 29.2894 3.4533e+22 0.00228954 -0.00668446 -77.5239 316.684 150.989 
164 0.000326 0 29.2804 3.45224e+22 0.00228884 0.00588736 -76.6307 316.784 150.99 
165 0.000328 0 29.2686 3.45085e+22 0.00228791 -0.011081 -75.7309 316.843 150.957 
166 0.00033 0 29.2617 3.45004e+22 0.00228738 0.0151712 -74.85 316.959 150.977 
167 0.000332 0 29.2531 3.44902e+22 0.0022867 0.00452556 -73.9662 317.032 150.967 
168 0.000334 0 29.249 3.44855e+22 0.00228639 -0.0103782 -73.0662 317.132 150.994 
169 0.000336 0 29.2362 3.44703e+22 0.00228538 0.00420244 -72.1833 317.205 150.962 
170 0.000338 0 29.2293 3.44622e+22 0.00228485 -0.00494708 -71.2624 317.261 150.954 
171 0.00034 0 29.2238 3.44557e+22 0.00228441 -0.00647344 -70.3561 317.386 150.985 
172 0.000342 0 29.2169 3.44475e+22 0.00228387 -0.0094813 -69.4931 317.455 150.982 
173 0.000344 0 29.2042 3.44325e+22 0.00228288 0.0306159 -68.5832 317.536 150.954 
174 0.000346 0 29.1961 3.44231e+22 0.00228225 0.00571636 -67.6961 317.674 150.978 
175 0.000348 0 29.1916 3.44178e+22 0.0022819 -0.0235318 -66.8006 317.691 150.963 
176 0.00035 0 29.1856 3.44106e+22 0.00228143 0.0118759 -65.919 317.784 150.976 
177 0.000352 0 29.1773 3.44009e+22 0.00228078 6.23654e-05 -65.0085 317.864 150.971 
178 0.000354 0 29.1726 3.43953e+22 0.00228041 -0.00982311 -64.1236 317.919 150.973 
179 0.000356 0 29.1657 3.43872e+22 0.00227987 0.000116716 -63.2358 318.014 150.982 
180 0.000358 0 29.1588 3.43791e+22 0.00227933 -0.0100016 -62.3725 318.067 150.972 
181 0.00036 0 29.1495 3.43681e+22 0.0022786 0.0134631 -61.4557 318.139 150.958 
182 0.000362 0 29.1442 3.43618e+22 0.00227819 0.00434018 -60.585 318.24 150.978 
183 0.000364 0 29.1356 3.43518e+22 0.00227752 0.00531168 -59.6755 318.294 150.96 
184 0.000366 0 29.13 3.43452e+22 0.00227708 -0.0125512 -58.7879 318.357 150.961 
185 0.000368 0 29.1219 3.43356e+22 0.00227645 -0.00950409 -57.9062 318.41 150.944 
186 0.00037 0 29.1177 3.43306e+22 0.00227612 0.000873611 -56.9874 318.454 150.942 
187 0.000372 0 29.1152 3.43276e+22 0.00227592 0.00409118 -56.1184 318.546 150.973 
188 0.000374 0 29.106 3.43168e+22 0.0022752 0.0045927 -55.2497 318.608 150.955 
189 0.000376 0 29.1015 3.43115e+22 0.00227485 0.00585989 -54.3823 318.654 150.953 
190 0.000378 0 29.0999 3.43096e+22 0.00227473 0.00287688 -53.4751 318.708 150.971 
191 0.00038 0 29.0926 3.4301e+22 0.00227416 -0.0160205 -52.6339 318.816 150.984 
192 0.000382 0 29.0815 3.4288e+22 0.00227329 0.0152274 -51.7538 318.852 150.943 
193 0.000384 0 29.0815 3.4288e+22 0.00227329 0.00675674 -50.8535 318.927 150.979 
194 0.000386 0 29.0715 3.42762e+22 0.00227251 -0.0063815 -49.9861 318.968 150.946 
195 0.000388 0 29.0695 3.42738e+22 0.00227235 -0.00317249 -49.077 319.029 150.965 
196 0.00039 0 29.0647 3.42681e+22 0.00227197 0.000634462 -48.2101 319.051 150.95 
197 0.000392 0 29.0579 3.42601e+22 0.00227144 0.00196258 -47.3216 319.13 150.952 
198 0.000394 0 29.0508 3.42518e+22 0.00227089 0.0049111 -46.4619 319.194 150.945 
199 0.000396 0 29.0488 3.42494e+22 0.00227073 -0.0174516 -45.5603 319.23 150.952 
200 0.000398 0 29.0439 3.42436e+22 0.00227035 -0.00621212 -44.6601 319.307 150.963 
201 0.0004 0 29.0403 3.42394e+22 0.00227007 0.0162704 -43.7882 319.336 150.958 
202 0.000402 0 29.0362 3.42346e+22 0.00226975 0.00972158 -42.8955 319.356 150.947 
203 0.000404 0 29.0365 3.42349e+22 0.00226977 -0.00739832 -41.9988 319.441 150.988 
204 0.000406 0 29.0309 3.42282e+22 0.00226933 0.00112668 -41.1054 319.484 150.979 
205 0.000408 0 29.0234 3.42195e+22 0.00226875 -0.0084236 -40.219 319.522 150.958 
206 0.00041 0 29.0223 3.42182e+22 0.00226866 -0.00407716 -39.3321 319.558 150.97 
207 0.000412 0 29.0141 3.42084e+22 0.00226802 0.00456043 -38.4392 319.61 150.951 
208 0.000414 0 29.0113 3.42052e+22 0.0022678 0.00740801 -37.5561 319.634 150.948 
209 0.000416 0 29.0104 3.42041e+22 0.00226773 0.0129085 -36.6651 319.714 150.981 
210 0.000418 0 29.0073 3.42005e+22 0.00226749 -0.0165749 -35.774 319.727 150.971 
211 0.00042 0 29.0018 3.4194e+22 0.00226706 -0.0145572 -34.9152 319.754 150.956 
212 0.000422 0 29.0007 3.41927e+22 0.00226698 0.00710211 -34.0421 319.816 150.979 
213 0.000424 0 28.9956 3.41866e+22 0.00226657 0.0102654 -33.1357 319.871 150.978 
214 0.000426 0 28.9929 3.41835e+22 0.00226636 0.000508533 -32.2815 319.924 150.989 
215 0.000428 0 28.9888 3.41787e+22 0.00226605 -0.00637089 -31.3893 319.937 150.975 
216 0.00043 0 28.9855 3.41748e+22 0.00226579 -0.00834912 -30.4532 319.952 150.964 
217 0.000432 0 28.9809 3.41694e+22 0.00226543 0.0112397 -29.5885 320.037 150.98 
218 0.000434 0 28.9803 3.41686e+22 0.00226538 0.00804072 -28.7241 320.048 150.982 
219 0.000436 0 28.976 3.41636e+22 0.00226505 -0.00287542 -27.8489 320.099 150.984 
220 0.000438 0 28.9735 3.41606e+22 0.00226485 -0.00668449 -26.9623 320.103 150.973 
221 0.00044 0 28.9698 3.41562e+22 0.00226456 -0.00888202 -26.0813 320.146 150.974 
222 0.000442 0 28.9644 3.41498e+22 0.00226413 0.0242745 -25.1906 320.169 150.956 
223 0.000444 0 28.9655 3.41512e+22 0.00226423 -0.01668 -24.2991 320.208 150.981 
224 0.000446 0 28.9644 3.41499e+22 0.00226414 -0.0118711 -23.4168 320.228 150.984 
225 0.000448 0 28.9599 3.41446e+22 0.00226379 0.0219729 -22.5414 320.256 150.974 
226 0.00045 0 28.9579 3.41423e+22 0.00226363 -0.00782078 -21.647 320.261 150.966 
227 0.000452 0 28.9606 3.41453e+22 0.00226384 -0.00443332 -20.7297 320.303 151 
228 0.000454 0 28.9526 3.41359e+22 0.00226321 -0.00129147 -19.8931 320.301 150.957 
229 0.000456 0 28.9524 3.41357e+22 0.0022632 0.00700172 -19.0002 320.357 150.982 
230 0.000458 0 28.9496 3.41324e+22 0.00226298 -0.00873598 -18.1396 320.345 150.962 
231 0.00046 0 28.9472 3.41295e+22 0.00226279 0.00837557 -17.2488 320.393 150.972 
232 0.000462 0 28.9466 3.41289e+22 0.00226274 -0.00561074 -16.3591 320.392 150.968 
233 0.000464 0 28.9434 3.41251e+22 0.0022625 0.00668044 -15.4744 320.431 150.97 
234 0.000466 0 28.941 3.41222e+22 0.0022623 0.00597212 -14.6132 320.46 150.971 
235 0.000468 0 28.9405 3.41217e+22 0.00226227 0.00593361 -13.7318 320.476 150.977 
236 0.00047 0 28.9393 3.41203e+22 0.00226217 -0.0319073 -12.8414 320.474 150.969 
237 0.000472 0 28.9374 3.41181e+22 0.00226203 0.00425421 -11.9272 320.515 150.979 
238 0.000474 0 28.9372 3.41178e+22 0.00226201 0.00954456 -11.1029 320.521 150.98 
239 0.000476 0 28.9345 3.41146e+22 0.0022618 0.0166859 -10.1883 320.52 150.966 
240 0.000478 0 28.9332 3.41131e+22 0.0022617 0.0041509 -9.28892 320.526 150.962 
241 0.00048 0 28.9334 3.41134e+22 0.00226172 -0.0252154 -8.39702 320.533 150.967 
242 0.000482 0 28.9342 3.41142e+22 0.00226177 -0.00661284 -7.55683 320.549 150.978 
243 0.000484 0 28.9288 3.41079e+22 0.00226135 0.0276605 -6.64195 320.584 150.966 
244 0.000486 0 28.9334 3.41133e+22 0.00226171 0.00054025 -5.74104 320.571 150.984 
245 0.000488 0 28.9321 3.41118e+22 0.00226161 -0.00716837 -4.88876 320.553 150.969 
246 0.00049 0 28.9301 3.41095e+22 0.00226146 -0.0406234 -3.99298 320.568 150.966 
247 0.000492 0 28.9335 3.41135e+22 0.00226172 0.0429769 -3.14971 320.581 150.99 
248 0.000494 0 28.9339 3.41139e+22 0.00226175 -0.0104403 -2.24522 320.569 150.985 
249 0.000496 0 28.9329 3.41127e+22 0.00226167 -0.000881495 -1.34466 320.585 150.988 
250 0.000498 0 28.9299 3.41092e+22 0.00226144 0.00206835 -0.474448 320.587 150.974 
251 0.0005 0 28.9325 3.41122e+22 0.00226164 -0.0123877 0.444765 320.55 150.969 
252 0.000502 0 28.9348 3.4115e+22 0.00226182 -0.00988183 1.31412 320.562 150.987 
253 0.000504 0 28.9367 3.41172e+22 0.00226197 0.0344797 2.16646 320.553 150.993 
254 0.000506 0 28.9321 3.41118e+22 0.00226161 -0.0126733 3.10646 320.563 150.974 
255 0.000508 0 28.9313 3.41108e+22 0.00226155 0.0047144 3.95483 320.591 150.983 
256 0.00051 0 28.9318 3.41114e+22 0.00226159 0.0168922 4.88829 320.586 150.983 
257 0.000512 0 28.9321 3.41118e+22 0.00226161 -0.0372335 5.77006 320.56 150.973 
258 0.000514 0 28.9333 3.41132e+22 0.00226171 0.028301 6.60528 320.544 150.971 
259 0.000516 0 28.9356 3.41159e+22 0.00226188 -0.00747994 7.50543 320.556 150.988 
260 0.000518 0 28.9351 3.41153e+22 0.00226184 -0.0237685 8.38387 320.529 150.973 
261 0.00052 0 28.9362 3.41166e+22 0.00226193 0.0117773 9.25265 320.564 150.995 
262 0.000522 0 28.9383 3.41191e+22 0.0022621 0.0124023 10.1487 320.548 150.999 
263 0.000524 0 28.9352 3.41154e+22 0.00226185 -0.00231209 11.015 320.521 150.97 
264 0.000526 0 28.9383 3.41191e+22 0.0022621 -0.000858238 11.8882 320.481 150.967 
265 0.000528 0 28.9395 3.41205e+22 0.00226219 -0.000957467 12.7713 320.498 150.982 
266 0.00053 0 28.9371 3.41177e+22 0.002262 0.00377284 13.6786 320.48 150.96 
267 0.000532 0 28.9399 3.4121e+22 0.00226222 -0.00515193 14.53 320.486 150.978 
268 0.000534 0 28.9454 3.41274e+22 0.00226265 0.00196932 15.4133 320.467 150.998 
269 0.000536 0 28.9455 3.41275e+22 0.00226266 0.00588386 16.3009 320.439 150.985 
270 0.000538 0 28.9475 3.413e+22 0.00226282 -0.00833218 17.1768 320.405 150.98 
271 0.00054 0 28.9516 3.41347e+22 0.00226313 -0.00194619 18.056 320.366 150.982 
272 0.000542 0 28.948 3.41306e+22 0.00226286 -0.0069244 18.9473 320.371 150.966 
273 0.000544 0 28.9515 3.41347e+22 0.00226313 0.0206636 19.8183 320.331 150.966 
274 0.000546 0 28.9568 3.41409e+22 0.00226354 -0.0104104 20.7351 320.316 150.986 
275 0.000548 0 28.9604 3.41451e+22 0.00226382 -0.0219419 21.6349 320.275 150.986 
276 0.00055 0 28.9621 3.41472e+22 0.00226396 0.0193702 22.4621 320.264 150.989 
277 0.000552 0 28.9634 3.41487e+22 0.00226406 0.00592973 23.3866 320.246 150.987 
278 0.000554 0 28.9701 3.41566e+22 0.00226458 -0.0113751 24.2324 320.204 151.003 
279 0.000556 0 28.966 3.41517e+22 0.00226426 0.0120624 25.1178 320.151 150.956 
280 0.000558 0 28.972 3.41589e+22 0.00226473 -0.00375117 25.9966 320.135 150.98 
281 0.00056 0 28.9741 3.41613e+22 0.00226489 0.00866348 26.8966 320.117 150.982 
282 0.000562 0 28.9787 3.41667e+22 0.00226525 -0.0111037 27.7555 320.091 150.994 
283 0.000564 0 28.9803 3.41686e+22 0.00226538 -0.00245004 28.6512 320.039 150.978 
284 0.000566 0 28.9827 3.41714e+22 0.00226556 0.00545164 29.5044 319.984 150.964 
285 0.000568 0 28.9841 3.41731e+22 0.00226568 -0.0124685 30.4144 319.957 150.959 
286 0.00057 0 28.9868 3.41763e+22 0.00226589 0.0223695 31.2545 319.918 150.955 
287 0.000572 0 28.9914 3.41817e+22 0.00226624 -0.00392495 32.205 319.903 150.971 
288 0.000574 0 28.9964 3.41876e+22 0.00226663 -0.00741471 33.0662 319.873 150.983 
289 0.000576 0 29.0019 3.41941e+22 0.00226707 0.00735286 33.961 319.804 150.98 
290 0.000578 0 29.0027 3.4195e+22 0.00226713 -0.0192189 34.8543 319.799 150.981 
291 0.00058 0 29.0083 3.42016e+22 0.00226757 0.0085225 35.7206 319.721 150.974 
292 0.000582 0 29.0099 3.42035e+22 0.00226769 0.00398414 36.6135 319.714 150.979 
293 0.000584 0 29.012 3.4206e+22 0.00226786 -0.000921664 37.4744 319.652 150.961 
294 0.000586 0 29.0182 3.42133e+22 0.00226834 0.00700941 38.3711 319.62 150.978 
295 0.000588 0 29.0242 3.42204e+22 0.00226881 0.00833476 39.2584 319.563 150.982 
296 0.00059 0 29.0257 3.42221e+22 0.00226893 -0.0206376 40.168 319.513 150.966 
297 0.000592 0 29.0275 3.42242e+22 0.00226907 0.00652167 41.0632 319.467 150.953 
298 0.000594 0 29.0333 3.42312e+22 0.00226953 0.00764515 41.8954 319.413 150.958 
299 0.000596 0 29.0363 3.42347e+22 0.00226976 -0.01288 42.8335 319.373 150.955 
300 0.000598 0 29.0406 3.42397e+22 0.00227009 0.00221872 43.6629 319.34 150.962 
301 0.0006 0 29.0467 3.42469e+22 0.00227057 0.00720683 44.5809 319.266 150.958 
302 0.000602 0 29.0529 3.42543e+22 0.00227106 -0.00806654 45.4525 319.204 150.961 
303 0.000604 0 29.0583 3.42606e+22 0.00227148 0.000781864 46.3317 319.198 150.987 
304 0.000606 0 29.062 3.42649e+22 0.00227176 0.00780654 47.2648 319.117 150.967 
305 0.000608 0 29.0684 3.42725e+22 0.00227227 -0.00937964 48.1147 319.071 150.979 
306 0.00061 0 29.0723 3.42771e+22 0.00227257 0.0180437 48.9985 319.002 150.966 
307 0.000612 0 29.0758 3.42812e+22 0.00227284 -0.0166572 49.8927 318.929 150.95 
308 0.000614 0 29.0819 3.42884e+22 0.00227332 -0.00880256 50.8057 318.898 150.967 
309 0.000616 0 29.0896 3.42974e+22 0.00227392 0.0188866 51.6665 318.849 150.983 
310 0.000618 0 29.0923 3.43007e+22 0.00227414 -0.00756262 52.5921 318.752 150.952 
311 0.00062 0 29.1047 3.43153e+22 0.0022751 0.0132548 53.4447 318.673 150.979 
312 0.000622 0 29.1079 3.43191e+22 0.00227535 -0.0123187 54.3094 318.611 150.966 
313 0.000624 0 29.1103 3.43219e+22 0.00227554 0.00501322 55.2261 318.578 150.963 
314 0.000626 0 29.1195 3.43327e+22 0.00227626 -0.011084 56.1208 318.513 150.98 
315 0.000628 0 29.1255 3.43398e+22 0.00227673 0.0149806 56.9998 318.448 150.98 
316 0.00063 0 29.1303 3.43454e+22 0.0022771 0.00798251 57.8752 318.368 150.967 
317 0.000632 0 29.1365 3.43527e+22 0.00227759 -0.0255221 58.781 318.328 150.98 
318 0.000634 0 29.1406 3.43576e+22 0.00227791 -0.0026167 59.6479 318.243 150.961 
319 0.000636 0 29.1463 3.43644e+22 0.00227836 0.0143329 60.5584 318.198 150.969 
320 0.000638 0 29.1529 3.43721e+22 0.00227887 0.0189519 61.4253 318.13 150.971 
321 0.00064 0 29.1611 3.43818e+22 0.00227951 -0.0374838 62.3196 318.052 150.976 
322 0.000642 0 29.1649 3.43862e+22 0.00227981 0.00231859 63.1854 317.958 150.951 
323 0.000644 0 29.1711 3.43935e+22 0.00228029 0.0392761 64.0706 317.893 150.953 
324 0.000646 0 29.1795 3.44034e+22 0.00228095 -0.0137093 64.9739 317.799 150.952 
325 0.000648 0 29.1864 3.44116e+22 0.00228149 -0.0250701 65.8391 317.736 150.958 
326 0.00065 0 29.1943 3.4421e+22 0.00228211 0.010937 66.7874 317.656 150.96 
327 0.000652 0 29.1997 3.44273e+22 0.00228253 -0.00369368 67.659 317.585 150.954 
328 0.000654 0 29.2108 3.44404e+22 0.0022834 -0.0124317 68.5385 317.481 150.963 
329 0.000656 0 29.2153 3.44457e+22 0.00228375 0.012747 69.4534 317.4 150.947 
330 0.000658 0 29.2239 3.44558e+22 0.00228442 0.00547933 70.3376 317.327 150.957 
331 0.00066 0 29.2305 3.44636e+22 0.00228494 0.0199756 71.2452 317.229 150.945 
332 0.000662 0 29.241 3.4476e+22 0.00228576 -0.0236145 72.099 317.182 150.976 
333 0.000664 0 29.2465 3.44825e+22 0.00228619 -0.0256537 72.9763 317.136 150.983 
334 0.000666 0 29.2566 3.44944e+22 0.00228698 0.0285296 73.8694 317.016 150.978 
335 0.000668 0 29.263 3.45019e+22 0.00228748 0.00482817 74.784 316.932 150.971 
336 0.00067 0 29.2699 3.45101e+22 0.00228802 0.00492148 75.6594 316.851 150.968 
337 0.000672 0 29.2782 3.45198e+22 0.00228867 -0.0233609 76.5511 316.753 150.964 
338 0.000674 0 29.2835 3.45262e+22 0.00228908 0.00409746 77.4594 316.673 150.953 
339 0.000676 0 29.2906 3.45345e+22 0.00228964 -0.00776377 78.3884 316.608 150.959 
340 0.000678 0 29.3041 3.45504e+22 0.00229069 0.0294414 79.2459 316.521 150.987 
341 0.00068 0 29.3096 3.45568e+22 0.00229112 0.000150743 80.1713 316.419 150.966 
342 0.000682 0 29.3165 3.4565e+22 0.00229166 -0.0256395 81.0679 316.307 150.949 
343 0.000684 0 29.326 3.45762e+22 0.00229241 0.0133595 81.9593 316.227 150.959 
344 0.000686 0 29.3351 3.45869e+22 0.00229311 0.0188203 82.8099 316.094 150.943 
345 0.000688 0 29.3455 3.45992e+22 0.00229393 -0.0338912 83.7295 315.996 150.949 
346 0.00069 0 29.3537 3.46088e+22 0.00229456 0.00751315 84.6196 315.953 150.971 
347 0.000692 0 29.361 3.46175e+22 0.00229514 -0.0116378 85.5345 315.842 150.955 
348 0.000694 0 29.3703 3.46284e+22 0.00229587 -0.00579475 86.4347 315.752 150.96 
349 0.000696 0 29.3813 3.46414e+22 0.00229672 0.040829 87.2936 315.69 150.987 
350 0.000698 0 29.3889 3.46504e+22 0.00229732 -0.00824658 88.2006 315.548 150.958 
351 0.0007 0 29.4014 3.46651e+22 0.0022983 -0.0207965 89.0844 315.461 150.981 
352 0.000702 0 29.4093 3.46744e+22 0.00229892 0.00682861 89.9873 315.325 150.956 
353 0.000704 0 29.424 3.46918e+22 0.00230006 0.0125923 90.8836 315.259 151 
354 0.000706 0 29.4322 3.47015e+22 0.00230071 -0.00792722 91.7884 315.09 150.961 
355 0.000708 0 29.4448 3.47163e+22 0.00230169 0.00310217 92.648 315.015 150.99 
356 0.00071 0 29.4533 3.47263e+22 0.00230235 -0.0103557 93.5583 314.876 150.966 
357 0.000712 0 29.4622 3.47368e+22 0.00230305 0.00146579 94.4551 314.766 150.96 
358 0.000714 0 29.4751 3.4752e+22 0.00230406 0.0144891 95.3771 314.675 150.982 
359 0.000716 0 29.482 3.47602e+22 0.0023046 0.00895873 96.2574 314.546 150.955 
360 0.000718 0 29.4921 3.4772e+22 0.00230539 -0.0164133 97.1066 314.493 150.982 
361 0.00072 0 29.504 3.4786e+22 0.00230631 -0.00574584 98.0146 314.312 150.956 
362 0.000722 0 29.517 3.48014e+22 0.00230733 0.0115636 98.9163 314.207 150.972 
363 0.000724 0 29.5287 3.48152e+22 0.00230825 -0.00410684 99.8265 314.085 150.973 
364 0.000726 0 29.5378 3.48259e+22 0.00230896 -0.0209012 100.713 313.997 150.977 
365 0.000728 0 29.551 3.48415e+22 0.00230999 0.0301875 101.614 313.844 150.971 
366 0.00073 0 29.565 3.4858e+22 0.00231108 -0.000431518 102.52 313.751 150.998 
367 0.000732 0 29.5762 3.48712e+22 0.00231196 -0.0129578 103.422 313.603 150.984 
368 0.000734 0 29.5825 3.48786e+22 0.00231245 0.00517028 104.317 313.477 150.955 
369 0.000736 0 29.598 3.48969e+22 0.00231366 -0.00525349 105.222 313.369 150.982 
370 0.000738 0 29.6088 3.49096e+22 0.00231451 -0.0108505 106.112 313.226 150.968 
371 0.00074 0 29.6194 3.49221e+22 0.00231534 0.0121384 107.031 313.083 150.954 
372 0.000742 0 29.6304 3.49352e+22 0.0023162 0.00257355 107.928 312.98 150.96 
373 0.000744 0 29.6457 3.49531e+22 0.00231739 0.0189113 108.807 312.846 150.973 
374 0.000746 0 29.6558 3.4965e+22 0.00231818 -0.017113 109.73 312.739 150.973 
375 0.000748 0 29.6655 3.49765e+22 0.00231894 -0.0165161 110.605 312.598 150.955 
376 0.00075 0 29.6761 3.4989e+22 0.00231977 -0.00341558 111.503 312.443 150.933 
377 0.000752 0 29.693 3.50089e+22 0.00232109 0.0008231 112.419 312.334 150.967 
378 0.000754 0 29.7056 3.50238e+22 0.00232208 0.00385372 113.339 312.189 150.961 
379 0.000756 0 29.7164 3.50365e+22 0.00232292 0.0214762 114.244 312.093 150.969 
380 0.000758 0 29.7284 3.50507e+22 0.00232386 -0.00961822 115.125 311.907 150.94 
381 0.00076 0 29.7404 3.50648e+22 0.0023248 0.00604012 116.037 311.794 150.946 
382 0.000762 0 29.7568 3.50841e+22 0.00232608 -0.0134245 116.934 311.652 150.961 
383 0.000764 0 29.7642 3.50929e+22 0.00232666 0.0007345 117.827 311.508 150.928 
384 0.000766 0 29.7793 3.51107e+22 0.00232784 0.00799096 118.757 311.361 150.934 
385 0.000768 0 29.7947 3.51289e+22 0.00232904 0.000311345 119.656 311.224 150.945 
386 0.00077 0 29.8074 3.51437e+22 0.00233003 -0.00963127 120.534 311.094 150.946 
387 0.000772 0 29.8203 3.5159e+22 0.00233104 0.0145113 121.474 310.92 150.928 
388 0.000774 0 29.8351 3.51764e+22 0.0023322 -0.0137159 122.371 310.805 150.946 
389 0.000776 0 29.8473 3.51908e+22 0.00233315 0.00768168 123.234 310.669 150.942 
390 0.000778 0 29.8634 3.52099e+22 0.00233441 0.00333442 124.211 310.552 150.967 
391 0.00078 0 29.8753 3.52238e+22 0.00233534 -0.0217487 125.092 310.402 150.954 
392 0.000782 0 29.8907 3.52421e+22 0.00233655 0.00635672 126.004 310.254 150.96 
393 0.000784 0 29.9039 3.52576e+22 0.00233758 0.0288741 126.915 310.108 150.956 
394 0.000786 0 29.9207 3.52773e+22 0.00233889 -0.0230035 127.811 309.921 150.949 
395 0.000788 0 29.9386 3.52985e+22 0.00234029 -0.00247195 128.73 309.766 150.964 
396 0.00079 0 29.9549 3.53177e+22 0.00234156 0.0187636 129.668 309.612 150.971 
397 0.000792 0 29.9665 3.53314e+22 0.00234247 -0.0153717 130.533 309.472 150.961 
398 0.000794 0 29.9797 3.53469e+22 0.0023435 0.0108936 131.479 309.3 150.944 
399 0.000796 0 29.9952 3.53652e+22 0.00234471 -0.0182226 132.357 309.157 150.952 
400 0.000798 0 30.0069 3.53791e+22 0.00234563 0.00471445 133.286 309 150.934 
401 0.0008 0 30.0247 3.54e+22 0.00234702 -0.000759848 134.194 308.829 150.94 
402 0.000802 0 30.0409 3.54191e+22 0.00234829 0.010287 135.09 308.681 150.949 
403 0.000804 0 30.0554 3.54362e+22 0.00234942 0.0060134 136.004 308.511 150.939 
404 0.000806 0 30.0757 3.54601e+22 0.00235101 -0.0246052 136.946 308.35 150.962 
405 0.000808 0 30.0902 3.54773e+22 0.00235214 0.0265553 137.864 308.153 150.939 
406 0.00081 0 30.109 3.54993e+22 0.00235361 -0.019116 138.751 308.037 150.976 
407 0.000812 0 30.1278 3.55215e+22 0.00235508 -0.00373169 139.693 307.854 150.98 
408 0.000814 0 30.1396 3.55355e+22 0.00235601 0.00617595 140.581 307.68 150.954 
409 0.000816 0 30.1564 3.55552e+22 0.00235731 0.0177042 141.499 307.534 150.966 
410 0.000818 0 30.1756 3.55779e+22 0.00235881 -0.0124539 142.412 307.318 150.957 
411 0.00082 0 30.1914 3.55966e+22 0.00236005 0.0173577 143.342 307.179 150.967 
412 0.000822 0 30.2032 3.56105e+22 0.00236097 -0.0156228 144.225 306.987 150.932 
413 0.000824 0 30.2218 3.56324e+22 0.00236243 -0.0211286 145.142 306.809 150.937 
414 0.000826 0 30.2367 3.56499e+22 0.00236359 0.0188054 146.049 306.643 150.93 
415 0.000828 0 30.2559 3.56726e+22 0.00236509 -0.000310484 146.994 306.437 150.924 
416 0.00083 0 30.2719 3.56914e+22 0.00236634 0.00406565 147.899 306.285 150.929 
417 0.000832 0 30.2919 3.57151e+22 0.00236791 0.00472335 148.804 306.092 150.934 
418 0.000834 0 30.3067 3.57324e+22 0.00236906 -0.0243902 149.737 305.928 150.926 
419 0.000836 0 30.3276 3.57572e+22 0.0023707 0.00931868 150.651 305.753 150.944 
420 0.000838 0 30.3478 3.5781e+22 0.00237228 0.0103502 151.592 305.549 150.944 
421 0.00084 0 30.3634 3.57994e+22 0.0023735 0.00660982 152.549 305.367 150.932 
422 0.000842 0 30.3844 3.58241e+22 0.00237514 -0.0103021 153.453 305.164 150.936 
423 0.000844 0 30.3991 3.58415e+22 0.00237629 -0.00884052 154.358 304.978 150.917 
424 0.000846 0 30.4165 3.58619e+22 0.00237765 0.0162657 155.292 304.812 150.921 
425 0.000848 0 30.4399 3.58895e+22 0.00237948 -0.00265173 156.221 304.623 150.943 
426 0.00085 0 30.4578 3.59107e+22 0.00238088 -0.0235211 157.152 304.403 150.923 
427 0.000852 0 30.4774 3.59337e+22 0.00238241 0.0127518 158.088 304.209 150.924 
428 0.000854 0 30.4942 3.59535e+22 0.00238372 0.0115087 158.967 304.015 150.911 
429 0.000856 0 30.5137 3.59766e+22 0.00238525 0.00175236 159.898 303.804 150.902 
430 0.000858 0 30.5353 3.6002e+22 0.00238694 -0.0196305 160.837 303.653 150.934 
431 0.00086 0 30.5541 3.60242e+22 0.0023884 0.0201434 161.746 303.425 150.914 
432 0.000862 0 30.5748 3.60485e+22 0.00239002 -0.00711369 162.684 303.225 150.916 
433 0.000864 0 30.5931 3.60701e+22 0.00239145 0.000648705 163.618 303.038 150.913 
434 0.000866 0 30.6137 3.60944e+22 0.00239306 0.00787953 164.516 302.816 150.905 
435 0.000868 0 30.6333 3.61176e+22 0.00239459 -0.0255821 165.434 302.609 150.898 
436 0.00087 0 30.6564 3.61448e+22 0.0023964 0.0145816 166.373 302.42 150.917 
437 0.000872 0 30.6743 3.61658e+22 0.0023978 -0.0138881 167.312 302.181 150.886 
438 0.000874 0 30.6994 3.61955e+22 0.00239976 0.00586148 168.242 301.999 150.919 
439 0.000876 0 30.7178 3.62172e+22 0.0024012 0.0167421 169.183 301.763 150.891 
440 0.000878 0 30.7378 3.62408e+22 0.00240276 -0.0102467 170.112 301.564 150.89 
441 0.00088 0 30.7602 3.62672e+22 0.00240451 0.0100391 171.053 301.354 150.895 
442 0.000882 0 30.7848 3.62961e+22 0.00240643 -0.00918782 172.009 301.118 150.897 
443 0.000884 0 30.8035 3.63182e+22 0.0024079 -0.00167727 172.93 300.889 150.874 
444 0.000886 0 30.8272 3.63462e+22 0.00240975 0.00699208 173.856 300.691 150.89 
445 0.000888 0 30.8504 3.63735e+22 0.00241157 -0.0113245 174.794 300.434 150.875 
446 0.00089 0 30.8731 3.64003e+22 0.00241334 0.0117934 175.722 300.207 150.872 
447 0.000892 0 30.895 3.64262e+22 0.00241505 0.000999595 176.654 300.018 150.884 
448 0.000894 0 30.9139 3.64484e+22 0.00241653 -0.0206836 177.59 299.789 150.861 
449 0.000896 0 30.9373 3.6476e+22 0.00241836 0.0203712 178.526 299.579 150.869 
450 0.000898 0 30.9638 3.65072e+22 0.00242043 -0.0194291 179.49 299.35 150.884 
451 0.0009 0 30.9853 3.65326e+22 0.00242211 0.0100949 180.421 299.088 150.856 
452 0.000902 0 31.0091 3.65606e+22 0.00242397 0.009234 181.387 298.843 150.848 
453 0.000904 0 31.0339 3.65899e+22 0.00242591 -0.0103718 182.32 298.637 150.865 
454 0.000906 0 31.059 3.66195e+22 0.00242787 -0.00493188 183.276 298.401 150.867 
455 0.000908 0 31.0829 3.66476e+22 0.00242974 0.0126857 184.235 298.152 150.857 
456 0.00091 0 31.1049 3.66736e+22 0.00243146 -0.000509978 185.19 297.896 150.835 
457 0.000912 0 31.1337 3.67075e+22 0.00243371 -0.0175358 186.154 297.647 150.848 
458 0.000914 0 31.1586 3.67369e+22 0.00243566 0.0130082 187.085 297.435 150.861 
459 0.000916 0 31.1846 3.67676e+22 0.00243769 0.00796293 188.043 297.159 150.847 
460 0.000918 0 31.2099 3.67974e+22 0.00243967 -0.0132041 189.021 296.922 150.849 
461 0.00092 0 31.2368 3.6829e+22 0.00244177 -0.00429389 189.975 296.642 150.836 
462 0.000922 0 31.2602 3.68566e+22 0.0024436 0.00622029 190.927 296.41 150.831 
463 0.000924 0 31.2849 3.68858e+22 0.00244553 -0.000400554 191.875 296.152 150.819 
464 0.000926 0 31.312 3.69178e+22 0.00244765 0.0018319 192.861 295.913 150.828 
465 0.000928 0 31.3337 3.69433e+22 0.00244934 -0.0141189 193.805 295.62 150.783 
466 0.00093 0 31.365 3.69802e+22 0.00245179 0.00539552 194.776 295.362 150.802 
467 0.000932 0 31.3895 3.70092e+22 0.00245371 0.00723039 195.76 295.105 150.789 
468 0.000934 0 31.4187 3.70436e+22 0.00245599 0.00648684 196.709 294.834 150.79 
469 0.000936 0 31.4434 3.70727e+22 0.00245792 -0.0163967 197.668 294.555 150.766 
470 0.000938 0 31.4712 3.71055e+22 0.0024601 0.00749712 198.687 294.29 150.764 
471 0.00094 0 31.4986 3.71378e+22 0.00246223 0.0158884 199.649 294.025 150.759 
472 0.000942 0 31.5262 3.71703e+22 0.00246439 -0.0179389 200.648 293.71 150.73 
473 0.000944 0 31.5579 3.72077e+22 0.00246687 -0.00418719 201.6 293.463 150.754 
474 0.000946 0 31.5844 3.72389e+22 0.00246894 -0.0047649 202.603 293.177 150.734 
475 0.000948 0 31.6107 3.727e+22 0.002471 0.0125038 203.568 292.874 150.703 
476 0.00095 0 31.6426 3.73075e+22 0.00247349 -0.00217484 204.563 292.587 150.707 
477 0.000952 0 31.6694 3.73391e+22 0.00247558 0.00562008 205.575 292.32 150.698 
478 0.000954 0 31.702 3.73776e+22 0.00247814 -0.000806057 206.576 291.986 150.681 
479 0.000956 0 31.7341 3.74154e+22 0.00248064 -0.0084261 207.586 291.68 150.675 
480 0.000958 0 31.7637 3.74504e+22 0.00248296 -0.0135576 208.594 291.409 150.675 
481 0.00096 0 31.7987 3.74916e+22 0.00248569 0.00901778 209.593 291.062 150.661 
482 0.000962 0 31.8299 3.75284e+22 0.00248813 0.0111508 210.606 290.746 150.646 
483 0.000964 0 31.8616 3.75658e+22 0.00249061 -0.0125567 211.655 290.407 150.62 
484 0.000966 0 31.8949 3.76051e+22 0.00249322 -0.00333499 212.705 290.068 150.601 
485 0.000968 0 31.9241 3.76395e+22 0.0024955 0.0146863 213.747 289.745 150.572 
486 0.00097 0 31.9579 3.76792e+22 0.00249813 -0.0238686 214.804 289.393 150.548 
487 0.000972 0 31.9934 3.77211e+22 0.00250091 0.00693323 215.875 289.055 150.539 
488 0.000974 0 32.0277 3.77616e+22 0.00250359 0.0129158 216.94 288.7 150.515 
489 0.000976 0 32.0638 3.78041e+22 0.00250642 -0.0152004 218.048 288.338 150.496 
490 0.000978 0 32.0989 3.78456e+22 0.00250916 -0.000577812 219.131 287.951 150.458 
491 0.00098 0 32.1368 3.78903e+22 0.00251212 -0.00513186 220.256 287.603 150.454 
492 0.000982 0 32.1812 3.79425e+22 0.00251559 -0.00173067 221.397 287.175 150.438 
493 0.000984 0 32.2168 3.79845e+22 0.00251837 0.0103473 222.515 286.768 150.391 
494 0.000986 0 32.2582 3.80334e+22 0.00252161 -0.000912083 223.718 286.374 150.377 
495 0.000988 0 32.2998 3.80824e+22 0.00252486 0.00177834 224.96 285.922 150.333 
496 0.00099 0 32.3438 3.81343e+22 0.0025283 -0.0178326 226.222 285.457 150.293 
497 0.000992 0 32.3933 3.81927e+22 0.00253217 0.0221709 227.567 284.954 150.258 
498 0.000994 0 32.445 3.82536e+22 0.00253621 0.000597439 228.997 284.416 150.213 
499 0.000996 0 32.5057 3.83252e+22 0.00254096 -0.0398786 230.522 283.81 150.174 
500 0.000998 0 32.58 3.84128e+22 0.00254677 -0.0164841 232.217 283.111 150.147 
